#"Step","Time (ps)","Potential Energy (kJ/mole)","Total Energy (kJ/mole)","Temperature (K)","Speed (ns/day)"
500,1.0000000000000007,-2985231.602939382,-2386140.308034349,300.8230338467569,0
1000,2.0000000000000013,-2995660.9322779886,-2397725.507118534,300.2426344209036,10.5
1500,2.999999999999891,-2997313.6741221733,-2399740.361242905,300.06080618262797,10.7
2000,3.999999999999781,-3001733.8756344803,-2404190.8361408394,300.04560494070245,10.7
2500,4.999999999999671,-3005448.10102237,-2407212.6705594123,300.39327674593386,10.7
3000,5.999999999999561,-3007154.162687756,-2409816.110282842,299.94267432152196,10.7
3500,6.999999999999451,-3008525.3842017427,-2409474.9425056735,300.80252013479424,10.7
4000,7.999999999999341,-3010274.181939341,-2414809.3018588475,299.0020941689774,10.7
4500,8.999999999999675,-3010638.8036589697,-2415474.7838554457,298.8510225342339,10.6
5000,10.000000000000009,-3013348.936987065,-2415390.48234379,300.2541982664302,10.6
5500,11.000000000000343,-3011903.9021290503,-2414869.541104278,299.7901810986955,10.6
6000,12.000000000000677,-3013240.004921846,-2414954.745780904,300.4182973299605,10.6
6500,13.00000000000101,-3013004.1629971527,-2415835.8153329985,299.8574601055791,10.6
7000,14.000000000001345,-3011976.026555393,-2413570.4027082017,300.4787363255023,10.5
7500,15.000000000001679,-3012688.798347734,-2414526.574080821,300.35651755717925,10.6
8000,16.00000000000201,-3012221.2753603794,-2414179.6301875077,300.29597091062226,10.5
8500,17.000000000001457,-3014613.1665785164,-2416450.775617758,300.35660125952774,10.5
9000,18.000000000000902,-3015942.090396695,-2417947.4099872853,300.2723883903142,10.5
9500,19.000000000000348,-3015205.170617059,-2417572.3218058217,300.09070109151764,10.5
10000,19.999999999999794,-3017548.835600119,-2419105.0586814433,300.49789421147426,10.5
10500,20.99999999999924,-3019090.543828588,-2424488.478599462,298.56884704379985,10.5
11000,21.999999999998685,-3013945.917944491,-2418410.1468096543,299.03769085052073,10.5
11500,22.99999999999813,-3019350.0466304496,-2421053.6847774433,300.42387235926816,10.5
12000,23.999999999997577,-3019688.188285861,-2421188.489020684,300.5259746227197,10.5
12500,24.999999999997023,-3018766.8892644495,-2421215.8428111826,300.0496254930074,10.5
13000,25.99999999999647,-3018533.4161477014,-2422307.8514769957,299.38405840076337,10.5
13500,26.999999999995914,-3018641.6843854114,-2422104.700452281,299.54043204217254,10.5
14000,27.99999999999536,-3020174.7930941433,-2422061.0988067063,300.3321490915005,10.5
14500,28.999999999994806,-3016528.675297804,-2419416.064975319,299.8294725912186,10.4
15000,29.99999999999425,-3018151.8455842026,-2418381.507011344,301.1640035420384,10.5
15500,30.999999999993697,-3018995.706543524,-2420150.913318497,300.69925741425226,10.4
16000,31.999999999993143,-3019946.8353128284,-2421419.043932616,300.5400805784296,10.4
16500,32.999999999994365,-3019910.0872324035,-2424191.4917491125,299.1294928440246,10.4
17000,33.99999999999559,-3020057.6282780357,-2423503.471723397,299.5490549685033,10.4
17500,34.99999999999681,-3018636.447515618,-2420083.5197809995,300.5527023515324,10.4
18000,35.99999999999803,-3023108.0540406182,-2422645.245661835,301.51171493366945,10.4
18500,36.999999999999254,-3021642.033581361,-2424659.3669550726,299.76422367631767,10.4
19000,38.000000000000476,-3021031.0508421957,-2422434.907917112,300.5744020904779,10.4
19500,39.0000000000017,-3020804.118542034,-2422831.251588477,300.26143515159424,10.4
20000,40.00000000000292,-3018720.9346368685,-2422392.9900523582,299.4354666527903,10.4
20500,41.00000000000414,-3022502.9127868265,-2425723.646004197,299.6620900640054,10.4
21000,42.000000000005365,-3022791.882846959,-2425350.388485467,299.9946158594301,10.4
21500,43.00000000000659,-3020708.5125624463,-2423571.8742302964,299.8415378287311,10.4
22000,44.00000000000781,-3021911.6388858557,-2425302.5162839536,299.576655191102,10.4
22500,45.00000000000903,-3020793.213143021,-2423898.5075406292,299.7200556132963,10.4
23000,46.00000000001025,-3021643.0077663884,-2425086.1812519925,299.55039564128765,10.4
23500,47.000000000011475,-3017649.224149663,-2419747.474672087,300.22572477645406,10.4
24000,48.0000000000127,-3020456.3455131687,-2422217.4339236002,300.39502473172024,10.4
24500,49.00000000001392,-3022327.7327796817,-2424201.8649029788,300.33826184274045,10.4
25000,50.00000000001514,-3023625.4578416646,-2426314.641873293,299.92899802954184,10.4
25500,51.000000000016364,-3020865.238378525,-2424574.4100014605,299.4168294096462,10.4
26000,52.000000000017586,-3025267.7064466886,-2428132.535575223,299.8408009694596,10.4
26500,53.00000000001881,-3022593.093782317,-2425249.4313668804,299.94549128848445,10.4
27000,54.00000000002003,-3020676.0167446434,-2423266.537014041,299.97854028217915,10.4
27500,55.00000000002125,-3020332.0755719393,-2423017.364249711,299.9309540121694,10.4
28000,56.000000000022474,-3021227.955151271,-2423014.644140158,300.38216985677116,10.4
28500,57.0000000000237,-3023740.030640807,-2427609.4688937883,299.3363543730619,10.4
29000,58.00000000002492,-3020182.0230518878,-2421783.1521140477,300.47534547222904,10.4
29500,59.00000000002614,-3023460.786831245,-2427541.353844682,299.230339822704,10.4
30000,60.00000000002736,-3022109.394972082,-2426783.516089739,298.9322971906346,10.4
30500,61.000000000028585,-3020434.852603283,-2421135.881295458,300.92731485714285,10.4
31000,62.00000000002981,-3023188.705308836,-2425553.15537808,300.09205741062186,10.4
31500,63.00000000003103,-3020858.4633684494,-2421204.547617643,301.1055438935063,10.4
32000,64.00000000003224,-3021923.1644130573,-2425951.867077542,299.25638258268583,10.4
32500,65.00000000002991,-3022672.1352205873,-2426643.6128241494,299.285117128798,10.4
33000,66.00000000002758,-3022582.2568277307,-2424047.393228855,300.5436317671921,10.4
33500,67.00000000002525,-3022303.084639501,-2425088.6897049006,299.8805819230946,10.4
34000,68.00000000002292,-3023508.2864267267,-2426032.2138729542,300.0119786834192,10.4
34500,69.00000000002059,-3023326.141616825,-2426104.060723139,299.8844412906899,10.4
35000,70.00000000001826,-3023681.924551267,-2427280.1200298737,299.4725541058746,10.4
35500,71.00000000001593,-3022712.3669894636,-2426166.8183726296,299.54473264569936,10.4
36000,72.0000000000136,-3022628.743906684,-2425155.063347111,300.010777586094,10.4
36500,73.00000000001127,-3024568.6307677366,-2428610.9515493643,299.2495444874757,10.4
37000,74.00000000000894,-3024494.102657784,-2427488.220480479,299.77588095217624,10.4
37500,75.00000000000661,-3024309.0468545333,-2427542.9557099817,299.6554741517843,10.3
38000,76.00000000000428,-3019503.3960442916,-2421550.318724677,300.2514981390353,10.3
38500,77.00000000000195,-3021630.446709279,-2423699.7720574243,300.24024903803996,10.3
39000,77.99999999999962,-3024788.6412824616,-2426037.379201675,300.65229241441233,10.3
39500,78.99999999999729,-3025454.304839108,-2427585.7769071674,300.2090431684385,10.3
40000,79.99999999999496,-3026349.311296981,-2428598.272353285,300.1500481635237,10.3
40500,80.99999999999262,-3025477.5497433357,-2427495.3036828088,300.26614470327235,10.3
41000,81.9999999999903,-3025875.025220532,-2428896.333216036,299.7622278907067,10.3
41500,82.99999999998796,-3024899.219886303,-2429312.3965121983,299.0633258240745,10.3
42000,83.99999999998563,-3025729.5845465995,-2429951.533598145,299.1593473479397,10.3
42500,84.9999999999833,-3024116.7666477934,-2428170.1549720615,299.24398711786824,10.3
43000,85.99999999998097,-3024452.797010105,-2426488.7495764643,300.25700658659764,10.3
43500,86.99999999997864,-3027285.454045076,-2431101.871863621,299.36297764079876,10.3
44000,87.99999999997631,-3026006.479287427,-2431102.7835714896,298.7203054257108,10.3
44500,88.99999999997398,-3027028.0268267505,-2428921.225656638,300.3286878352881,10.3
45000,89.99999999997165,-3024915.8871987835,-2427447.3940693196,300.00817281036683,10.2
45500,90.99999999996932,-3027254.7099453993,-2428076.6474947603,300.86660262589055,10.2
46000,91.99999999996699,-3022823.8926452585,-2423148.7351345997,301.11621006525263,10.2
46500,92.99999999996466,-3025078.9323828295,-2426277.7358491975,300.6773661114033,10.2
47000,93.99999999996233,-3024661.0861071236,-2426238.8159000804,300.4870949989063,10.2
47500,94.99999999996,-3024434.5794047005,-2427015.466156787,299.9833775814838,10.2
48000,95.99999999995767,-3022557.8937019333,-2426176.0651572086,299.4625235246315,10.2
48500,96.99999999995534,-3023223.9447973967,-2424817.5839428613,300.4791064006263,10.2
49000,97.999999999953,-3027964.282865472,-2430334.426446256,300.08919851510905,10.2
49500,98.99999999995067,-3024165.240321204,-2424309.070792635,301.20710202922123,10.2
50000,99.99999999994834,-3025031.3175320625,-2429989.2236547437,298.7897995998704,10.2
50500,100.99999999994601,-3025755.761758197,-2428647.016099971,299.82753201882673,10.2
51000,101.99999999994368,-3025585.869675033,-2426814.4599355697,300.6624092027206,10.2
51500,102.99999999994135,-3023045.0954747275,-2425561.953754032,300.0155283398049,10.2
52000,103.99999999993902,-3022703.6871061474,-2426495.7491391897,299.37520746511575,10.2
52500,104.99999999993669,-3026370.422266435,-2429000.753744213,299.95854979226914,10.2
53000,105.99999999993436,-3024774.7378855124,-2427080.0100431857,300.12177254593894,10.2
53500,106.99999999993203,-3026110.446304001,-2428072.308082251,300.2942099575173,10.2
54000,107.9999999999297,-3024229.460368406,-2425919.308096108,300.4307969729367,10.2
54500,108.99999999992737,-3027023.5717372596,-2430286.2753247665,299.6410153894382,10.2
55000,109.99999999992504,-3023886.6685477532,-2427198.8685868504,299.6161616269839,10.2
55500,110.99999999992271,-3026256.832424253,-2427876.0765884174,300.4662492960875,10.2
56000,111.99999999992038,-3023646.524159018,-2426295.1022613808,299.94938757440383,10.2
56500,112.99999999991805,-3026294.068926245,-2429814.6873773667,299.5115080298647,10.2
57000,113.99999999991572,-3026828.8992598876,-2429281.8366088117,300.0476250976227,10.2
57500,114.99999999991338,-3023960.104640037,-2427011.09694719,299.7473224417979,10.2
58000,115.99999999991105,-3024795.817019429,-2426563.7117293905,300.3916070695187,10.2
58500,116.99999999990872,-3025505.532931637,-2427461.4015535805,300.29721931431783,10.2
59000,117.9999999999064,-3027386.814205572,-2430218.29950149,299.8575439817067,10.2
59500,118.99999999990406,-3025605.2229435705,-2427836.7927964926,300.15878084685284,10.2
60000,119.99999999990173,-3021681.7796366476,-2423312.1644232124,300.4606552307788,10.2
60500,120.9999999998994,-3028534.0212273113,-2432371.501026078,299.35240174219524,10.2
61000,121.99999999989707,-3026127.952995062,-2428295.725307243,300.19081564675884,10.1
61500,122.99999999989474,-3026214.269055605,-2424991.4878057777,301.89332178833934,10.1
62000,123.99999999989241,-3025945.8504439704,-2428910.38710385,299.7907346067336,10.1
62500,124.99999999989008,-3022354.678915497,-2425337.478994929,299.7815639555742,10.1
63000,125.99999999988775,-3028472.667289976,-2428693.9390648017,301.1682162566683,10.1
63500,126.99999999988542,-3025020.045912575,-2428397.2175691095,299.5835372853558,10.1
64000,127.99999999988309,-3021486.780829929,-2423717.3423107155,300.15928718297823,10.1
64500,128.99999999988785,-3021290.680211261,-2425030.8664055807,299.40125599448123,10.1
65000,129.99999999989262,-3023687.9016026445,-2425297.144084653,300.47127146281787,10.1
65500,130.9999999998974,-3022540.077322848,-2424549.7315900726,300.27021180957115,10.1
66000,131.99999999990217,-3025369.883756656,-2427843.839799754,300.03707093433826,10.1
66500,132.99999999990695,-3024918.9853361547,-2427378.8769085263,300.044133158058,10.1
67000,133.99999999991172,-3024488.3893023096,-2425504.2072386527,300.7692490393647,10.1
67500,134.9999999999165,-3026008.593472518,-2428512.536727249,300.0220133895919,10.1
68000,135.99999999992127,-3023522.2732928917,-2424767.401155915,300.65410513989264,10.1
68500,136.99999999992605,-3025223.2609506026,-2430347.273929799,298.7063919974823,10.1
69000,137.99999999993082,-3024802.00844175,-2426909.4587705107,300.22110525739816,10.1
69500,138.9999999999356,-3025182.129476238,-2426693.437599609,300.52044745841926,10.1
70000,139.99999999994037,-3024843.9304844216,-2430832.0574927134,298.2724925133255,10.1
70500,140.99999999994515,-3024079.140532434,-2426756.87798022,299.9347457279444,10.1
71000,141.99999999994992,-3025825.711971801,-2430217.3873087894,299.0741223137174,10.1
71500,142.9999999999547,-3026550.4302684814,-2427708.0551704695,300.6980431947986,10.1
72000,143.99999999995947,-3023947.841052685,-2429718.274283661,298.3818035700854,10.1
72500,144.99999999996425,-3025772.7772598453,-2429058.29385011,299.6295602460252,10.1
73000,145.99999999996902,-3023800.5263386853,-2427943.014179026,299.1992473812586,10.1
73500,146.9999999999738,-3021762.9378771335,-2423839.052186492,300.2368400819659,10.1
74000,147.99999999997857,-3027408.804927524,-2429215.4166193064,300.3721660260054,10.1
74500,148.99999999998334,-3025730.154950902,-2427919.43255215,300.1800171485066,10.1
75000,149.99999999998812,-3026264.0826218314,-2429607.9447493916,299.6002630726396,10.1
75500,150.9999999999929,-3023330.5888734534,-2425326.371180808,300.2771773673901,10.1
76000,151.99999999999767,-3026620.2384341992,-2428053.0046628066,300.559885873345,10.1
76500,153.00000000000244,-3029019.5817758404,-2431872.480589087,299.8467915650001,10.1
77000,154.00000000000722,-3027391.15419979,-2429918.485368839,300.0102695645685,10.1
77500,155.000000000012,-3029323.6149314083,-2433590.7234792006,299.1366713104417,10.1
78000,156.00000000001677,-3026297.7591105513,-2428425.311592979,300.21101131862065,10.1
78500,157.00000000002154,-3024983.1027657688,-2428060.8822978344,299.73387171344467,10.1
79000,158.00000000002632,-3026105.7652461864,-2428511.824550069,300.07116407381915,10.1
79500,159.0000000000311,-3024103.911699023,-2426789.7404145924,299.9306828417985,10.1
80000,160.00000000003587,-3026770.631553948,-2427753.913287419,300.78558651470627,10.1
80500,161.00000000004064,-3024613.651073858,-2426385.8802232216,300.3894306078975,10.1
81000,162.00000000004542,-3025550.7844948955,-2428473.70284257,299.811632501675,10.1
81500,163.0000000000502,-3024769.522233274,-2425661.0891149906,300.8316394955928,10.1
82000,164.00000000005497,-3026269.1599795558,-2428353.7154191467,300.23260151861626,10.1
82500,165.00000000005974,-3025419.4275409617,-2428929.3861667435,299.51686067148415,10.1
83000,166.00000000006452,-3028315.8794067428,-2430588.9264655113,300.13795380595894,10
83500,167.0000000000693,-3026175.7703787684,-2429246.395601221,299.7374641227173,10
84000,168.00000000007407,-3026385.5966403782,-2428643.531092087,300.145542332689,10
84500,169.00000000007884,-3024899.672101125,-2427367.025384458,300.04038639266844,10
85000,170.00000000008362,-3026833.7117353342,-2431324.1583817448,299.0245260581718,10
85500,171.0000000000884,-3023118.4064629227,-2424720.609965281,300.47480596120147,10
86000,172.00000000009317,-3028058.4304718673,-2430953.2792552505,299.82572713393006,10
86500,173.00000000009794,-3025777.2770127207,-2429716.859817329,299.3011325345749,10
87000,174.00000000010272,-3023765.1298630573,-2427828.854892866,299.2387967251064,10
87500,175.0000000001075,-3030118.3354271464,-2432263.6326942397,300.20210109074134,10
88000,176.00000000011227,-3026899.674083803,-2431708.053267326,298.86488189177135,10
88500,177.00000000011704,-3022724.33652433,-2426597.330122455,299.33456911975975,10
89000,178.00000000012182,-3024050.0573443137,-2427034.5502124503,299.7807139518468,10
89500,179.0000000001266,-3025732.404749818,-2428080.3915227745,300.10032416191416,10
90000,180.00000000013137,-3026654.581965063,-2429194.1905287653,300.00410468929994,10
90500,181.00000000013614,-3026181.510445319,-2429734.028862764,299.4954900293852,10
91000,182.00000000014091,-3027390.642391473,-2430634.568720443,299.65044405570075,10
91500,183.0000000001457,-3028300.0839564092,-2430017.092913698,300.41715844479126,10
92000,184.00000000015046,-3024488.66956421,-2426507.920313357,300.2653931069281,10
92500,185.00000000015524,-3028445.5354208797,-2432364.5779598756,299.31144646347025,10
93000,186.00000000016001,-3026472.772798922,-2429382.3972598934,299.81830779033885,10
93500,187.0000000001648,-3027991.799438458,-2430261.897188306,300.139434748955,10
94000,188.00000000016956,-3025679.5464880913,-2427813.191387789,300.2079521196936,10
94500,189.00000000017434,-3024596.9163275138,-2425804.3494016044,300.67303290743547,10
95000,190.0000000001791,-3026031.403074298,-2428688.5127684446,299.9451035873958,10
95500,191.0000000001839,-3028590.281509716,-2431887.507014719,299.62368082283115,10
96000,192.00000000018866,-3026298.694993321,-2426771.583040663,301.0418716225408,10
96500,193.00000000019344,-3024458.562941663,-2424778.5448995214,301.1186506946512,10
97000,194.0000000001982,-3026986.0372193865,-2428673.5812999783,300.43195370834337,10
97500,195.000000000203,-3025985.3403749466,-2428812.198318653,299.8598675242834,10
98000,196.00000000020776,-3026183.767898444,-2428970.7565259105,299.87988719202116,10
98500,197.00000000021254,-3024662.5278458856,-2427365.460380622,299.9220944633392,10
99000,198.0000000002173,-3023195.393046465,-2426098.8232770776,299.821418112897,10
99500,199.0000000002221,-3026564.351574883,-2427807.5471524415,300.6550754026569,10
100000,200.00000000022686,-3026670.8762300946,-2428341.487433796,300.44045625117985,10
100500,201.00000000023164,-3025851.828689713,-2427952.5187871456,300.224499787272,10
101000,202.0000000002364,-3024792.1121347174,-2427489.8324477235,299.9247116877378,10
101500,203.0000000002412,-3024416.4495940544,-2426732.2587831095,300.11648156312043,9.99
102000,204.00000000024596,-3024676.685210727,-2428990.6007989496,299.1131679879475,9.99
102500,205.00000000025074,-3023404.612150274,-2426214.7380796997,299.86826920753435,9.99
103000,206.0000000002555,-3027417.5287259147,-2428918.950285166,300.5254118206761,9.99
103500,207.0000000002603,-3027114.25604181,-2429062.8892267887,300.30085246024635,9.99
104000,208.00000000026506,-3027984.016747594,-2429291.617837714,300.6227353205192,9.99
104500,209.00000000026984,-3024396.496328514,-2426544.6840802315,300.2006496853191,10
105000,210.0000000002746,-3026118.5983591415,-2429831.4755063406,299.41496874657116,10
105500,211.00000000027939,-3028614.4085287713,-2430264.6827711016,300.45066809446786,10
106000,212.00000000028416,-3025937.707065832,-2427304.0529328855,300.5932376760531,10
106500,213.00000000028894,-3027448.458350681,-2429999.9691433925,299.9981281967846,10
107000,214.0000000002937,-3023643.1677317955,-2424389.2892622324,300.9046722907661,10
107500,215.00000000029848,-3025870.4352919646,-2431474.644462881,298.4652700241479,10
108000,216.00000000030326,-3024746.6759826206,-2426489.749711668,300.4040704834341,10
108500,217.00000000030803,-3023333.928504277,-2426489.8643385437,299.69462691696316,10
109000,218.0000000003128,-3024316.819451306,-2423820.609076361,301.52848715170614,10
109500,219.00000000031758,-3028602.0980431624,-2432662.1922800676,299.24061986315877,10
110000,220.00000000032236,-3027136.495244436,-2429232.956352763,300.22662329890306,10
110500,221.00000000032713,-3028257.5687080994,-2429906.516604314,300.4513340955697,10
111000,222.0000000003319,-3026203.0701839514,-2427132.002806822,300.8128769535371,10
111500,223.00000000033668,-3023988.6181859784,-2426638.0504148225,299.94895868998907,10
112000,224.00000000034146,-3026189.6590885147,-2428891.3437283374,299.92272107156595,10
112500,225.00000000034623,-3025427.77954638,-2428464.5557392975,299.75446081060784,10
113000,226.000000000351,-3025712.9584072866,-2428922.3755984902,299.66777220519407,10
113500,227.00000000035578,-3026156.6820934974,-2429315.5055216784,299.69317696305944,10
114000,228.00000000036056,-3024753.3275313415,-2427889.8318270105,299.7043841183163,10
114500,229.00000000036533,-3026528.8253796548,-2429779.9474020344,299.6468308662912,10
115000,230.0000000003701,-3027165.2761663496,-2431200.821149606,299.2529468340632,10
115500,231.00000000037488,-3026249.453977134,-2426975.3130287123,300.91484673398594,10
116000,232.00000000037966,-3022376.101390213,-2425466.7078357665,299.72743090707144,10
116500,233.00000000038443,-3027370.8766971454,-2430483.143085494,299.7165547522016,10
117000,234.0000000003892,-3028346.158978291,-2433186.781022986,298.84869171274505,10
117500,235.00000000039398,-3028275.0647332706,-2429971.0249374947,300.427727701613,10
118000,236.00000000039876,-3028008.4258801863,-2432685.32692938,298.9309012974776,10
118500,237.00000000040353,-3028330.1997630857,-2430445.739603271,300.21704325317677,10
119000,238.0000000004083,-3026372.8650212884,-2429044.8432403263,299.93763762218373,10
119500,239.00000000041308,-3026274.0670422763,-2427372.050416552,300.72799112671197,10
120000,240.00000000041786,-3025049.2130225413,-2429515.2163373837,299.03679984218786,10
120500,241.00000000042263,-3026740.794162344,-2430635.058475918,299.3238884084763,10
121000,242.0000000004274,-3023907.4237559885,-2425249.4098314326,300.60546951196545,10
121500,243.00000000043218,-3027956.3763322607,-2432276.369847553,299.11011606501665,10
122000,244.00000000043696,-3026161.476280812,-2428063.9939243617,300.32400855882145,10
122500,245.00000000044173,-3026272.8234108835,-2429895.557633467,299.460232412215,10
123000,246.0000000004465,-3029380.5102817565,-2430300.1198719284,300.81755834851816,10
123500,247.00000000045128,-3025022.8689227663,-2427326.1604621345,300.1227670781789,10
124000,248.00000000045605,-3026513.9103849977,-2429372.9863440087,299.84368982116723,10
124500,249.00000000046083,-3028136.4415642433,-2429194.7848062534,300.74789571379506,10
125000,250.0000000004656,-3023327.227098495,-2425061.8239145223,300.4083270144738,10
125500,251.00000000047038,-3026218.0662888996,-2428821.2446864615,299.97218422835317,10
126000,252.00000000047515,-3025290.4543144032,-2427345.8239790685,300.24725663617994,10
126500,253.00000000047993,-3023473.354415484,-2424579.459638006,300.7239128851304,10
127000,254.0000000004847,-3023482.015319515,-2425842.796463732,300.09389969604126,10
127500,255.00000000048948,-3026708.355099432,-2428266.761560321,300.4967978662758,10
128000,256.00000000049425,-3025775.4378964454,-2429948.6138048396,299.1838379139315,10
128500,257.000000000499,-3026975.4822154567,-2429535.2677874514,299.99397316360444,10
129000,258.0000000005038,-3027715.9946045354,-2432236.2628197335,299.009551688033,10
129500,259.0000000005086,-3026010.648888748,-2429777.662393513,299.3877851378911,10
130000,260.00000000051335,-3027597.998902183,-2429499.260597662,300.32463921079733,10
130500,261.0000000005181,-3028627.8225075155,-2431123.6100380234,300.0261086413922,10
131000,262.0000000005229,-3022803.5175982267,-2423736.5761623974,300.81080518552784,10
131500,263.0000000005277,-3026179.9621377513,-2428599.832695953,300.06422899821223,10
132000,264.00000000053245,-3023544.105083026,-2424878.791972126,300.6091346685108,10
132500,265.0000000005372,-3024629.5276201814,-2428861.992521595,299.1540670010412,10.1
133000,266.000000000542,-3028188.419788897,-2430639.792084826,300.04841096113637,10.1
133500,267.0000000005468,-3029950.134557791,-2433176.9636879796,299.6590291098511,10.1
134000,268.00000000055155,-3027934.8369670548,-2430364.089264056,300.05951812500746,10.1
134500,269.0000000005563,-3026967.574278053,-2428991.770113974,300.2629100195947,10.1
135000,270.0000000005611,-3027276.895833019,-2429855.782199248,299.9843820396483,10.1
135500,271.0000000005659,-3025308.111705322,-2428643.4085585414,299.604563972744,10.1
136000,272.00000000057065,-3028279.786889486,-2430614.013170122,300.1072337482862,10.1
136500,273.0000000005754,-3026953.1088919938,-2429077.2734421613,300.21271250852226,10.1
137000,274.0000000005802,-3027014.330059875,-2431776.4101211308,298.8881301721975,10.1
137500,275.000000000585,-3027456.710943695,-2433492.932662529,298.2483426101968,10.1
138000,276.00000000058975,-3028648.769882772,-2430977.0029310216,300.1102431432891,10.1
138500,277.0000000005945,-3028491.669780627,-2430704.670427035,300.1681050434938,10.1
139000,278.0000000005993,-3025846.48049723,-2429022.1971965525,299.68469430754476,10.1
139500,279.0000000006041,-3029183.373780068,-2431223.7379651684,300.2547913707446,10.1
140000,280.00000000060885,-3027855.9829309545,-2432052.0758029264,299.17233056844236,10.1
140500,281.0000000006136,-3028003.5367183983,-2428881.5322569176,300.83845410409873,10.1
141000,282.0000000006184,-3030124.598763928,-2429338.7084313976,301.6739447880071,10.1
141500,283.0000000006232,-3024777.8805172592,-2427152.6933219656,300.0868539473981,10.1
142000,284.00000000062795,-3025511.594887346,-2427046.090189551,300.5088044291472,10.1
142500,285.0000000006327,-3023012.125938084,-2424549.885519211,300.5071653295692,10.1
143000,286.0000000006375,-3028574.70907313,-2429387.08289465,300.8714048816544,10.1
143500,287.0000000006423,-3028192.853182178,-2431181.5906975763,299.77858257775114,10.1
144000,288.00000000064705,-3027316.156974092,-2428815.7807119456,300.5263145647015,10.1
144500,289.0000000006518,-3025961.555614304,-2430073.339085114,299.2146650340821,10.1
145000,290.0000000006566,-3023761.873967778,-2423911.3617690364,301.2042613017119,10.1
145500,291.0000000006614,-3024823.7344424874,-2425845.212307095,300.7664070070962,10.1
146000,292.00000000066615,-3023140.053099308,-2425507.5118043264,300.0905466777018,10.1
146500,293.0000000006709,-3023497.6572337896,-2426536.5784141202,299.753383743345,10.1
147000,294.0000000006757,-3025834.288573321,-2428160.94582301,300.1110344024974,10.1
147500,295.0000000006805,-3025988.5588860773,-2428779.144224703,299.8780811675105,10.1
148000,296.00000000068525,-3022867.9108710065,-2425732.8392512472,299.84075113198134,10.1
148500,297.00000000069,-3025039.7675146237,-2426941.664811245,300.32432005499334,10.1
149000,298.0000000006948,-3026273.736360751,-2428883.33255228,299.96896164730714,10.1
149500,299.0000000006996,-3027272.0097996853,-2428040.9729262153,300.89320278971843,10.1
150000,300.00000000070435,-3027494.409140542,-2427519.4912677137,301.26672939735056,10.1
150500,301.0000000007091,-3027398.4694776945,-2431869.0986955976,299.0344770272766,10.1
151000,302.0000000007139,-3023370.3334457316,-2425584.905868318,300.1673158040534,10.1
151500,303.00000000071867,-3023224.4577972703,-2424647.77468836,300.56463069004354,10.1
152000,304.00000000072345,-3024406.3177197985,-2428862.254254165,299.0418546968812,10.1
152500,305.0000000007282,-3025598.1422735527,-2428357.9980663857,299.8935114621461,10.1
153000,306.000000000733,-3021898.4762269855,-2426746.609230921,298.844920218208,10.1
153500,307.00000000073777,-3026431.898166254,-2426767.698731469,301.1107076624345,10.1
154000,308.00000000074255,-3025592.386677783,-2429079.134122355,299.5285157531221,10.1
154500,309.0000000007473,-3027336.5250303857,-2430216.5762310848,299.83315747677494,10.1
155000,310.0000000007521,-3028716.967374902,-2432423.298046101,299.4182559430105,10.1
155500,311.00000000075687,-3026038.037631791,-2428041.837624602,300.2731514293003,10.1
156000,312.00000000076164,-3026796.7340246066,-2429448.4300602498,299.9478219596857,10.1
156500,313.0000000007664,-3024945.248250954,-2429498.583447967,298.99294769148963,10.1
157000,314.0000000007712,-3027595.241482932,-2430337.481153595,299.90235708444277,10.1
157500,315.00000000077597,-3027343.8248351365,-2429981.0513824522,299.9550875557877,10.1
158000,316.00000000078074,-3028757.575975165,-2431735.619430805,299.78395240957457,10.1
158500,317.0000000007855,-3026987.2875999846,-2427152.5274442513,301.19635169359793,10.1
159000,318.0000000007903,-3027260.40621892,-2429096.2815469336,300.35747181177237,10.1
159500,319.00000000079507,-3028131.26867998,-2430648.7692701644,300.01520581482555,10.1
160000,320.00000000079984,-3028500.6108764336,-2430858.6371365553,300.0952830120708,10.1
160500,321.0000000008046,-3027315.7920942903,-2428316.9440356884,300.77661330776783,10.1
161000,322.0000000008094,-3029828.9389425665,-2430630.029116945,300.8770707642917,10.1
161500,323.00000000081417,-3024794.398989752,-2427416.657438271,299.9626035202644,10.1
162000,324.00000000081894,-3025202.778311502,-2427630.820780536,300.0601256185943,10.1
162500,325.0000000008237,-3026675.8591410145,-2430317.516363354,299.4507305645926,10.1
163000,326.0000000008285,-3021977.020021949,-2424623.9294633023,299.95022546283855,10.1
163500,327.00000000083327,-3024739.162434064,-2427096.4063684586,300.0956758430144,10.1
164000,328.00000000083804,-3029083.9625721313,-2430804.1261498304,300.4155744082837,10.1
164500,329.0000000008428,-3028440.903456405,-2429500.440058822,300.74729648910073,10.1
165000,330.0000000008476,-3025961.7353220657,-2429089.410210428,299.70881764808996,10.1
165500,331.00000000085237,-3031062.0907641277,-2434580.0601697187,299.5128382009422,10.1
166000,332.00000000085714,-3028185.016138885,-2430740.2517008316,299.99625787019,10.1
166500,333.0000000008619,-3025981.2369005457,-2429723.874629035,299.4000250002191,10.1
167000,334.0000000008667,-3029592.8137486614,-2434054.2668768456,299.0390846374547,10.1
167500,335.00000000087147,-3027416.3666679114,-2431500.962785068,299.2283166799631,10.1
168000,336.00000000087624,-3025609.868753504,-2429361.744632849,299.3953862271454,10.1
168500,337.000000000881,-3025652.7341420352,-2426672.942900143,300.76704426634336,10.1
169000,338.0000000008858,-3025429.498748731,-2428143.7287052283,299.9164216640218,10.1
169500,339.00000000089057,-3023890.8254118413,-2427573.4639378088,299.4301525321738,10.1
170000,340.00000000089534,-3024845.019725915,-2427471.794982304,299.96033548556215,10.1
170500,341.0000000009001,-3029510.9542700723,-2430550.3084713696,300.75743072270876,10.1
171000,342.0000000009049,-3028357.9847069904,-2429792.6937331865,300.558910332105,10.1
171500,343.00000000090967,-3032269.0323414095,-2436614.4868552526,299.09733127763286,10.1
172000,344.00000000091444,-3025522.5529533066,-2426747.5739765377,300.6642014317247,10.1
172500,345.0000000009192,-3030355.522820674,-2432462.012554502,300.22158760305143,10.1
173000,346.000000000924,-3028608.341303438,-2431711.6433150917,299.7210560544521,10.1
173500,347.00000000092876,-3029176.412205577,-2431180.8277749354,300.2728423284901,10.1
174000,348.00000000093354,-3026990.4743142426,-2430997.103138497,299.2674665687883,10.1
174500,349.0000000009383,-3029124.3817970045,-2431706.50712929,299.98275565047527,10.1
175000,350.0000000009431,-3026008.103613533,-2429497.4403473437,299.52721558760334,10.1
175500,351.00000000094786,-3025284.1892771237,-2426147.9155825255,300.84561914561,10.1
176000,352.00000000095264,-3031006.6640137993,-2432108.501889975,300.72605565716776,10.1
176500,353.0000000009574,-3029119.505892936,-2431387.0456115995,300.1407192187982,10.1
177000,354.0000000009622,-3027124.9330426343,-2430543.7270366135,299.5626373692122,10.2
177500,355.00000000096696,-3026736.87634385,-2428580.899101994,300.3533807247032,10.2
178000,356.00000000097174,-3027634.195154071,-2430221.916704269,299.9799456092263,10.2
178500,357.0000000009765,-3028220.4332942627,-2430709.041070664,300.02971382716447,10.2
179000,358.0000000009813,-3026941.1686318144,-2428454.498668171,300.5194321907904,10.2
179500,359.00000000098606,-3024154.344569348,-2426282.8773100683,300.21051909936114,10.2
180000,360.00000000099084,-3026968.5164792463,-2432125.147602018,298.6900133770748,10.2
180500,361.0000000009956,-3026745.6725589857,-2428314.503829399,300.49156323366594,10.2
181000,362.0000000010004,-3026158.3303734735,-2428761.3587688664,299.972259549273,10.2
181500,363.00000000100516,-3027935.469193518,-2430751.675425876,299.8652160916063,10.2
182000,364.00000000100994,-3029734.7709033005,-2434541.9677342447,298.8654755890808,10.2
182500,365.0000000010147,-3030163.9169186316,-2433794.7278057504,299.4561768588301,10.2
183000,366.0000000010195,-3028269.678840589,-2431204.7126379847,299.80554894417276,10.2
183500,367.00000000102426,-3025842.5100686066,-2429533.21359236,299.4261028370397,10.2
184000,368.00000000102904,-3029052.008202575,-2430907.3336510626,300.3477052798608,10.2
184500,369.0000000010338,-3023824.3676908053,-2426307.3287967714,300.03254920224987,10.2
185000,370.0000000010386,-3026274.6274867915,-2426457.525254739,301.18748508141687,10.2
185500,371.00000000104336,-3026727.2711811326,-2427367.922062293,300.95763250061555,10.2
186000,372.00000000104814,-3028525.705581002,-2430813.844663316,300.1303756148744,10.2
186500,373.0000000010529,-3027599.9162040874,-2428459.921370872,300.8474876491548,10.2
187000,374.0000000010577,-3029036.896194432,-2432310.6787897106,299.63545226281923,10.2
187500,375.00000000106246,-3026575.2104605585,-2429242.181144735,299.94015206671344,10.2
188000,376.00000000106724,-3027393.2807990313,-2429278.5765403127,300.3326562306087,10.2
188500,377.000000001072,-3027695.783187207,-2431068.856758521,299.5855950659304,10.2
189000,378.0000000010768,-3027138.671710439,-2430590.375292303,299.54611240523036,10.2
189500,379.00000000108156,-3029709.9682281613,-2432683.4893282503,299.7862232299466,10.2
190000,380.00000000108633,-3031092.765713956,-2433891.109138363,299.8741855827784,10.2
190500,381.0000000010911,-3031195.3196327165,-2434971.689858558,299.3830868268906,10.2
191000,382.0000000010959,-3027715.5014862977,-2430380.5907873064,299.9410967697945,10.2
191500,383.00000000110066,-3032263.079753477,-2433389.803692635,300.7135595634496,10.2
192000,384.00000000110543,-3030845.764494758,-2433000.326768631,300.1974488324433,10.2
192500,385.0000000011102,-3027806.6188583635,-2432244.146754359,299.0510982670866,10.2
193000,386.000000001115,-3028248.2715174817,-2432291.3218570706,299.2491781529267,10.2
193500,387.00000000111976,-3025326.4208969846,-2427128.0995142725,300.3746430815864,10.2
194000,388.00000000112453,-3026942.6710420996,-2430028.5209019664,299.7298193419382,10.2
194500,389.0000000011293,-3028402.9621203244,-2431995.1531588533,299.47556912861995,10.2
195000,390.0000000011341,-3025643.474326797,-2427469.6177286883,300.36235852531007,10.2
195500,391.00000000113886,-3028675.6672193967,-2429476.281756949,300.8773095968605,10.2
196000,392.00000000114363,-3027143.507907845,-2429684.548533287,300.003385604979,10.2
196500,393.0000000011484,-3026972.820483424,-2430130.7184113516,299.69364168654374,10.2
197000,394.0000000011532,-3025652.3486676104,-2427301.2521687425,300.4513563877705,10.2
197500,395.00000000115796,-3024919.6315177977,-2427486.8536426025,299.9902390309326,10.2
198000,396.00000000116273,-3026470.48752477,-2427537.7524279733,300.74341586037406,10.2
198500,397.0000000011675,-3025563.7365681864,-2425802.6715175016,301.15934700788677,10.2
199000,398.0000000011723,-3029227.4574013427,-2432949.90308817,299.410164074654,10.2
199500,399.00000000117706,-3028394.280884452,-2430835.0697854687,300.0537252245769,10.2
200000,400.00000000118183,-3028171.7349871807,-2430923.3714705333,299.897638642152,10.2
200500,401.0000000011866,-3026057.818219289,-2429128.8787822733,299.73724552421544,10.2
201000,402.0000000011914,-3027783.4127124175,-2432437.910273239,298.9421508105288,10.2
201500,403.00000000119616,-3028844.0709063485,-2432103.293853428,299.64276313109633,10.2
202000,404.00000000120093,-3026664.5860394463,-2428416.2642529067,300.3997498946895,10.2
202500,405.0000000012057,-3027999.06106817,-2432400.057244819,299.06944201993156,10.2
203000,406.0000000012105,-3027779.791788947,-2429995.467907083,300.1667616029714,10.2
203500,407.00000000121526,-3026023.3453618437,-2428393.470297129,300.0892078776145,10.2
204000,408.00000000122003,-3022936.5440788716,-2426984.4439855735,299.24674302909136,10.2
204500,409.0000000012248,-3025886.779204976,-2428901.962208273,299.7653034465587,10.2
205000,410.0000000012296,-3026425.226056982,-2427764.4771137945,300.6068428529061,10.2
205500,411.00000000123435,-3025864.760614358,-2429017.107833694,299.6964288760968,10.2
206000,412.00000000123913,-3027325.100759335,-2430289.1720027514,299.79096830732914,10.2
206500,413.0000000012439,-3027213.7606448047,-2431076.0512029473,299.3399434608432,10.2
207000,414.0000000012487,-3024523.7297237143,-2426423.4195767934,300.32542848348993,10.2
207500,415.00000000125345,-3027366.3603234626,-2430390.5065917377,299.7608027025374,10.2
208000,416.00000000125823,-3025928.644029215,-2429302.34413849,299.58528046104146,10.2
208500,417.000000001263,-3027582.875944525,-2431339.756072569,299.3928734327039,10.2
209000,418.0000000012678,-3026847.9635648057,-2429302.809062564,300.0466669546382,10.2
209500,419.00000000127255,-3023836.4411261864,-2425999.7657293347,300.19304898470955,10.2
210000,420.00000000127733,-3027875.031012319,-2428886.0875012474,300.7716399154616,10.2
210500,421.0000000012821,-3029431.077108383,-2433174.3150285217,299.39972362466193,10.2
211000,422.0000000012869,-3026116.971580174,-2430128.849838158,299.26483065904614,10.2
211500,423.00000000129165,-3026819.052416332,-2432260.2087981887,298.54714408090575,10.2
212000,424.0000000012964,-3029243.6826350503,-2431437.3694232935,300.1778031537116,10.2
212500,425.0000000013012,-3030355.5407606214,-2430484.1903566476,301.21472483568607,10.2
213000,426.000000001306,-3028682.385340482,-2430056.588578746,300.5892922369093,10.2
213500,427.00000000131075,-3027927.347043596,-2430514.3574827965,299.9803026809609,10.2
214000,428.0000000013155,-3027159.329465769,-2429497.0288124504,300.10548980996964,10.2
214500,429.0000000013203,-3030775.567446757,-2431206.2336954195,301.06307254747736,10.2
215000,430.0000000013251,-3027977.0050017424,-2429284.558144048,300.62275939666125,10.2
215500,431.00000000132985,-3028731.032975029,-2430813.408577907,300.23369608483506,10.2
216000,432.0000000013346,-3028149.062612079,-2430030.0284135453,300.33483043284224,10.2
216500,433.0000000013394,-3027145.551349178,-2431103.8271373287,299.2917461855011,10.2
217000,434.0000000013442,-3025348.5065075234,-2426378.40958459,300.76217643657344,10.2
217500,435.00000000134895,-3025181.4344998747,-2427549.9363955483,300.09002285807605,10.2
218000,436.0000000013537,-3023534.798213631,-2425081.7793180654,300.50253490572317,10.2
218500,437.0000000013585,-3024927.6735985056,-2426461.058608993,300.5093619423773,10.2
219000,438.0000000013633,-3023705.1086656377,-2428316.166359916,298.9639633665693,10.2
219500,439.00000000136805,-3027070.4998091273,-2428683.989380205,300.469138862612,10.2
220000,440.0000000013728,-3024704.6248999313,-2427885.1581344563,299.68227577009566,10.2
220500,441.0000000013776,-3028637.7497249506,-2428111.5898846705,301.5435257428204,10.2
221000,442.0000000013824,-3029410.943678297,-2432054.599886243,299.9518590161077,10.2
221500,443.00000000138715,-3029000.652789101,-2430390.5324152606,300.58142061766455,10.2
222000,444.0000000013919,-3028086.152132198,-2428660.7824157095,300.9907835689922,10.2
222500,445.0000000013967,-3028179.46975787,-2429950.218197933,300.3901741197259,10.2
223000,446.0000000014015,-3027322.725980062,-2431779.7135854918,299.0413269202491,10.2
223500,447.00000000140625,-3030117.4127159268,-2432550.5346452734,300.05757505797936,10.2
224000,448.000000001411,-3028976.3966340125,-2431958.354625495,299.78198679505454,10.2
224500,449.0000000014158,-3030280.8339033127,-2433014.5427696165,299.9066406760592,10.2
225000,450.0000000014206,-3029137.0307946876,-2430739.3379343115,300.47475392159276,10.2
225500,451.00000000142535,-3029905.950905256,-2430380.5753068207,301.0409997431638,10.2
226000,452.0000000014301,-3024686.4557047784,-2427900.427580659,299.66548515132723,10.2
226500,453.0000000014349,-3030641.433595594,-2433576.580631568,299.80549208343547,10.2
227000,454.0000000014397,-3028963.230829891,-2431310.5970465294,300.1006357632272,10.2
227500,455.00000000144445,-3029989.8655865043,-2432755.597245609,299.8905610004497,10.2
228000,456.0000000014492,-3027489.9066345766,-2430150.0030850284,299.94360384086195,10.2
228500,457.000000001454,-3030268.134228207,-2434167.0362647953,299.32155965838564,10.2
229000,458.0000000014588,-3027782.877111163,-2429962.149958211,300.18504085780916,10.2
229500,459.00000000146355,-3029184.7590281107,-2430568.015438458,300.58474634763485,10.2
230000,460.0000000014683,-3028628.202012185,-2430944.5607146453,300.1162056347418,10.2
230500,461.0000000014731,-3027821.466314506,-2427938.443346124,301.22058600620846,10.2
231000,462.0000000014779,-3029279.908572577,-2430221.566217776,300.8064873099967,10.2
231500,463.00000000148265,-3026119.1011537015,-2428236.928390878,300.21589467747816,10.2
232000,464.0000000014874,-3027172.4127960876,-2429101.925366238,300.3104535367611,10.2
232500,465.0000000014922,-3026940.894044362,-2430048.3698706157,299.7189602477172,10.2
233000,466.00000000149697,-3027028.878061097,-2429791.811502097,299.89196607588104,10.2
233500,467.00000000150175,-3028093.246023413,-2429964.7127860845,300.3396002061524,10.2
234000,468.0000000015065,-3027341.9830534384,-2429684.895603785,300.10287209250987,10.2
234500,469.0000000015113,-3026674.350299556,-2429743.8202126953,299.73804424073177,10.2
235000,470.00000000151607,-3028973.946530428,-2433700.631961554,298.90590295592534,10.2
235500,471.00000000152085,-3027671.8292867206,-2428771.792824204,300.7269968229912,10.2
236000,472.0000000015256,-3026682.893833481,-2429434.861686907,299.89747225056584,10.2
236500,473.0000000015304,-3026439.3435600363,-2429784.975847066,299.59937421855903,10.2
237000,474.00000000153517,-3030900.935431365,-2433581.6921624774,299.9332296485454,10.2
237500,475.00000000153995,-3029587.0912293755,-2432167.7850865545,299.9834744402293,10.2
238000,476.0000000015447,-3029873.9087348655,-2434718.5149827916,298.84669111598515,10.2
238500,477.0000000015495,-3028057.3925380222,-2428163.9043301875,301.2258409399873,10.2
239000,478.00000000155427,-3026941.591277968,-2428560.560255671,300.4663874760727,10.2
239500,479.00000000155904,-3029474.6982637458,-2432002.929730548,300.0098174960709,10.2
240000,480.0000000015638,-3028164.8280121237,-2429978.03737386,300.3688531234331,10.2
240500,481.0000000015686,-3026216.5090149604,-2426963.2796493866,300.9043463547477,10.2
241000,482.00000000157337,-3026079.3359681778,-2426830.2464238787,300.9022676171561,10.2
241500,483.00000000157814,-3024550.4984414726,-2427669.878751809,299.71298262285666,10.2
242000,484.0000000015829,-3026531.6194824874,-2427685.0988644795,300.70012479390164,10.2
242500,485.0000000015877,-3026912.8971358687,-2428756.6534565967,300.3535145115106,10.2
243000,486.00000000159247,-3029737.111960426,-2432494.6593579985,299.894670581752,10.2
243500,487.00000000159724,-3027252.22646394,-2431361.849185316,299.21575001596347,10.2
244000,488.000000001602,-3027776.2816947363,-2429911.05378819,300.20738611940567,10.2
244500,489.0000000016068,-3027254.0929437615,-2429827.068388511,299.9873501036936,10.2
245000,490.00000000161157,-3029411.2602045573,-2432373.263684386,299.7920065980223,10.2
245500,491.00000000161634,-3028757.2561637685,-2430982.150318661,300.1621329298349,10.2
246000,492.0000000016211,-3025476.962120451,-2426923.290617475,300.55307582157906,10.2
246500,493.0000000016259,-3025836.4112083763,-2428746.8326922636,299.8179075794636,10.2
247000,494.00000000163067,-3026408.8625619113,-2427390.939234307,300.7861916146831,10.2
247500,495.00000000163544,-3027006.8323814534,-2430472.961011446,299.5388691239837,10.2
248000,496.0000000016402,-3027787.165452432,-2429657.9389773826,300.33994830313907,10.2
248500,497.000000001645,-3027362.220324438,-2430718.000446013,299.594278664007,10.2
249000,498.00000000164977,-3027097.896857545,-2428273.442356436,300.6890446859327,10.2
249500,499.00000000165454,-3027252.714229647,-2431181.3760488424,299.30661631307794,10.2
250000,500.0000000016593,-3024753.0766710937,-2426057.51304642,300.6243244257415,10.2
250500,501.0000000016641,-3026063.1431731507,-2427382.088686948,300.61703892002583,10.2
251000,502.00000000166887,-3028221.9517655186,-2430482.6559368083,300.14415156728415,10.2
251500,503.00000000167364,-3026447.1200088747,-2427859.489898476,300.57012753205623,10.2
252000,504.0000000016784,-3025926.3093334064,-2427057.4702240042,300.7113316272328,10.2
252500,505.0000000016832,-3025540.083375551,-2429249.0152016827,299.4169498193443,10.2
253000,506.00000000168797,-3030084.6429750137,-2430060.494151503,301.2914498432483,10.2
253500,507.00000000169274,-3028715.4775203317,-2431745.2257756926,299.7579897644009,10.2
254000,508.0000000016975,-3028157.003864564,-2431675.0552622587,299.51279703006617,10.2
254500,509.0000000017023,-3026742.816318363,-2430735.459715984,299.27448910192345,10.2
255000,510.00000000170706,-3027647.40325946,-2430945.619737393,299.62318322340695,10.2
255500,511.00000000171184,-3027187.204562478,-2430796.091972497,299.4671853427619,10.2
256000,512.0000000017166,-3026224.0617614985,-2429879.0711702034,299.4440260017906,10.2
256500,513.0000000016929,-3030257.2567149624,-2431687.0826091617,300.5613623099494,10.2
257000,514.0000000016693,-3029329.52330127,-2432069.9537960114,299.90326552994014,10.2
257500,515.0000000016456,-3026519.503283616,-2427277.2707359423,300.89882449831026,10.2
258000,516.000000001622,-3026245.20587226,-2428087.8861419507,300.3540548313923,10.2
258500,517.0000000015983,-3024523.1006994583,-2426701.894951157,300.18528117594815,10.2
259000,518.0000000015747,-3024069.328540858,-2425413.881018611,300.6041808387111,10.2
259500,519.000000001551,-3028471.8294631205,-2431344.200897194,299.83701373493653,10.2
260000,520.0000000015274,-3027732.545729164,-2430071.4799463362,300.104869741725,10.2
260500,521.0000000015037,-3026379.4370240234,-2428742.7882407084,300.09260917988183,10.2
261000,522.0000000014801,-3028041.1768551245,-2431021.606010866,299.78275447271864,10.2
261500,523.0000000014564,-3027318.354796447,-2428423.685533995,300.7243017789796,10.2
262000,524.0000000014328,-3026348.1481359266,-2429418.346850005,299.73767828630827,10.2
262500,525.0000000014091,-3026131.7438638285,-2427714.7806992973,300.4844301619393,10.2
263000,526.0000000013855,-3027331.3648629338,-2429766.4522923636,300.05658811708554,10.2
263500,527.0000000013619,-3027266.406469766,-2430324.0951703507,299.7439599669879,10.2
264000,528.0000000013382,-3028799.9783782028,-2431239.4515889436,300.0543858750381,10.2
264500,529.0000000013146,-3028887.2581352443,-2430902.9218820273,300.26719425634,10.2
265000,530.0000000012909,-3030402.7059589922,-2432851.1213777005,300.04989570442007,10.2
265500,531.0000000012673,-3028875.6564088613,-2433205.114883748,299.1053634039705,10.2
266000,532.0000000012436,-3032917.361105673,-2435156.375345442,300.1550427804588,10.2
266500,533.00000000122,-3029880.344794981,-2433429.816156117,299.49702005449336,10.2
267000,534.0000000011963,-3027924.2900433615,-2428298.0705074463,301.0916367320096,10.2
267500,535.0000000011727,-3025764.0781875215,-2426615.314140542,300.851890953812,10.2
268000,536.000000001149,-3030525.55626373,-2431360.4116201256,300.86011617894013,10.2
268500,537.0000000011254,-3027691.1467331983,-2430246.5809946596,299.99615809676396,10.2
269000,538.0000000011017,-3028764.25593986,-2430004.7475579157,300.65643314780834,10.2
269500,539.0000000010781,-3028041.8496155776,-2430396.983476406,300.09673537891035,10.2
270000,540.0000000010544,-3027396.4583818987,-2430515.0793553432,299.71336391036573,10.2
270500,541.0000000010308,-3026891.996014625,-2428752.375180235,300.3451676457304,10.2
271000,542.0000000010072,-3025436.0676806793,-2427715.75339569,300.1346203228512,10.2
271500,543.0000000009835,-3027347.5912784003,-2431217.537283229,299.33609941450635,10.2
272000,544.0000000009599,-3026778.5320743658,-2427721.883891143,300.805636611884,10.2
272500,545.0000000009362,-3027742.054451745,-2430512.9801115063,299.88795292543904,10.2
273000,546.0000000009126,-3026271.836859897,-2428504.4547512545,300.15825459300055,10.2
273500,547.0000000008889,-3025517.172528006,-2426488.331657066,300.7916736648085,10.2
274000,548.0000000008653,-3025426.4457535595,-2429052.2684486764,299.45868159068687,10.2
274500,549.0000000008416,-3027763.374264948,-2430474.501734618,299.9179795225783,10.2
275000,550.000000000818,-3028559.7037548684,-2431065.4085020004,300.0211288875256,10.2
275500,551.0000000007943,-3026870.160883911,-2429720.146892678,299.8482541779408,10.2
276000,552.0000000007707,-3032743.8935219385,-2437495.5727137504,298.89335278372175,10.2
276500,553.000000000747,-3028299.5716787428,-2433479.725622661,298.6782018109876,10.2
277000,554.0000000007234,-3026528.9046332575,-2429606.9959380296,299.7337151623276,10.2
277500,555.0000000006997,-3030873.419245161,-2432375.998909314,300.52483029890635,10.2
278000,556.0000000006761,-3027438.5629774556,-2428559.1546445657,300.7166387747444,10.2
278500,557.0000000006524,-3025713.1099239215,-2426501.2032760973,300.88359688730264,10.2
279000,558.0000000006288,-3024799.2261280008,-2426856.4465928366,300.2463272898064,10.2
279500,559.0000000006052,-3028784.659990955,-2432317.34645616,299.5054482913241,10.2
280000,560.0000000005815,-3027202.6574319303,-2430332.3656696733,299.7077966378786,10.2
280500,561.0000000005579,-3028612.0148194656,-2431820.754512821,299.6681123986838,10.2
281000,562.0000000005342,-3025143.608236488,-2426583.574625769,300.55627044077835,10.2
281500,563.0000000005106,-3025803.8793811128,-2428691.7281535724,299.8292420648608,10.2
282000,564.0000000004869,-3028715.8850747794,-2432657.3504605806,299.3001872299263,10.2
282500,565.0000000004633,-3026535.9930742905,-2428809.129367654,300.13790899839466,10.2
283000,566.0000000004396,-3029919.550708808,-2432118.3513616608,300.1752353175911,10.2
283500,567.000000000416,-3027878.622305855,-2428356.8135513226,301.03920871596426,10.2
284000,568.0000000003923,-3028329.316996388,-2430351.3963027843,300.2639727972352,10.2
284500,569.0000000003687,-3029482.8835291527,-2430458.5546325706,300.78940805716815,10.2
285000,570.000000000345,-3025427.343148727,-2427032.067331703,300.47354024628095,10.2
285500,571.0000000003214,-3028812.6581733003,-2431235.055356725,300.0629602983138,10.2
286000,572.0000000002977,-3025343.5437969975,-2426015.7552951393,300.94178489837,10.2
286500,573.0000000002741,-3029118.8727948777,-2431148.9917140054,300.25993584875425,10.2
287000,574.0000000002505,-3027015.9041345827,-2429839.9383364012,299.86128541602807,10.2
287500,575.0000000002268,-3025996.5243299045,-2426002.593977472,301.27627617568663,10.2
288000,576.0000000002032,-3030174.859519135,-2434768.6355962334,298.9726410231369,10.2
288500,577.0000000001795,-3028946.9631458595,-2431344.359767913,300.0755138853609,10.2
289000,578.0000000001559,-3025909.4329260513,-2430783.8151792875,298.83173962473603,10.2
289500,579.0000000001322,-3027881.9526190422,-2431060.3294370817,299.68335857626386,10.2
290000,580.0000000001086,-3025804.602422364,-2427431.225428442,300.46254414191543,10.2
290500,581.0000000000849,-3028414.9425551035,-2432912.453286503,299.02097895358884,10.2
291000,582.0000000000613,-3027565.5885165483,-2431469.680059663,299.31895384002246,10.2
291500,583.0000000000376,-3029462.6559330784,-2432861.3488818957,299.5727307513738,10.2
292000,584.000000000014,-3026836.7090988606,-2430156.8742741016,299.61216207559653,10.2
292500,584.9999999999903,-3028753.392462611,-2430616.9391697166,300.3435771211301,10.2
293000,585.9999999999667,-3030272.62612037,-2430462.649297539,301.1839071839616,10.2
293500,586.999999999943,-3030129.2903751843,-2433834.2867666595,299.41892592783245,10.2
294000,587.9999999999194,-3029057.757392142,-2429585.946745785,301.01410305558187,10.2
294500,588.9999999998957,-3026535.5048094466,-2430198.0487461938,299.4402426725993,10.2
295000,589.9999999998721,-3027751.2057217173,-2428833.9981836136,300.73561897306485,10.2
295500,590.9999999998485,-3031036.23652314,-2432400.024950694,300.5945218487925,10.2
296000,591.9999999998248,-3026808.629379865,-2429357.9038327723,299.99925113502513,10.2
296500,592.9999999998012,-3024700.065418523,-2428974.5683255745,299.1329583645106,10.2
297000,593.9999999997775,-3026728.605859749,-2430587.817880146,299.3414892937942,10.2
297500,594.9999999997539,-3029056.969965022,-2433123.7945256555,299.2372403508543,10.2
298000,595.9999999997302,-3027061.6496503837,-2430094.1102359877,299.7566278160309,10.2
298500,596.9999999997066,-3027186.789603699,-2429101.3261827226,300.3179734642312,10.2
299000,597.9999999996829,-3031226.0637811646,-2435153.855405076,299.3070532661562,10.2
299500,598.9999999996593,-3029288.3557304293,-2434344.874231317,298.7402831488066,10.2
300000,599.9999999996356,-3027394.378163807,-2430081.412105359,299.93007765901615,10.2
300500,600.999999999612,-3026800.9531853274,-2428396.877501159,300.4779589429875,10.2
301000,601.9999999995883,-3029034.8490894735,-2431279.316804455,300.15230441491696,10.2
301500,602.9999999995647,-3025323.022924144,-2429621.833384429,299.1207527591691,10.2
302000,603.999999999541,-3029352.9028316215,-2430533.270045449,300.6866235475722,10.2
302500,604.9999999995174,-3028940.0476639196,-2430565.051176707,300.463357341655,10.2
303000,605.9999999994938,-3027436.8059651926,-2430722.131418193,299.6296562222012,10.2
303500,606.9999999994701,-3027287.4950305857,-2429892.576624329,299.9712285722549,10.2
304000,607.9999999994465,-3028143.2810058743,-2428887.7603425533,300.9054968891413,10.2
304500,608.9999999994228,-3026881.9317480326,-2428744.82170598,300.34390689603373,10.2
305000,609.9999999993992,-3026288.866004523,-2429549.8868411826,299.64186035283427,10.2
305500,610.9999999993755,-3027948.0750845186,-2430553.922360975,299.9708440983049,10.2
306000,611.9999999993519,-3028556.1918679364,-2430996.222048237,300.0541062026843,10.2
306500,612.9999999993282,-3026061.5000617057,-2428235.189045537,300.1878446953676,10.2
307000,613.9999999993046,-3027388.389489185,-2429147.7782711815,300.39587816989683,10.2
307500,614.9999999992809,-3028261.4855215102,-2431490.200537229,299.6580821459883,10.2
308000,615.9999999992573,-3027504.1229952723,-2431395.9177573523,299.325128449817,10.2
308500,616.9999999992336,-3028716.917151127,-2431409.1130381525,299.92748567994556,10.2
309000,617.99999999921,-3025903.9879551493,-2428302.710063187,300.0748483161588,10.2
309500,618.9999999991863,-3027771.9840854593,-2431742.124273995,299.2857886879564,10.2
310000,619.9999999991627,-3028171.1232890002,-2430693.94853233,300.01253213499234,10.1
310500,620.999999999139,-3027185.2601025216,-2428625.1475696135,300.5563100701514,10.1
311000,621.9999999991154,-3027007.6440932266,-2427564.0583820273,300.99993040661093,10.1
311500,622.9999999990918,-3027475.285163969,-2430911.1460391427,299.5540675384987,10.1
312000,623.9999999990681,-3028590.4944380224,-2430336.269290132,300.40271416255086,10.1
312500,624.9999999990445,-3028318.0119065978,-2433007.5581160104,298.92455175527454,10.1
313000,625.9999999990208,-3025063.7172051743,-2427388.227735973,300.11211233919056,10.1
313500,626.9999999989972,-3027692.222302422,-2429498.651647173,300.3722575883226,10.1
314000,627.9999999989735,-3028927.508123219,-2430186.092701512,300.6473480897613,10.1
314500,628.9999999989499,-3029121.617466558,-2432837.1550026704,299.41363287961565,10.1
315000,629.9999999989262,-3027202.374775585,-2429782.470012088,299.9837750269502,10.1
315500,630.9999999989026,-3025915.003986802,-2430248.084132739,299.10354484629454,10.1
316000,631.9999999988789,-3026460.5240815245,-2428443.452133042,300.28363190323734,10.1
316500,632.9999999988553,-3028462.8846054524,-2432087.8602876524,299.45910690315185,10.1
317000,633.9999999988316,-3026972.8253788017,-2430033.5145354094,299.7424533413846,10.1
317500,634.999999998808,-3027311.437441744,-2430277.6137886993,299.7899112670442,10.1
318000,635.9999999987843,-3027137.0680375844,-2429927.8923911857,299.8779611503932,10.1
318500,636.9999999987607,-3027190.1883865744,-2431751.2017826196,298.98909222046717,10.1
319000,637.999999998737,-3027686.0214963146,-2429631.432161425,300.3024705912588,10.1
319500,638.9999999987134,-3029062.7203674056,-2430572.0916052274,300.5214200310338,10.1
320000,639.9999999986898,-3025857.497683663,-2429148.999659216,299.6265547913032,10.1
320500,640.9999999986661,-3027008.830426015,-2429085.464022437,300.23657933120677,10.1
321000,641.9999999986425,-3030917.0242097713,-2433244.4431328764,300.11065194174427,10.1
321500,642.9999999986188,-3026144.4642968774,-2428195.82178211,300.2492712806918,10.1
322000,643.9999999985952,-3025938.0475235768,-2428795.8584826,299.84432501840206,10.1
322500,644.9999999985715,-3029670.7140466757,-2430952.224819123,300.6358361093023,10.1
323000,645.9999999985479,-3027750.288602736,-2431668.7322556633,299.3117471834533,10.1
323500,646.9999999985242,-3030698.1294298433,-2433754.1296767085,299.7448077939799,10.1
324000,647.9999999985006,-3025250.4706833735,-2426757.1793534616,300.52275699204523,10.1
324500,648.9999999984769,-3027937.087105885,-2429284.785128642,300.6026013592578,10.1
325000,649.9999999984533,-3027558.1443958804,-2428559.1525415126,300.7766855122532,10.1
325500,650.9999999984296,-3027967.301778149,-2431367.2890175665,299.5720808463786,10.1
326000,651.999999998406,-3028961.6639735997,-2429929.845142181,300.79316899467466,10.1
326500,652.9999999983823,-3025563.417575538,-2427336.3925789604,300.38905609055325,10.1
327000,653.9999999983587,-3029232.7038257048,-2433385.263203064,299.1941901381519,10.1
327500,654.999999998335,-3026765.4053722993,-2429228.694461637,300.04242715536697,10.1
328000,655.9999999983114,-3027737.7447951585,-2429584.03979541,300.35223975875994,10.1
328500,656.9999999982878,-3027950.307809107,-2428936.0385107524,300.78435680891306,10.1
329000,657.9999999982641,-3024738.8770946898,-2428411.123242856,299.4353708797706,10.1
329500,658.9999999982405,-3028188.233175613,-2433175.669220124,298.7749716750623,10.1
330000,659.9999999982168,-3029129.530049406,-2432375.4707630137,299.64943256829787,10.1
330500,660.9999999981932,-3027122.4993471913,-2428936.525965377,300.3684427526488,10.1
331000,661.9999999981695,-3028539.523212362,-2431337.874057383,299.87418185664916,10.1
331500,662.9999999981459,-3028585.5968429297,-2430553.5186610734,300.29116701631364,10.1
332000,663.9999999981222,-3026695.058171753,-2431140.889099972,299.04692904719485,10.1
332500,664.9999999980986,-3028982.0037797987,-2429693.215060974,300.9222018512596,10.1
333000,665.9999999980749,-3027028.5529280044,-2430197.530461565,299.6880782597193,10.1
333500,666.9999999980513,-3030688.319390271,-2433076.4508771715,300.08016620811924,10.1
334000,667.9999999980276,-3027978.1793029606,-2430235.2846634667,300.1459586460837,10.1
334500,668.999999998004,-3030638.4283988997,-2432319.2012541927,300.4353537586436,10.1
335000,669.9999999979804,-3029348.521126911,-2430462.5954806386,300.71991132769386,10.1
335500,670.9999999979567,-3029354.7160555758,-2430283.9344179016,300.81273347455397,10.1
336000,671.9999999979331,-3030483.9160577133,-2432584.4138284633,300.22459636069334,10.1
336500,672.9999999979094,-3031134.099660814,-2432912.7961461577,300.38618315021114,10.2
337000,673.9999999978858,-3028855.4250209816,-2431803.4445821964,299.79902837393234,10.2
337500,674.9999999978621,-3028043.897425264,-2430540.825902193,300.0255357354482,10.2
338000,675.9999999978385,-3029760.121686671,-2431257.3778327364,300.5275034087903,10.2
338500,676.9999999978148,-3028245.904720865,-2431400.416750905,299.6953418549213,10.2
339000,677.9999999977912,-3027130.1464001685,-2429909.015443355,299.88396429679216,10.2
339500,678.9999999977675,-3029039.8787073083,-2431470.480677886,300.05884041043635,10.2
340000,679.9999999977439,-3031526.8277148046,-2434578.1588813257,299.7471522895956,10.2
340500,680.9999999977202,-3030651.5881580673,-2432164.2952922215,300.5197449700478,10.2
341000,681.9999999976966,-3025823.6046220437,-2427837.899643575,300.2678815373711,10.2
341500,682.999999997673,-3028907.351790592,-2432258.195281075,299.59675750547035,10.2
342000,683.9999999976493,-3028403.95133448,-2431980.509837118,299.4834187283613,10.2
342500,684.9999999976257,-3029701.7576916404,-2432924.870471646,299.6608952089689,10.2
343000,685.999999997602,-3030114.250514053,-2431950.7094042655,300.3571787863976,10.2
343500,686.9999999975784,-3029809.793605812,-2431349.841061816,300.50601651390895,10.2
344000,687.9999999975547,-3026562.5707924515,-2428120.7537814146,300.49691007872684,10.2
344500,688.9999999975311,-3027729.368438851,-2429343.1484926622,300.4689930018759,10.2
345000,689.9999999975074,-3025417.234553769,-2429141.989988259,299.4090042759636,10.2
345500,690.9999999974838,-3026851.1328550205,-2430511.719449079,299.44122551740236,10.2
346000,691.9999999974601,-3030659.6069670245,-2433253.224354776,299.9769851193062,10.2
346500,692.9999999974365,-3030337.2690061815,-2430484.1470261225,301.20557175696325,10.2
347000,693.9999999974128,-3028270.456079107,-2430723.3401473975,300.0476518515448,10.2
347500,694.9999999973892,-3027709.414691858,-2430637.413324312,299.80908152706866,10.2
348000,695.9999999973655,-3026404.794502951,-2429109.900428443,299.9210031338435,10.2
348500,696.9999999973419,-3026366.721447531,-2429073.378356061,299.9202243353082,10.2
349000,697.9999999973182,-3028530.518284239,-2428790.271848711,301.14889331072027,10.2
349500,698.9999999972946,-3024804.790192064,-2427625.6516813627,299.86287853716647,10.2
350000,699.999999997271,-3026727.3059194386,-2428767.732802432,300.2547598881133,10.2
350500,700.9999999972473,-3027806.262820352,-2429339.11463888,300.5096296752325,10.2
351000,701.9999999972237,-3025300.261112079,-2430150.933141132,298.84364529192356,10.2
351500,702.9999999972,-3027529.865300469,-2431326.554009944,299.3728842618697,10.2
352000,703.9999999971764,-3031724.287172679,-2434232.7453239285,300.0197463146405,10.2
352500,704.9999999971527,-3027780.82961395,-2429962.494521511,300.18383972718584,10.2
353000,705.9999999971291,-3025273.2141013965,-2427499.862124179,300.16125225628116,10.2
353500,706.9999999971054,-3026490.210224841,-2428079.578779312,300.48125080190545,10.2
354000,707.9999999970818,-3029518.13302397,-2430585.637803157,300.74329541091686,10.2
354500,708.9999999970581,-3026347.0036126673,-2431047.4848610004,298.9190609200525,10.2
355000,709.9999999970345,-3028841.2999126688,-2431198.519466732,300.095688085164,10.2
355500,710.9999999970108,-3025250.132181864,-2428202.623626975,299.7967828970041,10.2
356000,711.9999999969872,-3028393.5650449134,-2432129.1993878605,299.40354162565495,10.2
356500,712.9999999969635,-3027088.5468530357,-2429057.924748174,300.29043587315937,10.2
357000,713.9999999969399,-3030564.3740837835,-2432182.9949527285,300.46656227269125,10.2
357500,714.9999999969162,-3027008.6557285264,-2431221.799294372,299.16376886590416,10.2
358000,715.9999999968926,-3029855.039252311,-2433749.328972062,299.3238756512164,10.2
358500,716.999999996869,-3028415.860433139,-2430853.7249972336,300.05519362832837,10.2
359000,717.9999999968453,-3029308.020166822,-2430246.257648252,300.8082046843766,10.2
359500,718.9999999968217,-3028100.922177173,-2430933.595928274,299.8569472200834,10.2
360000,719.999999996798,-3024628.069363948,-2428105.422960207,299.5332327069038,10.2
360500,720.9999999967744,-3027097.0065671466,-2425531.6934700874,302.06531806061,10.2
361000,721.9999999967507,-3026756.6593526863,-2429712.3108824254,299.7951961167367,10.2
361500,722.9999999967271,-3025098.722983312,-2427736.362972223,299.9548799534469,10.2
362000,723.9999999967034,-3029696.8417655826,-2433588.7785767294,299.3250571224057,10.2
362500,724.9999999966798,-3029990.4436754584,-2431292.9541282523,300.6252914934725,10.2
363000,725.9999999966561,-3030201.6029321514,-2433699.370590321,299.5229821489517,10.2
363500,726.9999999966325,-3032151.712379586,-2434006.5301109278,300.3479602209913,10.2
364000,727.9999999966088,-3029589.380993709,-2432283.8360179258,299.92635129440276,10.2
364500,728.9999999965852,-3030209.560127899,-2433452.8496587966,299.6507638125222,10.2
365000,729.9999999965615,-3025492.030486472,-2427827.05453347,300.1068331641026,10.2
365500,730.9999999965379,-3025692.0182602294,-2430015.341059554,299.1084443242792,10.2
366000,731.9999999965142,-3025676.3372268155,-2427648.2138567846,300.2891811779253,10.2
366500,732.9999999964906,-3029232.8227849416,-2431342.379665429,300.22004748993163,10.2
367000,733.999999996467,-3025947.437507715,-2428337.3981998437,300.0792477052618,10.2
367500,734.9999999964433,-3029221.113032073,-2431696.4548794795,300.0363750773628,10.2
368000,735.9999999964197,-3029353.8433669284,-2432188.098441923,299.85615318642726,10.2
368500,736.999999996396,-3027468.2259475924,-2429869.259465887,300.073687682626,10.2
369000,737.9999999963724,-3029199.281625502,-2432487.6915760865,299.6281073966233,10.2
369500,738.9999999963487,-3028677.0706103407,-2431426.2303652484,299.898882287271,10.2
370000,739.9999999963251,-3029160.6856762692,-2430390.183647795,300.6619534117988,10.2
370500,740.9999999963014,-3024326.8761167526,-2424670.22179381,301.1069190187763,10.2
371000,741.9999999962778,-3028314.679797191,-2431070.9255466815,299.89532418117574,10.2
371500,742.9999999962541,-3026700.2930080667,-2427910.4780731807,300.6716510441105,10.2
372000,743.9999999962305,-3027242.8646044843,-2430047.5174420504,299.8710174232267,10.2
372500,744.9999999962068,-3028352.7854251415,-2431481.2432384356,299.70842451626635,10.2
373000,745.9999999961832,-3031021.6545596495,-2434527.065227011,299.51914434788114,10.2
373500,746.9999999961595,-3027618.411029801,-2428411.3039701106,300.8811868595223,10.2
374000,747.9999999961359,-3028341.0783261023,-2433341.050007927,298.76867712783707,10.2
374500,748.9999999961123,-3032721.590277359,-2435823.4346080488,299.7217880030108,10.2
375000,749.9999999960886,-3028049.7243051454,-2430504.0703918203,300.0469177250276,10.2
375500,750.999999996065,-3028767.3645350114,-2430658.84904058,300.32954865274104,10.2
376000,751.9999999960413,-3027639.0367771275,-2429636.475014437,300.276345871628,10.2
376500,752.9999999960177,-3028713.3538274094,-2431998.1139078345,299.62994011398024,10.2
377000,753.999999995994,-3026817.3122618496,-2430529.548406965,299.415290614362,10.2
377500,754.9999999959704,-3027576.0114018843,-2429156.44026644,300.4857397081285,10.2
378000,755.9999999959467,-3027774.388997283,-2431093.9305977835,299.6124751925568,10.2
378500,756.9999999959231,-3028082.8187129796,-2431009.136048699,299.8099257603079,10.2
379000,757.9999999958994,-3029235.9190146253,-2433211.506843322,299.28305325238176,10.2
379500,758.9999999958758,-3027238.202257406,-2431132.768977021,299.3237365606637,10.2
380000,759.9999999958521,-3025029.4792375043,-2426029.532516491,300.77716498154876,10.2
380500,760.9999999958285,-3029395.7927987054,-2431261.672190273,300.3424058051337,10.2
381000,761.9999999958048,-3030805.193827994,-2431566.6558247153,300.89696934858114,10.2
381500,762.9999999957812,-3027394.1602081247,-2429366.0504050716,300.2891743655087,10.2
382000,763.9999999957575,-3026084.488265805,-2428643.45107728,299.99438629815955,10.2
382500,764.9999999957339,-3029324.082949195,-2430641.296191805,300.6179087491796,10.2
383000,765.9999999957103,-3031270.247680243,-2433056.7765908632,300.38225023722424,10.2
383500,766.9999999956866,-3030031.8257901855,-2432982.3822250636,299.7977545279619,10.2
384000,767.999999995663,-3030044.7276040316,-2430903.833963372,300.84793896932,10.2
384500,768.9999999956393,-3026452.8306009844,-2430175.1310893744,299.4102369834658,10.2
385000,769.9999999956157,-3030420.1715388633,-2434196.6292036413,299.38304292098456,10.2
385500,770.999999995592,-3028611.7343592867,-2432074.4159322707,299.5406000023256,10.2
386000,771.9999999955684,-3031035.5249986798,-2434950.566483552,299.31345552160576,10.2
386500,772.9999999955447,-3028082.0328739285,-2432509.370944354,299.0562149066844,10.2
387000,773.9999999955211,-3028094.955121111,-2428683.9454241972,300.9835729406765,10.2
387500,774.9999999954974,-3024870.7835097127,-2426405.216982674,300.50883547560176,10.2
388000,775.9999999954738,-3027709.2371242493,-2431866.937922382,299.1916084651941,10.2
388500,776.9999999954501,-3029891.817914095,-2431265.9648940554,300.58932048601537,10.2
389000,777.9999999954265,-3027994.0321282595,-2430733.6343456777,299.90368143466026,10.2
389500,778.9999999954028,-3032132.6849834025,-2435588.3041626983,299.54414625765185,10.2
390000,779.9999999953792,-3027555.427480016,-2427729.441321983,301.1919459867723,10.2
390500,780.9999999953556,-3030052.061659999,-2431575.7444266537,300.51423375148175,10.2
391000,781.9999999953319,-3028725.5817570724,-2429965.6741486294,300.65663361229105,10.2
391500,782.9999999953083,-3030637.7170164473,-2433285.2950097388,299.9498897613785,10.2
392000,783.9999999952846,-3029113.058428757,-2433366.038891781,299.143765476821,10.2
392500,784.999999995261,-3031076.409555644,-2434948.0074675586,299.33526993875637,10.2
393000,785.9999999952373,-3029298.2225098982,-2431090.0759562133,300.37957661636693,10.2
393500,786.9999999952137,-3028105.209734019,-2429548.455835057,300.55462359187686,10.2
394000,787.99999999519,-3027112.8714014255,-2429624.5996808065,300.0181042779861,10.2
394500,788.9999999951664,-3027215.008458417,-2430931.186289506,299.4133113668863,10.2
395000,789.9999999951427,-3025458.0945656076,-2429696.5909151584,299.1510384166796,10.2
395500,790.9999999951191,-3027382.2788217478,-2429052.308336282,300.4407483360448,10.2
396000,791.9999999950954,-3026457.062356565,-2428119.0857384214,300.44476847311245,10.2
396500,792.9999999950718,-3027080.53005388,-2429357.7778076027,300.13584450173244,10.2
397000,793.9999999950481,-3027957.1431456357,-2431312.5449150642,299.59446864680524,10.2
397500,794.9999999950245,-3029103.83218424,-2432869.0752056646,299.38867415459754,10.2
398000,795.9999999950008,-3030928.0455283225,-2433506.7112440616,299.9844928353656,10.2
398500,796.9999999949772,-3029536.568575736,-2432449.043272326,299.8168765952388,10.2
399000,797.9999999949536,-3031450.390036881,-2434459.2101948387,299.76849843612916,10.2
399500,798.9999999949299,-3031432.488850698,-2434839.053481632,299.5687781262631,10.2
400000,799.9999999949063,-3029043.4133613445,-2430499.818244286,300.54801614368387,10.2
400500,800.9999999948826,-3029104.4466559626,-2431709.6018322255,299.97119162410206,10.2
401000,801.999999994859,-3030293.190114364,-2432078.4554988462,300.382884694392,10.2
401500,802.9999999948353,-3028501.686387241,-2432343.5191963306,299.3502159555167,10.2
402000,803.9999999948117,-3027843.484386351,-2429905.572828209,300.24388292176275,10.2
402500,804.999999994788,-3027933.5754044093,-2430871.369648017,299.80416283522527,10.2
403000,805.9999999947644,-3027712.176190097,-2429195.589323303,300.5344544313828,10.2
403500,806.9999999947407,-3027561.3695482723,-2431565.918166466,299.26851110724755,10.2
404000,807.9999999947171,-3032783.1443276517,-2435405.5865749647,299.9625112289705,10.2
404500,808.9999999946934,-3029297.614849832,-2430144.9536264734,300.85384785158664,10.2
405000,809.9999999946698,-3028971.406983003,-2432681.42972477,299.41640203546916,10.2
405500,810.9999999946461,-3026748.219450753,-2428590.517929679,300.3542465408316,10.2
406000,811.9999999946225,-3028680.463135045,-2431467.364706283,299.87993090575736,10.2
406500,812.9999999945989,-3028940.7721833102,-2430227.5044078473,300.633214250043,10.2
407000,813.9999999945752,-3031315.4686481208,-2432631.724063882,300.6183897048886,10.2
407500,814.9999999945516,-3027710.6580355205,-2430805.5501876716,299.72527891576107,10.2
408000,815.9999999945279,-3027601.0591820404,-2430701.678110073,299.7224033171512,10.2
408500,816.9999999945043,-3027324.1689324826,-2428966.215313255,300.45479956874743,10.2
409000,817.9999999944806,-3026741.63699048,-2429526.9965842515,299.88070518230523,10.2
409500,818.999999994457,-3029222.396588698,-2431230.5868018204,300.2709469582878,10.2
410000,819.9999999944333,-3030004.5124520585,-2434476.565665505,299.0337619932523,10.2
410500,820.9999999944097,-3029127.287108328,-2433212.7238723794,299.2278945640828,10.2
411000,821.999999994386,-3030656.3152846396,-2434813.6686377064,299.1917829285516,10.2
411500,822.9999999943624,-3028295.1811459437,-2430316.756850332,300.2642256720227,10.2
412000,823.9999999943387,-3028455.4516183957,-2431092.1086796722,299.9553735130691,10.2
412500,824.9999999943151,-3028037.3170586936,-2430518.243116281,300.03357106558275,10.2
413000,825.9999999942914,-3029641.930466447,-2430607.7457296727,300.7943569919516,10.2
413500,826.9999999942678,-3030717.0236373693,-2432528.921496509,300.3695116711258,10.2
414000,827.9999999942441,-3027254.264006652,-2430957.7346407743,299.4196920597387,10.2
414500,828.9999999942205,-3028057.134112455,-2432336.970667906,299.1302801678707,10.2
415000,829.9999999941969,-3026128.7593988962,-2428268.527615776,300.20487740492547,10.2
415500,830.9999999941732,-3028291.0095493495,-2429791.0607732455,300.5260999101919,10.2
416000,831.9999999941496,-3029249.024762202,-2432156.9174353112,299.8191773767995,10.2
416500,832.9999999941259,-3030146.0148487277,-2435367.5584137454,298.65741874921594,10.2
417000,833.9999999941023,-3029169.9705355093,-2431112.5136027364,300.3039105045113,10.2
417500,834.9999999940786,-3029195.8469243795,-2432117.6013159296,299.81221696153193,10.2
418000,835.999999994055,-3027844.4726132974,-2427798.5643014666,301.3023759831323,10.2
418500,836.9999999940313,-3028931.5069610327,-2433247.3656172818,299.1121923109118,10.2
419000,837.9999999940077,-3027639.171641063,-2430883.8274819306,299.6500777442818,10.2
419500,838.999999993984,-3029853.8180250004,-2430886.3977199467,300.76083242053124,10.2
420000,839.9999999939604,-3029306.716124706,-2430762.7756937835,300.5481895368963,10.2
420500,840.9999999939367,-3029967.205523815,-2434064.4005129524,299.22199038057505,10.2
421000,841.9999999939131,-3025734.24443724,-2428879.217883086,299.70013148525015,10.2
421500,842.9999999938894,-3029058.5851948485,-2430149.0858030026,300.73174846457584,10.2
422000,843.9999999938658,-3025370.7869593576,-2426855.6152157993,300.5337438524302,10.2
422500,844.9999999938422,-3025799.337265447,-2428514.1716575925,299.91611815741607,10.2
423000,845.9999999938185,-3027559.712228548,-2430081.2014611717,300.0132029889961,10.2
423500,846.9999999937949,-3028921.2826038785,-2432640.220991778,299.41192520240384,10.2
424000,847.9999999937712,-3025041.7169432454,-2428235.8528989004,299.67544540571936,10.2
424500,848.9999999937476,-3026572.8190790527,-2429091.6550372494,300.0145352835389,10.2
425000,849.9999999937239,-3028453.7268297113,-2430455.150152114,300.2743448320565,10.2
425500,850.9999999937003,-3030573.849646844,-2432282.6746284673,300.42126788255047,10.2
426000,851.9999999936766,-3031952.777423259,-2434096.864997749,300.2027085163576,10.2
426500,852.999999993653,-3029363.265410222,-2434263.3439118243,298.8188367108435,10.2
427000,853.9999999936293,-3031040.389072679,-2432872.836125489,300.359193259165,10.2
427500,854.9999999936057,-3027576.7041983046,-2428182.3935016906,300.97518783480837,10.2
428000,855.999999993582,-3029125.7763790563,-2430725.532136128,300.47603505294353,10.2
428500,856.9999999935584,-3026548.4842023775,-2427736.4602245577,300.6828029198446,10.2
429000,857.9999999935347,-3030072.496483326,-2432938.3242162117,299.84029953805305,10.2
429500,858.9999999935111,-3031163.4483919702,-2435746.5249129357,298.9780136148674,10.2
430000,859.9999999934874,-3030090.281258367,-2431149.0769868647,300.74766850575674,10.2
430500,860.9999999934638,-3029604.0370050445,-2431140.8021879047,300.50766464896526,10.2
431000,861.9999999934402,-3028072.3260271177,-2428600.0456448793,301.0143389250964,10.2
431500,862.9999999934165,-3027949.288267087,-2431653.9157418804,299.41911117277976,10.2
432000,863.9999999933929,-3028989.1247036234,-2431244.9674319075,300.1465926543875,10.2
432500,864.9999999933692,-3027781.236053407,-2432094.4227915015,299.11353396707074,10.2
433000,865.9999999933456,-3028691.828749411,-2430312.956713998,300.4653033792243,10.2
433500,866.9999999933219,-3029172.4919177257,-2429465.863734379,301.13201250357156,10.2
434000,867.9999999932983,-3026825.751665041,-2428524.190986479,300.42648285701586,10.2
434500,868.9999999932746,-3026282.816325035,-2428653.0200640243,300.08916830773677,10.2
435000,869.999999993251,-3025482.80281597,-2429397.8294265433,299.3134629904705,10.2
435500,870.9999999932273,-3028611.298644662,-2432694.9621807137,299.228784958971,10.2
436000,871.9999999932037,-3027773.3240385726,-2431099.0726552177,299.6093584498441,10.2
436500,872.99999999318,-3030441.7365094163,-2432271.324950022,300.36062866041874,10.2
437000,873.9999999931564,-3025664.823860895,-2427908.4788001054,300.15271253580835,10.2
437500,874.9999999931327,-3028878.800411567,-2432481.051217314,299.47051779550947,10.2
438000,875.9999999931091,-3025025.757877294,-2427612.380209299,299.9804975620833,10.2
438500,876.9999999930855,-3030904.45352285,-2435094.9014796605,299.17516506214804,10.2
439000,877.9999999930618,-3025260.687432859,-2427438.1571019404,300.18594629154046,10.2
439500,878.9999999930382,-3029311.443419505,-2432248.8482775036,299.8043583582802,10.2
440000,879.9999999930145,-3029302.005688194,-2427744.8538239365,302.06122004277506,10.2
440500,880.9999999929909,-3026428.1046633758,-2429680.572912692,299.64615488238906,10.2
441000,881.9999999929672,-3028449.6856258996,-2431555.498287889,299.719795376059,10.2
441500,882.9999999929436,-3026761.6843629032,-2428858.982545021,300.2262029771936,10.2
442000,883.9999999929199,-3024426.351714898,-2429663.595756992,298.6495350340172,10.2
442500,884.9999999928963,-3030806.599879034,-2433607.695809842,299.87280346066547,10.2
443000,885.9999999928726,-3031474.2504156493,-2433504.061953453,300.2600901948168,10.2
443500,886.999999992849,-3027447.919391677,-2429072.993444868,300.46332192104643,10.2
444000,887.9999999928253,-3028146.5581348464,-2430976.9423165172,299.85809688663335,10.2
444500,888.9999999928017,-3032831.329690352,-2438438.2768517192,298.4638951909616,10.2
445000,889.999999992778,-3027985.536412537,-2430566.791159445,299.983192799432,10.2
445500,890.9999999927544,-3025434.3546489254,-2429215.165288101,299.38085715234513,10.2
446000,891.9999999927307,-3028398.2246059105,-2431400.9161312715,299.77157581993816,10.2
446500,892.9999999927071,-3030113.062377576,-2434619.353616273,299.0165699780846,10.2
447000,893.9999999926835,-3028269.3246730827,-2430820.765318541,299.99816341997996,10.2
447500,894.9999999926598,-3030155.544371441,-2432371.383522139,300.16667973907147,10.2
448000,895.9999999926362,-3028539.783839885,-2431135.3786282344,299.97599220278073,10.2
448500,896.9999999926125,-3028670.075358253,-2432561.7323839543,299.3251976116887,10.2
449000,897.9999999925889,-3026705.4229559414,-2429402.8959230934,299.9248358880574,10.2
449500,898.9999999925652,-3023920.374000121,-2428438.4917880204,299.01063148683767,10.2
450000,899.9999999925416,-3025611.7532570623,-2428540.650480501,299.80863031559466,10.2
450500,900.9999999925179,-3029079.186625559,-2430701.1055688956,300.4649062033196,10.2
451000,901.9999999924943,-3027787.311388556,-2429528.5914746234,300.4049711293417,10.2
451500,902.9999999924706,-3027372.543211419,-2430830.380425103,299.5430325111502,10.2
452000,903.999999992447,-3030177.8300630637,-2430676.7362839174,301.0288070596646,10.2
452500,904.9999999924233,-3028431.4295042306,-2431743.3215986304,299.6163162559344,10.2
453000,905.9999999923997,-3029027.565521281,-2431875.7903868034,299.8491385046843,10.2
453500,906.999999992376,-3026997.981721841,-2429385.238553186,300.08060540084324,10.2
454000,907.9999999923524,-3028742.6249961182,-2430536.1801992827,300.3787221094451,10.2
454500,908.9999999923288,-3029635.942654062,-2433412.2831505015,299.383101754981,10.2
455000,909.9999999923051,-3031721.912372075,-2432392.145529923,300.9427782867471,10.2
455500,910.9999999922815,-3029242.937215939,-2432882.5385076283,299.45176291358666,10.2
456000,911.9999999922578,-3029141.325040132,-2431977.2316507474,299.8553238972017,10.2
456500,912.9999999922342,-3028612.9997774363,-2432909.642801142,299.1218410988816,10.2
457000,913.9999999922105,-3030486.124316681,-2433072.0938282623,299.9808253642432,10.2
457500,914.9999999921869,-3026690.2713190503,-2427935.129089782,300.6542407619311,10.2
458000,915.9999999921632,-3031472.2753470168,-2435868.816239247,299.0716791617278,10.2
458500,916.9999999921396,-3027479.9862562306,-2429733.1911949497,300.14791717348226,10.2
459000,917.9999999921159,-3025482.6479108557,-2428116.6580294287,299.9567026282494,10.2
459500,918.9999999920923,-3028691.2281856313,-2431568.9023366645,299.8343510699687,10.2
460000,919.9999999920686,-3026489.3062217943,-2427610.165507798,300.7165043946787,10.2
460500,920.999999992045,-3027233.2507751174,-2432016.7713434333,298.87736420307755,10.2
461000,921.9999999920213,-3028417.9734087586,-2431273.901742118,299.84527034538104,10.2
461500,922.9999999919977,-3026103.6429373696,-2430391.2405947535,299.12638306863175,10.2
462000,923.999999991974,-3028185.5738702863,-2429131.743380445,300.80422175728876,10.2
462500,924.9999999919504,-3027956.204000026,-2432405.0874812137,299.04539626203706,10.2
463000,925.9999999919268,-3026694.0544297136,-2429111.2642406113,300.06556504512724,10.2
463500,926.9999999919031,-3025768.975617677,-2427455.4394749557,300.4324961232591,10.2
464000,927.9999999918795,-3027104.9047706276,-2430548.9604872344,299.5499526446874,10.2
464500,928.9999999918558,-3025521.5175580233,-2427648.3872925756,300.211354148318,10.2
465000,929.9999999918322,-3026741.6845908165,-2427589.924393642,300.85339541732054,10.2
465500,930.9999999918085,-3028538.577732783,-2430356.8137641037,300.3663290707429,10.2
466000,931.9999999917849,-3026631.2310389243,-2428282.83291345,300.4500014475843,10.2
466500,932.9999999917612,-3026093.9422286227,-2429561.4011461344,299.5382011437765,10.2
467000,933.9999999917376,-3027609.146369539,-2430622.683203595,299.7661300411523,10.2
467500,934.9999999917139,-3029404.8892027326,-2432176.3654590286,299.8876764531862,10.2
468000,935.9999999916903,-3027551.0446535423,-2430375.31163888,299.861168527926,10.2
468500,936.9999999916666,-3028831.7000995986,-2429552.7081918623,300.9172825568906,10.2
469000,937.999999991643,-3028364.694503028,-2430575.8374376935,300.16903786039046,10.2
469500,938.9999999916193,-3029991.014432706,-2432004.1512608207,300.2684631035868,10.2
470000,939.9999999915957,-3031720.4428229816,-2433025.756889796,300.6238837085783,10.2
470500,940.999999991572,-3029834.973595429,-2431851.225482925,300.26689893194634,10.2
471000,941.9999999915484,-3028332.7936800234,-2429716.156744379,300.5846927932222,10.2
471500,942.9999999915248,-3030360.4039454795,-2433726.971246994,299.58886207354124,10.2
472000,943.9999999915011,-3029434.38542312,-2431373.2282582903,300.3057685101988,10.2
472500,944.9999999914775,-3027122.799659919,-2429926.234059472,299.8716292401945,10.2
473000,945.9999999914538,-3028278.205830034,-2430015.034690647,300.4072062330009,10.2
473500,946.9999999914302,-3028945.0969037674,-2432666.3557859003,299.410760007514,10.2
474000,947.9999999914065,-3027392.783575751,-2430566.480150532,299.6857086771384,10.2
474500,948.9999999913829,-3029996.4499689713,-2434128.022939616,299.2047280888635,10.2
475000,949.9999999913592,-3026654.240738012,-2429892.604149542,299.65323737570986,10.2
475500,950.9999999913356,-3029611.9741779454,-2432767.2540946184,299.6949562743118,10.2
476000,951.9999999913119,-3027768.9032694213,-2428763.599367406,300.77985499466644,10.2
476500,952.9999999912883,-3027169.345159374,-2430126.3753647013,299.7945038393216,10.2
477000,953.9999999912646,-3029522.31014625,-2431212.683464692,300.4305330568985,10.2
477500,954.999999991241,-3028377.8476129957,-2430370.633407361,300.27868201306933,10.2
478000,955.9999999912174,-3030122.7890685573,-2433422.123629754,299.62262179779077,10.2
478500,956.9999999911937,-3023995.2967193797,-2427723.7826049235,299.4071310963446,10.2
479000,957.9999999911701,-3030311.209418036,-2432956.4876488172,299.9510445462024,10.2
479500,958.9999999911464,-3027860.050086435,-2429238.618042794,300.5871005713812,10.2
480000,959.9999999911228,-3028679.713185217,-2431575.8095267904,299.8251006947832,10.2
480500,960.9999999910991,-3027969.501772236,-2430138.3110453994,300.1902949552527,10.2
481000,961.9999999910755,-3030259.6551324762,-2432068.5553005426,300.37101690835914,10.2
481500,962.9999999910518,-3026880.4540606067,-2428048.90621742,300.69260648144217,10.2
482000,963.9999999910282,-3031634.2276770435,-2431042.9040054623,301.5762466012202,10.2
482500,964.9999999910045,-3031285.395761896,-2435824.164489394,299.00026198496903,10.2
483000,965.9999999909809,-3029102.878428258,-2429811.681127844,300.92341127764786,10.2
483500,966.9999999909572,-3028679.3957608193,-2431394.5922209644,299.9159363514126,10.2
484000,967.9999999909336,-3031993.8746958114,-2435135.598475457,299.70176324730994,10.2
484500,968.9999999909099,-3031563.806374207,-2436088.157903811,299.0075013243603,10.2
485000,969.9999999908863,-3030147.9615723006,-2435279.9131392604,298.70240577689157,10.2
485500,970.9999999908626,-3027222.6749497764,-2432680.027313596,298.5390115567451,10.2
486000,971.999999990839,-3029501.5659621805,-2432969.0806122697,299.53817315865416,10.2
486500,972.9999999908154,-3031101.403620705,-2434134.079478285,299.75651972103867,10.2
487000,973.9999999907917,-3029425.4943753295,-2432835.577104463,299.56701157585127,10.2
487500,974.9999999907681,-3031478.761731077,-2433527.6878073597,300.25049216943285,10.2
488000,975.9999999907444,-3029711.504408188,-2432407.9200181095,299.9253668211766,10.2
488500,976.9999999907208,-3031125.3984390236,-2430714.4780677576,301.4856602939605,10.2
489000,977.9999999906971,-3028656.7545695268,-2430154.593856823,300.52721059479734,10.2
489500,978.9999999906735,-3028056.6040617637,-2429533.978068007,300.53748687153046,10.2
490000,979.9999999906498,-3031272.0695364103,-2435678.6009651236,299.0666625915986,10.2
490500,980.9999999906262,-3027061.8140696026,-2430910.7350078486,299.34665677758284,10.2
491000,981.9999999906025,-3027920.2529881485,-2429661.6812998923,300.4048967004558,10.2
491500,982.9999999905789,-3027498.9705729224,-2429794.0635222127,300.1268838543054,10.2
492000,983.9999999905552,-3027273.5794735625,-2429627.8874423723,300.09715008589205,10.2
492500,984.9999999905316,-3025956.7151129134,-2425744.363657225,301.3859524462256,10.2
493000,985.999999990508,-3029100.543834284,-2432734.3527349937,299.45467145965046,10.2
493500,986.9999999904843,-3027060.304305259,-2429451.6520044664,300.0785512443369,10.2
494000,987.9999999904607,-3027153.483762279,-2428654.49061465,300.52562005835705,10.2
494500,988.999999990437,-3028690.4667865075,-2433976.7744922005,298.62489858835227,10.2
495000,989.9999999904134,-3027359.469990194,-2431321.702826514,299.2897592241725,10.2
495500,990.9999999903897,-3030628.181791622,-2433809.3149994276,299.68197450418853,10.2
496000,991.9999999903661,-3027916.4236205257,-2430337.3527379297,300.06369746154434,10.2
496500,992.9999999903424,-3028515.154138468,-2430906.455846562,300.0785743379561,10.2
497000,993.9999999903188,-3030252.393154815,-2432472.7381872013,300.16441719075664,10.2
497500,994.9999999902951,-3025471.8194699846,-2426022.0457094195,301.0030376254934,10.2
498000,995.9999999902715,-3026852.612415027,-2429597.970006653,299.9007914759093,10.2
498500,996.9999999902478,-3028612.551308099,-2431675.399797315,299.74136907093737,10.2
499000,997.9999999902242,-3029471.1837068275,-2431905.95665773,300.05674602688225,10.2
499500,998.9999999902005,-3030627.9074013606,-2433406.777985822,299.8839635228683,10.2
500000,999.9999999901769,-3030080.2945686206,-2434004.872052281,299.3086671894924,10.2
