#"Step","Time (ps)","Potential Energy (kJ/mole)","Total Energy (kJ/mole)","Temperature (K)","Speed (ns/day)"
500,1.0000000000000007,-2161144.7725177854,-1718675.0950959343,299.69987145055444,0
1000,2.0000000000000013,-2173959.4119977523,-1731079.3605675453,299.97783182575466,15.7
1500,2.999999999999891,-2174292.185018176,-1731291.6202744371,300.05945962177464,15.9
2000,3.999999999999781,-2175655.00798185,-1731985.9958015415,300.5122219714538,16
2500,4.999999999999671,-2180011.7510733604,-1735254.1788864895,301.2495409577715,16.1
3000,5.999999999999561,-2183474.6671042424,-1740348.917278401,300.14425176670125,16.2
3500,6.999999999999451,-2183378.6168036927,-1741232.1826428992,299.48092771558316,16.1
4000,7.999999999999341,-2183934.6168036927,-1741033.015178888,299.9924285108613,16.2
4500,8.999999999999675,-2183360.257685354,-1740306.072818371,300.0957783682637,16.1
5000,10.000000000000009,-2184216.624055898,-1740294.6513113836,300.6835608279745,16.1
5500,11.000000000000343,-2184658.4063730873,-1740627.486356195,300.7573545480704,16.1
6000,12.000000000000677,-2189262.91760901,-1746136.1344761176,300.14495166096776,16.2
6500,13.00000000000101,-2187476.03684311,-1744711.708219671,299.89944880408774,16.2
7000,14.000000000001345,-2187622.6979048736,-1745851.419892531,299.2268216034544,16.2
7500,15.000000000001679,-2190459.71450291,-1746609.9971750872,300.63461975879164,16.2
8000,16.00000000000201,-2190079.5739741884,-1746175.4450841045,300.67147457404155,16.2
8500,17.000000000001457,-2191357.3785902653,-1748920.6931104418,299.6775248779209,16.3
9000,18.000000000000902,-2190573.2515997607,-1748842.4069836033,299.1994346789771,16.3
9500,19.000000000000348,-2191490.3296118323,-1749301.2243209174,299.50983033391975,16.3
10000,19.999999999999794,-2192907.167267084,-1749154.7401940348,300.5687217360866,16.2
10500,20.99999999999924,-2193236.1931571234,-1750359.9746707608,299.9752356415729,16.2
11000,21.999999999998685,-2192340.722219683,-1749267.387050726,300.1087495238768,16.2
11500,22.99999999999813,-2191516.101817893,-1749963.1856205268,299.0789176651336,16.2
12000,23.999999999997577,-2190833.8672631364,-1747880.6787743997,300.0273700611595,16.2
12500,24.999999999997023,-2194124.83005267,-1751595.4507699038,299.74030956632737,16.2
13000,25.99999999999647,-2195170.8087478336,-1753177.4045918842,299.37727525052145,16.2
13500,26.999999999995914,-2193314.979242405,-1752124.3514197753,298.833527336989,16.2
14000,27.99999999999536,-2195717.911311757,-1753595.431268147,299.4647027713509,16.2
14500,28.999999999994806,-2196962.899820775,-1754452.8513186392,299.72721616633714,16.2
15000,29.99999999999425,-2193814.2923236676,-1751371.0804895628,299.6819454012674,16.2
15500,30.999999999993697,-2195190.593626203,-1752719.660487107,299.700721990865,16.2
16000,31.999999999993143,-2193475.732233973,-1750108.0794511917,300.30810092698937,16.2
16500,32.999999999994365,-2193197.809991559,-1748901.5222303765,300.93709721273,16.2
17000,33.99999999999559,-2193490.2503974326,-1750059.8695421207,300.3505887995667,16.2
17500,34.99999999999681,-2193185.473241532,-1749962.796452675,300.2099037194524,16.2
18000,35.99999999999803,-2194319.9228071775,-1749288.7232007124,301.43487818348956,16.2
18500,36.999999999999254,-2194048.170687355,-1751875.792473509,299.4985005115544,16.2
19000,38.000000000000476,-2195132.1686433926,-1751937.4694202084,300.19095355571574,16.2
19500,39.0000000000017,-2194969.927536968,-1750796.467693565,300.85390165595544,16.2
20000,40.00000000000292,-2193676.4612598363,-1749281.2059843745,301.00413130076095,16.2
20500,41.00000000000414,-2197471.745613536,-1752511.36551893,301.3869097018435,16.2
21000,42.000000000005365,-2196829.718992306,-1754546.0442995033,299.57388542974934,16.1
21500,43.00000000000659,-2197828.909638379,-1755029.3806476637,299.92329121880226,16.1
22000,44.00000000000781,-2196723.594064245,-1753922.1302274612,299.9246017563321,16.1
22500,45.00000000000903,-2198192.9408873133,-1755576.130359601,299.7995297439083,16.1
23000,46.00000000001025,-2195133.015167946,-1752243.8866288643,299.98398006257565,16.1
23500,47.000000000011475,-2197708.7657692116,-1754636.7605475187,300.1078487050309,16.1
24000,48.0000000000127,-2199191.993669424,-1757843.8417012573,298.94022383751087,16.1
24500,49.00000000001392,-2196488.2792168576,-1753292.0104814223,300.19201664013457,16.1
25000,50.00000000001514,-2197578.7088633794,-1755301.2326585425,299.56968698149115,16.1
25500,51.000000000016364,-2196745.460707536,-1753733.9147697757,300.0668975606989,16.1
26000,52.000000000017586,-2196687.495820539,-1754342.973627797,299.6150995260829,16.1
26500,53.00000000001881,-2196218.442982884,-1754753.0121138315,299.01966085503506,16.1
27000,54.00000000002003,-2196719.225157909,-1752338.6859104794,300.9941636308062,16.1
27500,55.00000000002125,-2197490.5492533613,-1753719.2490038816,300.58150518507455,16.1
28000,56.000000000022474,-2194752.0142845437,-1750702.2970334003,300.77008655881866,16.1
28500,57.0000000000237,-2195814.486245619,-1754610.5763422805,298.84252374529507,16.1
29000,58.00000000002492,-2195987.241083376,-1753603.198354837,299.6418681389448,16.1
29500,59.00000000002614,-2198038.3606232274,-1753332.6200234178,301.214433648114,16.1
30000,60.00000000002736,-2198320.3206209857,-1754137.9538434474,300.85993462759507,16.1
30500,61.000000000028585,-2198927.604505392,-1756761.2199046267,299.4944408320745,16
31000,62.00000000002981,-2197526.5893772934,-1754461.4640181423,300.10318873842846,16
31500,63.00000000003103,-2197622.96498248,-1755119.9636917082,299.7224428486441,16
32000,64.00000000003224,-2198531.7036735695,-1756159.517062807,299.6338375841862,16
32500,65.00000000002991,-2200115.118690325,-1756195.0377013925,300.6822794771076,16
33000,66.00000000002758,-2197789.0666701663,-1755029.0027363615,299.8965601836911,16
33500,67.00000000002525,-2200902.3504086696,-1757865.0767653873,300.0843238170756,16
34000,68.00000000002292,-2200122.486621799,-1757481.4895108994,299.815912145329,16
34500,69.00000000002059,-2197596.5976490304,-1756371.5993196173,298.85680765876094,16
35000,70.00000000001826,-2198784.5123667307,-1756491.6590151065,299.5801024498285,16
35500,71.00000000001593,-2201181.7649762426,-1759255.019478133,299.3321250578527,16
36000,72.0000000000136,-2202520.4487667046,-1758362.1008868958,300.84366580527984,16
36500,73.00000000001127,-2199791.892953679,-1754423.25390718,301.66343747683993,16
37000,74.00000000000894,-2200369.0638088733,-1758058.1232060664,299.59235356472044,16
37500,75.00000000000661,-2200902.4862255678,-1756936.7756270568,300.7131859749376,16
38000,76.00000000000428,-2201392.731085146,-1758826.3212187185,299.7653916493022,16
38500,77.00000000000195,-2198454.8690164015,-1754080.6634485847,300.9898736126136,16
39000,77.99999999999962,-2199198.4549815767,-1754728.0769115426,301.0550145432184,16
39500,78.99999999999729,-2198060.3453665394,-1754638.1048942707,300.3450750392436,16
40000,79.99999999999496,-2196698.401581509,-1753987.2245574107,299.86344740489005,15.9
40500,80.99999999999262,-2200426.077225063,-1757100.649593099,300.2795003857144,16
41000,81.9999999999903,-2200218.3542258963,-1754844.1709734502,301.6671927574714,16
41500,82.99999999998796,-2199360.829443559,-1755317.1911899322,300.76596904553514,15.9
42000,83.99999999998563,-2199960.9270185325,-1756444.827765293,300.4086488071803,15.9
42500,84.9999999999833,-2201058.9163796008,-1756681.9435170353,300.99174799615406,15.9
43000,85.99999999998097,-2196876.4015708305,-1753205.5599146774,300.5134611381209,15.9
43500,86.99999999997864,-2201010.699610591,-1759094.9102388388,299.324704098116,15.9
44000,87.99999999997631,-2200895.1071703453,-1758134.3119950534,299.89705547860245,15.9
44500,88.99999999997398,-2200851.3543870226,-1758046.5585627304,299.9268586256247,15.9
45000,89.99999999997165,-2199101.2641941644,-1755340.9527728711,300.57406207526867,15.9
45500,90.99999999996932,-2200649.0098180156,-1757266.7136730738,300.3180193778595,15.9
46000,91.99999999996699,-2201410.536869129,-1759571.288531629,299.2728602333348,15.9
46500,92.99999999996466,-2198927.7540442087,-1756524.2643304006,299.65504024831773,15.9
47000,93.99999999996233,-2198556.221915664,-1754820.7344680533,300.55724794742855,15.9
47500,94.99999999996,-2200238.583071487,-1757139.2755869755,300.12634146300866,15.9
48000,95.99999999995767,-2202804.0471698213,-1759910.4290756548,299.98702099204587,15.9
48500,96.99999999995534,-2202259.291067321,-1759698.5678103855,299.76153991387116,15.9
49000,97.999999999953,-2200367.030996507,-1756880.4751000009,300.38863807951464,15.9
49500,98.99999999995067,-2202228.838410387,-1759901.7438640737,299.6032951840885,15.9
50000,99.99999999994834,-2199587.205130048,-1755406.5253632425,300.8587919574292,15.9
50500,100.99999999994601,-2200842.03277101,-1757853.235062722,300.05148940552715,15.9
51000,101.99999999994368,-2200421.02095823,-1758770.986892412,299.1446989246771,15.9
51500,102.99999999994135,-2200019.4394806195,-1755261.115945629,301.2500498715939,15.9
52000,103.99999999993902,-2198654.367792111,-1756455.9891019994,299.5161115249007,15.9
52500,104.99999999993669,-2197071.533407133,-1754170.951059849,299.9917381192764,15.9
53000,105.99999999993436,-2200941.52575876,-1755641.8989243945,301.61669314121565,15.9
53500,106.99999999993203,-2199173.082357602,-1754684.4614468277,301.0673710442484,15.9
54000,107.9999999999297,-2201382.395320626,-1759466.133890621,299.3250238393434,15.9
54500,108.99999999992737,-2200236.1197487824,-1757998.2265301987,299.54287606879564,15.9
55000,109.99999999992504,-2200935.9545992278,-1759433.8944229432,299.0444711397367,15.9
55500,110.99999999992271,-2203147.918973349,-1760300.8058907208,299.95552155447746,15.9
56000,111.99999999992038,-2200034.6393006314,-1756531.5449158018,300.3998401642617,15.9
56500,112.99999999991805,-2199846.408062052,-1756976.045307568,299.9712693537551,15.9
57000,113.99999999991572,-2199532.3793482,-1757839.1252284218,299.1739733479355,15.9
57500,114.99999999991338,-2199319.9757049326,-1757340.5212187448,299.36782666127874,15.9
58000,115.99999999991105,-2198465.529686276,-1754929.4192322586,300.4222030790473,15.9
58500,116.99999999990872,-2200840.811303487,-1756673.2244743542,300.8499236621816,15.9
59000,117.9999999999064,-2201359.488452658,-1758487.043591765,299.97267963575854,15.9
59500,118.99999999990406,-2199695.3675184865,-1756319.3248653272,300.3137836736315,15.9
60000,119.99999999990173,-2200936.467601316,-1759269.1469917838,299.1564076929686,15.9
60500,120.9999999998994,-2200431.405627787,-1757911.7261989322,299.73373952295793,15.9
61000,121.99999999989707,-2199887.9454947356,-1758159.010731957,299.19814106985234,15.9
61500,122.99999999989474,-2202522.426326392,-1761822.55062031,298.501124115371,15.9
62000,123.99999999989241,-2203747.927372502,-1760291.080572973,300.36851509030373,15.9
62500,124.99999999989008,-2201922.8014465254,-1758670.8113057746,300.22975865696026,15.9
63000,125.99999999988775,-2203306.1921431758,-1761074.1815241163,299.538891582601,15.9
63500,126.99999999988542,-2199615.145392945,-1756493.3009727283,300.14160650167315,15.9
64000,127.99999999988309,-2203284.786587566,-1760402.2721161786,299.97950012792955,15.9
64500,128.99999999988785,-2204404.409528084,-1761541.917658567,299.9659381337119,15.9
65000,129.99999999989262,-2203024.543979585,-1762343.4196276446,298.4884231807928,15.9
65500,130.9999999998974,-2201144.476573918,-1759195.584752248,299.34712552152945,15.9
66000,131.99999999990217,-2199755.285144141,-1756330.2012711258,300.34700097198356,15.9
66500,132.99999999990695,-2200185.032828752,-1756240.1704314982,300.69906477397046,15.9
67000,133.99999999991172,-2200474.2300369646,-1758378.683526146,299.44645976685337,15.9
67500,134.9999999999165,-2200874.667557722,-1756304.8590164944,301.1223622078281,15.9
68000,135.99999999992127,-2201761.1123259943,-1759418.497608685,299.61380752762255,15.9
68500,136.99999999992605,-2202438.236956939,-1760003.7373587328,299.67604430541365,15.9
69000,137.99999999993082,-2199050.984618772,-1755496.6931350385,300.4345177133527,15.9
69500,138.9999999999356,-2202182.125472693,-1759402.8510102634,299.9095721328777,15.9
70000,139.99999999994037,-2201948.0058964007,-1758894.6138456785,300.09524136664845,15.9
70500,140.99999999994515,-2201257.5507341567,-1758130.5187109325,300.14512024291656,15.9
71000,141.99999999994992,-2200711.2692337222,-1757188.95619497,300.4128576169912,15.9
71500,142.9999999999547,-2200579.358581988,-1758350.6760256211,299.53663737172053,15.9
72000,143.99999999995947,-2201255.709026262,-1755895.8592338345,301.65748421393903,15.9
72500,144.99999999996425,-2202385.627405824,-1759895.7082057204,299.7135819004446,15.9
73000,145.99999999996902,-2202663.0188130885,-1759605.3187885133,300.09815930492965,15.9
73500,146.9999999999738,-2200243.6810074747,-1757748.218507613,299.71733656728316,15.9
74000,147.99999999997857,-2199407.526959764,-1757782.0467345435,299.12806776722994,15.9
74500,148.99999999998334,-2199315.6572272107,-1757812.3252613076,299.0453325664167,15.9
75000,149.99999999998812,-2202565.694131756,-1759159.617472638,300.33412673482735,15.9
75500,150.9999999999929,-2202130.1206463166,-1759456.9526317972,299.83770260052023,15.9
76000,151.99999999999767,-2202568.0318406075,-1758940.7368591933,300.48396548341896,15.9
76500,153.00000000000244,-2202844.879977377,-1760469.7787058107,299.63581178380446,15.9
77000,154.00000000000722,-2198087.6138310246,-1756777.7547005077,298.9142867866646,15.9
77500,155.000000000012,-2200959.9323548786,-1756670.123712012,300.93270868392113,15.9
78000,156.00000000001677,-2201917.8946115673,-1759349.1961213625,299.76694181259455,15.9
78500,157.00000000002154,-2201086.1822043415,-1759488.3334598169,299.1093520187052,15.9
79000,158.00000000002632,-2201294.1031385437,-1759410.484412644,299.30291381751937,15.9
79500,159.0000000000311,-2203957.6396140438,-1759716.6649931422,300.89963172779943,15.9
80000,160.00000000003587,-2200666.602745313,-1756783.832816807,300.65700741761066,15.9
80500,161.00000000004064,-2201255.239755012,-1759556.8199628051,299.1774722348466,15.9
81000,162.00000000004542,-2201669.212648414,-1760465.071375518,298.84268045982293,15.9
81500,163.0000000000502,-2204450.4048852045,-1763014.7489358697,298.9994932818267,15.9
82000,164.00000000005497,-2202407.254126288,-1760245.3251728676,299.4914228694782,15.9
82500,165.00000000005974,-2202182.011643462,-1760796.6907651941,298.9653996137224,15.9
83000,166.00000000006452,-2201367.444796091,-1759252.0526400781,299.4599019022518,15.9
83500,167.0000000000693,-2200185.2758982256,-1756589.3008554925,300.46275141593463,15.9
84000,168.00000000007407,-2201377.346822921,-1758672.4717588176,299.85917887148156,15.9
84500,169.00000000007884,-2202337.7812627517,-1760980.1331625555,298.94665589307004,15.9
85000,170.00000000008362,-2201278.9096909612,-1759506.7634568124,299.2274096798288,15.9
85500,171.0000000000884,-2204868.781780243,-1761021.9324172998,300.63267718792264,15.9
86000,172.00000000009317,-2201057.3407476395,-1757269.4298789462,300.592756126545,15.9
86500,173.00000000009794,-2200013.266211858,-1758507.7547334395,299.0468088249132,15.9
87000,174.00000000010272,-2200925.705980772,-1756798.8158556635,300.8223583902842,15.8
87500,175.0000000001075,-2202036.0719939247,-1757152.9264149251,301.3345961183824,15.8
88000,176.00000000011227,-2203958.147619251,-1760605.741597822,300.297773773174,15.8
88500,177.00000000011704,-2201560.6570435204,-1759835.783193452,299.1953904745475,15.8
89000,178.00000000012182,-2199405.3938496057,-1757583.6837422051,299.26098098923154,15.8
89500,179.0000000001266,-2203784.020955121,-1761564.7185596998,299.5302838673494,15.8
90000,180.00000000013137,-2203371.7365626153,-1760522.6353507387,299.95686818253046,15.8
90500,181.00000000013614,-2200558.9407066014,-1755659.3751098074,301.3457179589815,15.8
91000,182.00000000014091,-2198851.6668985523,-1754335.8435599057,301.08579618059645,15.8
91500,183.0000000001457,-2202450.921760302,-1759851.7221564227,299.78760126184915,15.8
92000,184.00000000015046,-2203246.481767731,-1760825.1306764157,299.66713837123075,15.8
92500,185.00000000015524,-2203618.810374541,-1761597.8126825881,299.39596529780647,15.8
93000,186.00000000016001,-2199508.791869238,-1755825.6646882943,300.5217825449616,15.8
93500,187.0000000001648,-2201507.104738489,-1759365.9667345446,299.47734044710387,15.8
94000,188.00000000016956,-2202122.6927759964,-1758815.9294800963,300.26685839146154,15.8
94500,189.00000000017434,-2198583.9289249405,-1755484.6644588707,300.1263123251443,15.8
95000,190.0000000001791,-2201140.90912525,-1756951.5019115806,300.86470335619066,15.8
95500,191.0000000001839,-2201776.4059511162,-1757833.6149600483,300.69766173959476,15.8
96000,192.00000000018866,-2205725.0351811107,-1763908.487952214,299.25748399474173,15.8
96500,193.00000000019344,-2203889.618982898,-1761510.3786142045,299.6386153360933,15.8
97000,194.0000000001982,-2202050.1139370576,-1758355.5030608205,300.5295608452129,15.8
97500,195.000000000203,-2202816.0036892816,-1760673.8705633574,299.4780144773136,15.8
98000,196.00000000020776,-2201139.210906999,-1759754.9304805207,298.96469488007983,15.8
98500,197.00000000021254,-2202119.2126499303,-1760610.2971287365,299.0491144997066,15.8
99000,198.0000000002173,-2204051.869528558,-1760443.7029642581,300.4710091511712,15.8
99500,199.0000000002221,-2201637.7544196267,-1759116.6043031681,299.7347356700573,15.8
100000,200.00000000022686,-2199392.653437555,-1756708.824623558,299.8449235252435,15.8
100500,201.00000000023164,-2202698.0368881878,-1760050.31716307,299.82046560225467,15.8
101000,202.0000000002364,-2201683.6813013386,-1757935.8911675888,300.56558097823836,15.8
101500,203.0000000002412,-2201371.3432934172,-1757597.1465076152,300.5834671083606,15.8
102000,204.00000000024596,-2200502.880692389,-1757463.0056782742,300.08608581466285,15.8
102500,205.00000000025074,-2203770.5881815217,-1761098.1523839335,299.83720664490716,15.8
103000,206.0000000002555,-2200579.357690092,-1759000.4853754276,299.0964986326318,15.8
103500,207.0000000002603,-2202430.171534907,-1760401.5204782197,299.4011491839439,15.8
104000,208.00000000026506,-2202230.9926629085,-1760800.8216574853,298.9957781414022,15.8
104500,209.00000000026984,-2201288.817854019,-1758347.691638426,300.0191998703079,15.8
105000,210.0000000002746,-2203481.340348879,-1760635.3320411677,299.95477325257684,15.8
105500,211.00000000027939,-2200564.767345853,-1758331.227921327,299.53992709492013,15.8
106000,212.00000000028416,-2202474.3054497093,-1760848.6352902395,299.1281964162042,15.8
106500,213.00000000028894,-2205486.558093788,-1762150.8881790591,300.2864378347299,15.8
107000,214.0000000002937,-2203283.813689137,-1759360.4081622125,300.6845313005878,15.8
107500,215.00000000029848,-2200366.801344786,-1757940.3789980374,299.6705733062762,15.8
108000,216.00000000030326,-2202592.6228022426,-1758153.4783106493,301.0338589704836,15.8
108500,217.00000000030803,-2203011.57801055,-1761395.1311844108,299.1219491365496,15.8
109000,218.0000000003128,-2203275.626156021,-1760588.5120305447,299.8471487792627,15.8
109500,219.00000000031758,-2202187.223697303,-1760125.9962251307,299.4232143062139,15.8
110000,220.00000000032236,-2202343.0077909008,-1758569.8128988328,300.5827884914097,15.8
110500,221.00000000032713,-2200443.695252888,-1758740.9235278196,299.18041994807015,15.8
111000,222.0000000003319,-2201889.030366713,-1758701.6157880882,300.1860194163852,15.8
111500,223.00000000033668,-2202374.6914049424,-1759889.39670543,299.7104495677596,15.8
112000,224.00000000034146,-2203810.635728851,-1762650.5275980725,298.812855304099,15.8
112500,225.00000000034623,-2202144.1048710328,-1761096.8610420432,298.7364084457864,15.8
113000,226.000000000351,-2202295.1399992295,-1758257.5883997474,300.7618463461552,15.8
113500,227.00000000035578,-2202617.750494344,-1757610.1028022855,301.4189256649776,15.8
114000,228.00000000036056,-2200232.292675495,-1758208.5256717347,299.39784104756967,15.8
114500,229.00000000036533,-2200499.0981027707,-1758850.622533699,299.143643301437,15.8
115000,230.0000000003701,-2203902.5542002264,-1761076.5255253264,299.94124036277526,15.8
115500,231.00000000037488,-2202780.060526969,-1759979.337413892,299.9241000387884,15.8
116000,232.00000000037966,-2204369.199295303,-1762380.7762291501,299.3739013877509,15.8
116500,233.00000000038443,-2200850.146252334,-1759572.401185096,298.8925348313837,15.8
117000,234.0000000003892,-2202892.1060503945,-1760433.600972035,299.692304039545,15.8
117500,235.00000000039398,-2201608.960363824,-1758021.9164989335,300.4567020232012,15.8
118000,236.00000000039876,-2202642.5849621445,-1759387.8201370116,300.23163804575245,15.8
118500,237.00000000040353,-2202102.5566976387,-1758671.4554107413,300.35107677256144,15.8
119000,238.0000000004083,-2203440.1202413235,-1761353.7677679749,299.4402323302889,15.8
119500,239.00000000041308,-2203481.3356697373,-1759926.2567863348,300.43505104612484,15.8
120000,240.00000000041786,-2200550.2434217,-1757710.4871450097,299.9505385377729,15.8
120500,241.00000000042263,-2200152.7422681786,-1757171.5115421014,300.0463640292323,15.8
121000,242.0000000004274,-2202714.8776105605,-1760258.6843574704,299.69073816108744,15.8
121500,243.00000000043218,-2203772.8572626393,-1762197.6149506469,299.09403990745875,15.8
122000,244.00000000043696,-2202925.2822484933,-1760462.2671883274,299.69535880473364,15.8
122500,245.00000000044173,-2206296.964739181,-1763239.5182294054,300.0979875906706,15.8
123000,246.0000000004465,-2202583.609635573,-1759405.047388824,300.18002342872614,15.8
123500,247.00000000045128,-2202959.103028316,-1759893.6791939968,300.1033909058855,15.8
124000,248.00000000045605,-2203559.427159941,-1761021.5830813386,299.74604306254946,15.8
124500,249.00000000046083,-2201626.6107241157,-1759514.6020094517,299.45761018151,15.8
125000,250.0000000004656,-2203768.5242369156,-1762346.6923270565,298.99012978628065,15.8
125500,251.00000000047038,-2202016.0261964463,-1760385.2564721198,299.13165052619183,15.8
126000,252.00000000047515,-2203948.495849084,-1759997.1404470801,300.703462708537,15.8
126500,253.00000000047993,-2202281.616668705,-1759072.9696284889,300.2004008900411,15.8
127000,254.0000000004847,-2204448.3089390416,-1761485.3929200214,300.0339588506839,15.8
127500,255.00000000048948,-2204513.2461791746,-1760806.9963540866,300.53744430401815,15.8
128000,256.00000000049425,-2201567.0156274904,-1757670.8328109502,300.66609242619927,15.8
128500,257.000000000499,-2202519.6766048893,-1759161.8045897055,300.3014760780081,15.8
129000,258.0000000005038,-2203162.8096129987,-1762169.337886741,298.69998675838343,15.8
129500,259.0000000005086,-2202674.293395955,-1758638.3642773726,300.7607473842561,15.8
130000,260.00000000051335,-2201601.313024111,-1757234.9303913014,300.9845748707211,15.8
130500,261.0000000005181,-2203838.3277280256,-1761903.424534792,299.33765054424146,15.8
131000,262.0000000005229,-2204488.8102419637,-1762602.9949064574,299.3044016564615,15.8
131500,263.0000000005277,-2204012.3116865437,-1761064.2967920168,300.02386580855483,15.8
132000,264.00000000053245,-2204441.927613348,-1762647.401123827,299.24256859353574,15.8
132500,265.0000000005372,-2203094.656767307,-1760243.4844062016,299.9582710428602,15.8
133000,266.000000000542,-2201926.518486893,-1758886.6749732494,300.08606447831454,15.8
133500,267.0000000005468,-2202909.660660064,-1759589.5627205637,300.27589040241423,15.8
134000,268.00000000055155,-2204974.857005473,-1761103.7136240997,300.64913235891436,15.8
134500,269.0000000005563,-2202991.3039560355,-1760751.1764430217,299.5443894329597,15.8
135000,270.0000000005611,-2205650.0550726224,-1762491.8143643942,300.1662589544738,15.8
135500,271.0000000005659,-2203388.192589801,-1759851.8017872183,300.42239296873515,15.8
136000,272.00000000057065,-2203335.1840293612,-1761573.557997626,299.22028398631375,15.8
136500,273.0000000005754,-2201660.9339441974,-1758964.8869760996,299.8531992996077,15.8
137000,274.0000000005802,-2203112.823404176,-1760665.403160452,299.6847959012821,15.8
137500,275.000000000585,-2202061.4459585734,-1761180.2722081444,298.62392349204583,15.8
138000,276.00000000058975,-2201842.6653541997,-1759644.415005844,299.51602459463237,15.8
138500,277.0000000005945,-2201460.996749075,-1758790.2665982873,299.8360513518941,15.8
139000,278.0000000005993,-2205180.8463409524,-1761388.1551640062,300.59599399309707,15.8
139500,279.0000000006041,-2203499.791218573,-1760093.8826361436,300.3340128907279,15.8
140000,280.00000000060885,-2199774.7916276064,-1756564.0634406237,300.20181052204595,15.8
140500,281.0000000006136,-2202479.9869491793,-1759610.9599614993,299.97036459313557,15.8
141000,282.0000000006184,-2204082.443140488,-1762026.2595247142,299.4197979294738,15.8
141500,283.0000000006232,-2203029.327900838,-1759842.2656757138,300.18578075528757,15.8
142000,284.00000000062795,-2202538.250158269,-1758705.8006508118,300.62292367246545,15.8
142500,285.0000000006327,-2205204.4072412364,-1763615.3702940333,299.1033834864887,15.8
143000,286.0000000006375,-2201521.498598881,-1758430.9896080322,300.1203819418161,15.8
143500,287.0000000006423,-2203910.3088770024,-1761840.1973603582,299.42923177390077,15.8
144000,288.00000000064705,-2203855.218318116,-1761489.8103537783,299.62924617472726,15.8
144500,289.0000000006518,-2203588.0098602064,-1760815.6810782163,299.9048675855585,15.8
145000,290.0000000006566,-2204810.9854618255,-1759774.809450549,301.43824887295904,15.8
145500,291.0000000006614,-2202331.1006429605,-1757610.6891170316,301.22437076899774,15.8
146000,292.00000000066615,-2204215.0007014666,-1759855.7868779982,300.9797191905521,15.8
146500,293.0000000006709,-2204142.901438387,-1760226.606989229,300.67971472399245,15.9
147000,294.0000000006757,-2201765.371275747,-1759920.7696254766,299.2764862154778,15.9
147500,295.0000000006805,-2199537.073918389,-1756935.127333227,299.78946188638304,15.9
148000,296.00000000068525,-2200921.5667479727,-1757098.9209730562,300.6162832685416,15.9
148500,297.00000000069,-2202037.1959369406,-1757789.7045373302,300.9040457652826,15.9
149000,298.0000000006948,-2202824.4398481697,-1762028.296766166,298.5663293071858,15.9
149500,299.0000000006996,-2204423.0428691227,-1761168.674880067,300.23136925508186,15.9
150000,300.00000000070435,-2202386.4247252475,-1758925.644642842,300.3711792375495,15.9
150500,301.0000000007091,-2202838.1331305634,-1759391.2013105536,300.3617993349898,15.9
151000,302.0000000007139,-2203517.860934941,-1761283.839870295,299.5402533262744,15.9
151500,303.00000000071867,-2202281.364108056,-1758372.9121458237,300.67440273891526,15.9
152000,304.00000000072345,-2201386.315822147,-1757904.777513784,300.3852394951635,15.9
152500,305.0000000007282,-2203222.862285504,-1759006.889319668,300.88269725027124,15.9
153000,306.000000000733,-2204360.3474353515,-1761152.5042145383,300.19985643562086,15.9
153500,307.00000000073777,-2202447.7573260367,-1759587.0582551025,299.96472380981083,15.9
154000,308.00000000074255,-2203966.8626808766,-1760426.8905218379,300.4248187441595,15.9
154500,309.0000000007473,-2203926.4061947484,-1760077.518086698,300.6340580998308,15.9
155000,310.0000000007521,-2204658.6940232273,-1762405.7454079168,299.55307360479384,15.9
155500,311.00000000075687,-2202020.6071117874,-1759689.9900853967,299.6056810805245,15.9
156000,312.00000000076164,-2203086.6738799457,-1761003.971449109,299.43776003144563,15.9
156500,313.0000000007664,-2204258.867197357,-1762144.549691011,299.4591740052152,15.9
157000,314.0000000007712,-2203769.158744788,-1761080.1034172536,299.8484636219217,15.9
157500,315.00000000077597,-2202554.20699233,-1760062.3646153433,299.71488453403515,15.9
158000,316.00000000078074,-2203664.6309394464,-1758708.1082401888,301.38429695582033,15.9
158500,317.0000000007855,-2200927.7505338993,-1758374.3822392276,299.75655814595024,15.9
159000,318.0000000007903,-2202250.764390059,-1759063.2244993371,300.18610429456135,15.9
159500,319.00000000079507,-2200112.9129303526,-1757041.0053814733,300.10778254788806,15.9
160000,320.00000000079984,-2203184.714347329,-1760921.9882700562,299.55969621475504,15.9
160500,321.0000000008046,-2203892.509231081,-1761284.03844836,299.79388094890766,15.9
161000,322.0000000008094,-2202965.732114317,-1759312.8755698497,300.5012792058092,15.9
161500,323.00000000081417,-2203815.3774800077,-1760586.679272402,300.21398223266357,15.9
162000,324.00000000081894,-2201384.364108607,-1760138.8603162616,298.87069671131866,15.9
162500,325.0000000008237,-2204096.391747799,-1759659.789322236,301.03213714207027,15.9
163000,326.0000000008285,-2203720.814551331,-1761037.4728613098,299.844593579486,15.9
163500,327.00000000083327,-2204577.0765911452,-1762418.0582499444,299.489451412105,15.9
164000,328.00000000083804,-2203703.7276632786,-1759472.6408226814,300.89293439544565,15.9
164500,329.0000000008428,-2201235.6628692653,-1759200.0948949722,299.40583424921056,15.9
165000,330.0000000008476,-2201419.644049935,-1757831.6133814598,300.4573704190768,15.9
165500,331.00000000085237,-2202014.0310986694,-1758634.4957642213,300.3161493863272,15.9
166000,332.00000000085714,-2201426.683941141,-1756934.8516574684,301.06954621713305,15.9
166500,333.0000000008619,-2204845.692140896,-1762068.7337309257,299.90800339119966,15.9
167000,334.0000000008667,-2202732.514658373,-1760023.7094752307,299.86184087575157,15.9
167500,335.00000000087147,-2199695.1890421826,-1755009.6838733936,301.20072749742144,15.9
168000,336.00000000087624,-2199532.945490448,-1757431.9233645138,299.4501685885646,15.9
168500,337.000000000881,-2200956.5571065713,-1759092.7617388305,299.28948677789367,15.9
169000,338.0000000008858,-2200431.4012587983,-1757531.0900349459,299.99155447808766,15.9
169500,339.00000000089057,-2203759.944315873,-1760604.4187487136,300.1644198964077,15.9
170000,340.00000000089534,-2204393.836424373,-1762002.1383548463,299.64705336366643,15.9
170500,341.0000000009001,-2202636.379856169,-1759772.0571888709,299.9671781957721,15.9
171000,342.0000000009049,-2205061.587641418,-1761903.4424102749,300.16619428457295,15.9
171500,343.00000000090967,-2203098.273331782,-1759542.0782130556,300.4358071105516,15.9
172000,344.00000000091444,-2201485.097627938,-1759151.4955779095,299.6077029393006,15.9
172500,345.0000000009192,-2201825.6972350106,-1759045.7910598349,299.91000001356326,15.9
173000,346.000000000924,-2203036.9986924585,-1761430.0767315407,299.1154976190151,15.9
173500,347.00000000092876,-2200636.1568638366,-1757863.7698253612,299.9049070446719,15.9
174000,348.00000000093354,-2201542.5197055265,-1759732.53521407,299.2530388278352,15.9
174500,349.0000000009383,-2202594.7942239977,-1759709.3707525036,299.9814704933635,15.9
175000,350.0000000009431,-2203694.45481305,-1761188.1074430982,299.724709262709,15.9
175500,351.00000000094786,-2199866.541990461,-1756617.1317646778,300.2280111921652,15.9
176000,352.00000000095264,-2202708.575518109,-1759788.087827612,300.0052206901881,15.9
176500,353.0000000009574,-2204086.7671344504,-1762584.2012570587,299.0448136684219,15.9
177000,354.0000000009622,-2204075.298228478,-1761954.691044936,299.4634342190632,15.9
177500,355.00000000096696,-2201307.5703565385,-1758824.8739674934,299.7086896430624,15.9
178000,356.00000000097174,-2203061.8249846064,-1759540.5145280627,300.41217853371313,15.9
178500,357.0000000009765,-2201718.5966000427,-1759473.7245411961,299.5476030763996,15.9
179000,358.0000000009813,-2203758.9998992253,-1759933.2456537904,300.6183887421194,15.9
179500,359.00000000098606,-2201203.9622994214,-1757545.252601613,300.50524374709534,15.9
180000,360.00000000099084,-2205428.3305948265,-1762641.9608721498,299.91437799572566,15.9
180500,361.0000000009956,-2203530.73921586,-1759682.753361742,300.63344697233146,15.9
181000,362.0000000010004,-2203681.067033371,-1761428.647651178,299.55271513707197,15.9
181500,363.00000000100516,-2200607.065297004,-1756420.0379103536,300.8630914178183,15.9
182000,364.00000000100994,-2201573.4299242534,-1759018.5935395458,299.7575525336281,15.9
182500,365.0000000010147,-2201332.598215282,-1757102.3533386826,300.8923641043844,15.9
183000,366.0000000010195,-2199684.1270175762,-1756470.1977769653,300.2039787053358,15.9
183500,367.00000000102426,-2202990.0620562583,-1759935.9645851755,300.09571917202635,15.9
184000,368.00000000102904,-2202409.3389102574,-1761036.7853255002,298.95675188842245,15.9
184500,369.0000000010338,-2206715.3076174557,-1762961.050068988,300.56996157979927,15.9
185000,370.0000000010386,-2202293.8520665094,-1760504.5066334405,299.23905928649884,15.9
185500,371.00000000104336,-2202143.8184570037,-1759964.8916701481,299.50293608440666,15.9
186000,372.00000000104814,-2201618.0187969618,-1757791.4266036549,300.61895631292094,15.9
186500,373.0000000010529,-2203462.4251830745,-1760826.7456072192,299.8123103966659,15.9
187000,374.0000000010577,-2200914.192071805,-1757999.333368854,300.001407984075,15.9
187500,375.00000000106246,-2203207.8945282213,-1758362.7999954384,301.3088228411577,15.9
188000,376.00000000106724,-2204044.4420305863,-1760934.2781356778,300.1336948817093,15.9
188500,377.000000001072,-2201637.30050854,-1758181.7760706367,300.36761940947065,15.9
189000,378.0000000010768,-2202441.7740181033,-1760340.360125362,299.45043394564516,15.9
189500,379.00000000108156,-2201383.5001765266,-1759395.000436294,299.37395332173213,15.9
190000,380.00000000108633,-2203488.33565907,-1762896.3989136294,298.42801335935883,15.9
190500,381.0000000010911,-2203366.920319561,-1761252.93036109,299.4589521458175,15.9
191000,382.0000000010959,-2202974.4648879673,-1758948.5846490073,300.753940933815,15.9
191500,383.00000000110066,-2204139.461477272,-1760233.0704360208,300.6730068065281,15.9
192000,384.00000000110543,-2205081.006640857,-1764271.0290202477,298.5756999141522,15.9
192500,385.0000000011102,-2201266.788516933,-1758714.0180369578,299.75615322557525,15.9
193000,386.000000001115,-2203352.5698214844,-1761379.6642549208,299.3633908536524,15.9
193500,387.00000000111976,-2203512.0561696813,-1760429.202674578,300.1151966122718,15.9
194000,388.00000000112453,-2203126.3051239494,-1760046.5621819252,300.1130897281042,15.9
194500,389.0000000011293,-2205559.142375225,-1762664.552868275,299.98767896320476,15.9
195000,390.0000000011341,-2201468.940424785,-1758668.1534838206,299.92414327160316,15.9
195500,391.00000000113886,-2202357.0785349235,-1760461.7847577878,299.31082172970673,15.9
196000,392.00000000114363,-2203158.0747883525,-1760673.6616135044,299.7098524809036,15.9
196500,393.0000000011484,-2202309.348802585,-1759258.5600552582,300.09347806007025,15.9
197000,394.0000000011532,-2203416.493736988,-1760161.1292513872,300.23204421633153,15.9
197500,395.00000000115796,-2201904.8565666117,-1758524.932421032,300.31641274142714,15.9
198000,396.00000000116273,-2204424.7304858696,-1763054.6153685255,298.9551002309021,15.9
198500,397.0000000011675,-2202176.139463693,-1759904.0290606818,299.5660525400829,15.9
199000,398.0000000011723,-2204458.4456012547,-1761794.5741419094,299.83140572520244,15.9
199500,399.00000000117706,-2203389.311545126,-1761258.714708956,299.47020055303193,15.9
200000,400.00000000118183,-2202249.631337052,-1759658.4295223334,299.7821840852478,15.9
200500,401.0000000011866,-2204337.666673215,-1762289.0949360346,299.4146421433208,15.9
201000,402.0000000011914,-2203179.6943953484,-1759316.1103723804,300.64401214648404,15.9
201500,403.00000000119616,-2202737.186087599,-1759371.641790543,300.3066727773711,15.9
202000,404.00000000120093,-2202783.4003882073,-1757813.8249689173,301.3931380102822,15.9
202500,405.0000000012057,-2204181.230002947,-1761917.8175235267,299.56016113844566,15.9
203000,406.0000000012105,-2202942.499981297,-1760847.6346396576,299.44599838763173,15.9
203500,407.00000000121526,-2200398.9586715214,-1757029.230446626,300.3095066950374,15.9
204000,408.00000000122003,-2202881.694746308,-1759021.2100400338,300.64191287310524,15.9
204500,409.0000000012248,-2205891.5717721917,-1762575.8132713106,300.27295115196915,15.9
205000,410.0000000012296,-2203937.18233818,-1760292.4115955895,300.4958024151801,15.9
205500,411.00000000123435,-2204254.3457207102,-1762606.580699037,299.1431620233407,15.9
206000,412.00000000123913,-2205131.5158378948,-1761766.8756280127,300.30606040815434,15.9
206500,413.0000000012439,-2203983.4437693376,-1760963.377640999,300.07266857767803,15.9
207000,414.0000000012487,-2204198.751687547,-1762668.9120393822,299.0632871277612,15.9
207500,415.00000000125345,-2203581.7341188528,-1761134.057079355,299.6849698378572,15.9
208000,416.00000000125823,-2202939.429169886,-1760541.6551303267,299.65116882633083,15.9
208500,417.000000001263,-2205989.7556548323,-1761932.8636783757,300.77494624607806,15.9
209000,418.0000000012678,-2205483.8156474903,-1762307.4435570217,300.17853996084307,15.9
209500,419.00000000127255,-2204024.2920615636,-1759855.7576714908,300.85056547766965,15.9
210000,420.00000000127733,-2201425.7746911366,-1760447.503660961,298.6896908061537,15.9
210500,421.0000000012821,-2203622.1813328397,-1761227.9531831485,299.6487670736418,15.9
211000,422.0000000012869,-2204247.330126742,-1760995.4462750882,300.22968666371327,15.9
211500,423.00000000129165,-2201938.788650362,-1757552.4226930407,300.9981102610378,15.9
212000,424.0000000012964,-2204681.738703873,-1761671.0593967093,300.06631056210534,15.9
212500,425.0000000013012,-2203717.4284819774,-1759851.9060344617,300.6453251078402,15.9
213000,426.000000001306,-2205700.104093699,-1761369.6088412255,300.9602671185239,15.9
213500,427.00000000131075,-2201635.1748418696,-1758548.3918958325,300.1178581640114,15.9
214000,428.0000000013155,-2204080.1462975685,-1762594.380749463,299.03343422982,15.9
214500,429.0000000013203,-2203169.7307339124,-1760051.8845931934,300.13889832998905,15.9
215000,430.0000000013251,-2204321.6053307187,-1762441.1703066293,299.30075738721024,15.9
215500,431.00000000132985,-2203209.0454426594,-1760224.4828986907,300.04862078363766,15.9
216000,432.0000000013346,-2203117.681950923,-1760541.1729470016,299.7722321411216,15.9
216500,433.0000000013394,-2200986.139510628,-1758102.3402623918,299.9803703513052,15.9
217000,434.0000000013442,-2202176.6975891814,-1760615.5129881275,299.08451813822535,15.9
217500,435.00000000134895,-2203000.547856543,-1759017.3848972782,300.7250070567911,15.9
218000,436.0000000013537,-2202401.9740790837,-1758135.3428991353,300.917009794231,15.9
218500,437.0000000013585,-2205031.731092632,-1763199.6556672056,299.2680017742444,15.9
219000,438.0000000013633,-2203262.2727820203,-1761083.688959972,299.5027037825928,15.9
219500,439.00000000136805,-2204722.3275321703,-1761837.3879183352,299.98114275999427,15.9
220000,440.0000000013728,-2204745.5295166485,-1762419.8595402786,299.60233027406036,15.9
220500,441.0000000013776,-2202878.438974563,-1760431.3080869925,299.68459991044597,15.9
221000,442.0000000013824,-2201533.544105958,-1758491.2510930886,300.0877236080599,15.9
221500,443.00000000138715,-2205298.0067222416,-1760557.7277693576,301.23782765792896,15.9
222000,444.0000000013919,-2202758.2825655527,-1761262.1683595108,299.0404437303836,15.9
222500,445.0000000013967,-2198662.8292720746,-1754955.192335182,300.53838384236553,15.9
223000,446.0000000014015,-2204162.791844366,-1761582.6823022151,299.7746709090183,15.9
223500,447.00000000140625,-2201187.3526894953,-1759481.229875971,299.182689755089,15.9
224000,448.000000001411,-2203010.0347597916,-1760335.2195160221,299.83881832532506,15.9
224500,449.0000000014158,-2203458.2508723717,-1760716.3799977505,299.884237401415,15.9
225000,450.0000000014206,-2203229.2726531066,-1757566.8448518708,301.86243066557387,15.9
225500,451.00000000142535,-2199814.3840952944,-1756841.697037016,300.04057711032743,15.9
226000,452.0000000014301,-2201821.3017301057,-1758583.7942389378,300.21994906222466,15.9
226500,453.0000000014349,-2203357.332721118,-1761115.5023485133,299.54554283810023,15.9
227000,454.0000000014397,-2201819.57294886,-1757743.354302006,300.78803686206646,15.9
227500,455.00000000144445,-2200344.78510727,-1758034.447435133,299.59194517912135,15.9
228000,456.0000000014492,-2203049.3611340355,-1760894.0413375536,299.4869462610552,15.9
228500,457.000000001454,-2203493.848822668,-1759055.0444353167,301.0336286062287,15.9
229000,458.0000000014588,-2201530.2156799287,-1758822.4238012265,299.8611545299387,15.9
229500,459.00000000146355,-2203762.3815584145,-1760086.916822939,300.5165925081319,15.9
230000,460.0000000014683,-2204077.1944638714,-1759995.1291032862,300.79199704158395,15.9
230500,461.0000000014731,-2203709.6483755186,-1762185.2693534654,299.05958845861556,15.9
231000,462.0000000014779,-2201611.0922439285,-1758130.5680575026,300.38455259563193,15.9
231500,463.00000000148265,-2203367.4808537904,-1759820.0609978663,300.42986332441683,15.9
232000,464.0000000014874,-2203696.345183421,-1761318.527544031,299.6376516727935,15.9
232500,465.0000000014922,-2203261.6507856585,-1760331.9518390093,300.011459789556,15.9
233000,466.00000000149697,-2200810.0501750223,-1757731.0015681041,300.11261943114914,15.9
233500,467.00000000150175,-2201043.5069910344,-1757018.034316262,300.7536648766276,15.9
234000,468.0000000015065,-2204568.5462126248,-1760437.7050725184,300.8250345481033,15.9
234500,469.0000000015113,-2205284.106662955,-1762703.3618616948,299.7751011917769,15.9
235000,470.00000000151607,-2202676.904984461,-1758854.5722718537,300.6160712207143,15.9
235500,471.00000000152085,-2203945.2913260814,-1760657.3359812454,300.2541191218487,15.9
236000,472.0000000015256,-2203711.4800232556,-1761751.106560716,299.3549024302493,15.9
236500,473.0000000015304,-2204429.575319713,-1761333.634512359,300.12406109722804,15.9
237000,474.00000000153517,-2204699.645009661,-1760735.0361541454,300.71243972666144,15.9
237500,475.00000000153995,-2206605.5803215075,-1764696.2868994945,299.32030416880747,15.9
238000,476.0000000015447,-2200781.5512888413,-1758114.5021701618,299.8335580627357,15.9
238500,477.0000000015495,-2205619.799628837,-1761884.5375315533,300.5570953099316,15.9
239000,478.00000000155427,-2203946.6842278056,-1761420.598310032,299.7380788573877,15.9
239500,479.00000000155904,-2202919.8779247776,-1760859.8707966378,299.422387725392,15.9
240000,480.0000000015638,-2202976.558534056,-1760336.747220181,299.81510896437914,15.9
240500,481.0000000015686,-2201783.351011377,-1756988.3887898675,301.27486650920804,15.9
241000,482.00000000157337,-2201977.6412889175,-1760648.940632089,298.92704879794275,15.9
241500,483.00000000157814,-2201803.0207233094,-1758783.2729241387,300.0724529624265,15.9
242000,484.0000000015829,-2202125.489931764,-1760108.9292506163,299.39295995837676,15.9
242500,485.0000000015877,-2204691.8319696,-1762703.3556821002,299.37393743639285,15.9
243000,486.00000000159247,-2203375.0650409944,-1760792.6112794196,299.7762587291467,15.9
243500,487.00000000159724,-2202298.076064553,-1759547.243920165,299.89030717643965,15.9
244000,488.000000001602,-2203958.394222362,-1759864.8428930643,300.79977688170027,15.9
244500,489.0000000016068,-2202079.329849748,-1757267.9940163938,301.28595691746756,15.9
245000,490.00000000161157,-2204674.3393210564,-1762744.4575932093,299.33424933370065,15.9
245500,491.00000000161634,-2202969.713650549,-1760161.8961631448,299.928905301572,15.9
246000,492.0000000016211,-2201248.8287581895,-1759819.8258915506,298.9949869209832,15.9
246500,493.0000000016259,-2203276.659098983,-1760633.7363059646,299.8172164758015,15.9
247000,494.00000000163067,-2205278.9010011293,-1763288.8955529488,299.3749731893104,15.9
247500,495.00000000163544,-2204103.6273857765,-1761190.1730498718,300.00045675816125,15.9
248000,496.0000000016402,-2205040.623893859,-1760609.6372461948,301.028333383304,15.9
248500,497.000000001645,-2202039.5844777264,-1758329.5136982366,300.5400323673398,15.9
249000,498.00000000164977,-2202000.24580767,-1759658.9461707762,299.61291677860265,15.9
249500,499.00000000165454,-2203117.4270890746,-1760910.6555063613,299.52179631859883,15.9
250000,500.0000000016593,-2203147.8982320745,-1760591.1818230352,299.75882593851713,15.9
250500,501.0000000016641,-2202307.473965248,-1759899.5546144987,299.6580405931766,15.9
251000,502.00000000166887,-2205211.6500857435,-1763696.768770983,299.0531553360766,15.9
251500,503.00000000167364,-2203347.062459372,-1762121.5280267503,298.857170779831,15.9
252000,504.0000000016784,-2204383.328964662,-1759603.881330235,301.26435794785004,15.9
252500,505.0000000016832,-2204888.317422364,-1761899.4054674297,300.0515667886947,15.9
253000,506.00000000168797,-2203888.8667362407,-1760986.726297993,299.9927934676661,15.9
253500,507.00000000169274,-2203132.598476462,-1758918.495595154,300.8814305779517,15.9
254000,508.0000000016975,-2204156.816334298,-1762054.3629006706,299.45113806230165,15.9
254500,509.0000000017023,-2203842.170403924,-1760468.8825752656,300.3119177366172,15.9
255000,510.00000000170706,-2203544.1733929235,-1760010.8079303945,300.4203438022694,15.9
255500,511.00000000171184,-2203256.663318103,-1760883.5209948015,299.63448492103134,15.9
256000,512.0000000017166,-2202528.1556379423,-1760385.0407775126,299.4786794397281,15.9
256500,513.0000000016929,-2203648.958548559,-1761757.3178417827,299.3083473799986,15.9
257000,514.0000000016693,-2202195.9347464275,-1757086.3870438426,301.48794603318333,15.9
257500,515.0000000016456,-2201920.6248293407,-1758245.368153617,300.5164515821338,15.9
258000,516.000000001622,-2202169.3378218003,-1760380.7104554614,299.2385729153017,15.9
258500,517.0000000015983,-2202360.6783839874,-1760242.5923208247,299.46172657785706,15.9
259000,518.0000000015747,-2202294.3374755103,-1761630.8369573206,298.476485954404,15.9
259500,519.000000001551,-2203563.219959799,-1760223.3220369462,300.28930160948306,15.9
260000,520.0000000015274,-2203303.5262538083,-1758734.571265057,301.1217840674933,15.9
260500,521.0000000015037,-2207495.656225415,-1765119.3817025397,299.6366064671112,15.9
261000,522.0000000014801,-2202634.5321811736,-1759686.0343472087,300.02419291998154,15.9
261500,523.0000000014564,-2202884.405676961,-1758070.7989862673,301.2874950469428,15.9
262000,524.0000000014328,-2202780.2791700736,-1759775.2517636083,300.0624823361292,15.9
262500,525.0000000014091,-2204527.7146471962,-1762017.8853142043,299.72706771556744,15.9
263000,526.0000000013855,-2202182.4398301095,-1759109.4315221217,300.10852812974406,15.9
263500,527.0000000013619,-2204030.0388958696,-1761051.0005346807,300.0448790653834,15.9
264000,528.0000000013382,-2203308.192946531,-1759974.584111876,300.2850417945834,15.9
264500,529.0000000013146,-2202697.4900989234,-1759017.948971412,300.51935358811426,15.9
265000,530.0000000012909,-2204411.3292533923,-1761440.065847165,300.03961282201936,15.9
265500,531.0000000012673,-2203920.2572688647,-1762592.972200755,298.9260899712056,15.9
266000,532.0000000012436,-2203716.832333898,-1759586.2899175414,300.8248322122734,15.9
266500,533.00000000122,-2201639.098720288,-1756826.470045772,301.28683260307895,15.9
267000,534.0000000011963,-2202369.1223647837,-1760461.4999187053,299.3191723595597,15.9
267500,535.0000000011727,-2201650.7249693833,-1758354.8344542084,300.2594938845768,15.9
268000,536.000000001149,-2200176.1517723855,-1756885.0672940838,300.25623859114853,15.9
268500,537.0000000011254,-2203442.691999901,-1760490.2267348077,300.02688019700827,15.9
269000,538.0000000011017,-2203285.959421059,-1759413.3201676481,300.6501455642935,15.9
269500,539.0000000010781,-2204623.5275111217,-1761157.479531846,300.3747473645768,15.9
270000,540.0000000010544,-2205468.5394833144,-1762654.5160835157,299.9331087786505,15.9
270500,541.0000000010308,-2202283.2607033066,-1759869.536878738,299.66197216215465,15.9
271000,542.0000000010072,-2203070.944066776,-1760518.672103947,299.75581556283305,15.9
271500,543.0000000009835,-2202275.436805036,-1759710.826408936,299.7641728064,15.9
272000,544.0000000009599,-2203067.3201017976,-1760360.974835613,299.8601746897198,15.9
272500,545.0000000009362,-2203012.664918637,-1758739.2108210674,300.92163119008774,15.9
273000,546.0000000009126,-2203921.6852451693,-1760934.729650344,300.05024167896835,15.9
273500,547.0000000008889,-2204692.4798116926,-1761676.9681246032,300.0695836985855,15.9
274000,548.0000000008653,-2202291.255608164,-1758134.702301336,300.8424502795179,15.9
274500,549.0000000008416,-2203204.6211486254,-1761177.6598692872,299.4000046398539,15.9
275000,550.000000000818,-2205453.9153910354,-1764141.1640124912,298.9162458053413,15.9
275500,551.0000000007943,-2202897.4514981136,-1757444.8096058182,301.7203354822204,15.9
276000,552.0000000007707,-2200309.299337294,-1756949.2091133883,300.30297854677065,15.9
276500,553.000000000747,-2201179.7508609537,-1756577.2535250667,301.14450344836325,15.9
277000,554.0000000007234,-2203711.0473354645,-1761581.8206678769,299.46927249090936,15.9
277500,555.0000000006997,-2204077.583751252,-1763387.960034891,298.4941800915013,15.9
278000,556.0000000006761,-2206066.7583099864,-1762833.9931528203,300.2167369169338,15.9
278500,557.0000000006524,-2205049.7471709475,-1763692.0583071657,298.94668350364304,15.9
279000,558.0000000006288,-2205734.2096905913,-1762192.0049903537,300.4263309208001,15.9
279500,559.0000000006052,-2203505.0755119454,-1760197.0512802785,300.26771246645575,15.9
280000,560.0000000005815,-2201799.4279308245,-1758011.522521884,300.59275242846724,15.8
280500,561.0000000005579,-2203603.700150585,-1760682.6367013373,300.0056106713152,15.8
281000,562.0000000005342,-2200618.5311193243,-1757964.1343114472,299.82498821916323,15.8
281500,563.0000000005106,-2201817.675609112,-1761264.3422795527,298.401865943236,15.8
282000,564.0000000004869,-2204685.449719362,-1763172.0354289257,299.05216167024173,15.8
282500,565.0000000004633,-2205564.111949688,-1762364.1391406138,300.19452553611103,15.8
283000,566.0000000004396,-2203017.2398154344,-1761040.8293622644,299.3657648334278,15.8
283500,567.000000000416,-2203573.527752379,-1760068.672611236,300.4010327848358,15.8
284000,568.0000000003923,-2204566.7488865927,-1761942.2892786143,299.8047107280286,15.8
284500,569.0000000003687,-2204305.669756444,-1762290.5953433872,299.3919532580797,15.8
285000,570.000000000345,-2203772.4482798,-1759880.1626848953,300.6634527044673,15.8
285500,571.0000000003214,-2203193.624714734,-1760894.8876010138,299.5840877234727,15.9
286000,572.0000000002977,-2203466.3201457467,-1759675.2565139506,300.5948916010075,15.9
286500,573.0000000002741,-2202965.680422062,-1760865.6668570586,299.4494854556932,15.9
287000,574.0000000002505,-2201677.6306457464,-1760952.1388915624,298.5184747423516,15.9
287500,575.0000000002268,-2205983.6561695207,-1764660.5556747222,298.92325561633925,15.9
288000,576.0000000002032,-2203159.064161917,-1760820.6404745064,299.6109687994883,15.9
288500,577.0000000001795,-2204292.892559789,-1760957.1131086394,300.2865120275004,15.9
289000,578.0000000001559,-2202093.066743765,-1758037.4082291825,300.77411078009254,15.9
289500,579.0000000001322,-2203204.9042076115,-1760867.0764999466,299.6105651219882,15.9
290000,580.0000000001086,-2204416.632741712,-1762082.0820820576,299.60834546509966,15.9
290500,581.0000000000849,-2202643.4092666116,-1759047.223429074,300.46289419447737,15.9
291000,582.0000000000613,-2203260.866621185,-1760251.3282267428,300.0655377828317,15.9
291500,583.0000000000376,-2204494.7125286274,-1762074.0296797873,299.66668574770864,15.9
292000,584.000000000014,-2204279.88734076,-1761002.1543201169,300.2471951914577,15.9
292500,584.9999999999903,-2205379.256232841,-1763534.9236623745,299.2763039585078,15.9
293000,585.9999999999667,-2203362.849510247,-1763009.2997116714,298.2665457131524,15.9
293500,586.999999999943,-2204223.6752999835,-1762162.7753854883,299.42299244017727,15.8
294000,587.9999999999194,-2205002.657241566,-1762251.7874718918,299.89033266133504,15.8
294500,588.9999999998957,-2205038.50093429,-1761342.4812938985,300.53051504943875,15.8
295000,589.9999999998721,-2205338.712906344,-1764521.1357641777,298.580847330461,15.8
295500,590.9999999998485,-2202256.6849829126,-1757719.9952127323,301.0999297295545,15.8
296000,591.9999999998248,-2201704.537565293,-1759288.782692317,299.6633478608242,15.8
296500,592.9999999998012,-2205095.883654548,-1761612.7758216038,300.386302587934,15.8
297000,593.9999999997775,-2203565.766869221,-1759994.1660357995,300.44624192891166,15.8
297500,594.9999999997539,-2202545.533228047,-1760083.8692364062,299.6944436797344,15.8
298000,595.9999999997302,-2204676.0873110835,-1762909.4370978824,299.22368703654814,15.8
298500,596.9999999997066,-2203019.6161892954,-1760195.6957126227,299.93981240788935,15.8
299000,597.9999999996829,-2204640.0738572516,-1761894.6494372925,299.8866443394162,15.8
299500,598.9999999996593,-2206294.854228407,-1764698.780317087,299.10814986337033,15.8
300000,599.9999999996356,-2203944.7612700667,-1761469.908935057,299.70337659652824,15.8
300500,600.999999999612,-2203183.3102988023,-1759339.5244306908,300.63060217791843,15.8
301000,601.9999999995883,-2205572.4408778753,-1761278.418697327,300.9355626573481,15.8
301500,602.9999999995647,-2204784.078968197,-1760956.2889830826,300.6197676183484,15.8
302000,603.999999999541,-2204790.5789698083,-1763726.7454672428,298.7476452000586,15.8
302500,604.9999999995174,-2204291.590240244,-1763746.874452074,298.3960289872176,15.8
303000,605.9999999994938,-2203296.726686189,-1760728.6608050575,299.76651332479616,15.8
303500,606.9999999994701,-2206644.073472349,-1764427.7686096872,299.52825353571643,15.8
304000,607.9999999994465,-2205041.745910976,-1763112.6390023697,299.3337245220836,15.8
304500,608.9999999994228,-2202264.459078174,-1758772.5431002027,300.39226864632644,15.8
305000,609.9999999993992,-2205594.870040629,-1762448.8987870577,300.1579484324853,15.8
305500,610.9999999993755,-2203830.4007939845,-1761553.3201149493,299.5694190783149,15.8
306000,611.9999999993519,-2204857.978642095,-1763402.283950726,299.01306620833014,15.8
306500,612.9999999993282,-2203114.012071086,-1761941.7462483186,298.8210901254036,15.8
307000,613.9999999993046,-2205835.255213497,-1762696.2792568395,300.153210278228,15.8
307500,614.9999999992809,-2202716.3313696794,-1759300.3489146018,300.34083626980146,15.8
308000,615.9999999992573,-2205246.319995491,-1761767.864170677,300.3831516234503,15.8
308500,616.9999999992336,-2205736.0899816304,-1762298.2995227803,300.3556075778949,15.8
309000,617.99999999921,-2202923.4188032355,-1759403.5138911442,300.4112265103018,15.8
309500,618.9999999991863,-2204995.3794019185,-1762226.1649861012,299.902758118652,15.8
310000,619.9999999991627,-2203939.78288267,-1760287.5883603748,300.5008307955114,15.8
310500,620.999999999139,-2202557.981755983,-1761119.5667295577,299.0013620992655,15.8
311000,621.9999999991154,-2202009.7036744803,-1758799.1333511795,300.20170359556573,15.8
311500,622.9999999990918,-2201544.6545763984,-1757852.5690721448,300.52785032424987,15.8
312000,623.9999999990681,-2204348.465927357,-1762788.6264191484,299.08360706075854,15.8
312500,624.9999999990445,-2200778.7906821948,-1756264.5161419227,301.0847471263959,15.8
313000,625.9999999990208,-2204929.5342516266,-1761108.2899791955,300.61533398289305,15.8
313500,626.9999999989972,-2202654.991084272,-1759398.8714750828,300.23255568740836,15.8
314000,627.9999999989735,-2203141.2043664977,-1757799.1534883722,301.64542839949456,15.8
314500,628.9999999989499,-2202409.048227394,-1759490.4330178206,300.0039523947078,15.8
315000,629.9999999989262,-2205276.868240332,-1762097.4241337064,300.18062074263327,15.8
315500,630.9999999989026,-2205158.5309430957,-1761098.7437522304,300.7769072739866,15.8
316000,631.9999999988789,-2203711.1462469064,-1760466.655294347,300.22467919987724,15.8
316500,632.9999999988553,-2204806.3501047846,-1763213.4042677437,299.1060311114937,15.8
317000,633.9999999988316,-2204033.222723389,-1760914.2632555845,300.1396524245665,15.8
317500,634.999999998808,-2204322.8273928724,-1761001.1873003305,300.2769349555034,15.8
318000,635.9999999987843,-2204052.173021326,-1760943.0946366007,300.13295962847263,15.8
318500,636.9999999987607,-2205239.2751188967,-1762465.2846810876,299.90599308197284,15.8
319000,637.999999998737,-2205258.6550866123,-1762934.354548067,299.6014027069051,15.8
319500,638.9999999987134,-2203740.6235212907,-1761354.719027638,299.64312917623994,15.8
320000,639.9999999986898,-2204156.9918920584,-1760592.3940062951,300.44149859254316,15.8
320500,640.9999999986661,-2204459.091258025,-1760552.8350958573,300.67291544830374,15.8
321000,641.9999999986425,-2203308.006550802,-1761358.630293898,299.3474536461099,15.8
321500,642.9999999986188,-2201972.1749822777,-1758278.952391388,300.5286205119849,15.8
322000,643.9999999985952,-2205431.741232803,-1762249.9904499317,300.1821831334805,15.8
322500,644.9999999985715,-2203586.9149514623,-1760704.5702951238,299.979385106379,15.8
323000,645.9999999985479,-2202856.21756291,-1760879.904141213,299.3656991106868,15.8
323500,646.9999999985242,-2205732.4931984637,-1761915.3395004913,300.61256329666975,15.8
324000,647.9999999985006,-2201358.2025233507,-1757644.2821298954,300.5426398427656,15.8
324500,648.9999999984769,-2204085.5222394094,-1761142.070028996,300.02077534628785,15.8
325000,649.9999999984533,-2202379.18875538,-1759924.9526821664,299.6894124961043,15.8
325500,650.9999999984296,-2205663.609727001,-1761156.418843912,301.0799491227009,15.8
326000,651.999999998406,-2204255.1028705016,-1762466.1533447695,299.2387911248959,15.8
326500,652.9999999983823,-2206752.0895065293,-1762863.7677489608,300.6607678616392,15.8
327000,653.9999999983587,-2205031.122123748,-1762932.1607550245,299.4487727671048,15.8
327500,654.999999998335,-2201818.6261426844,-1757839.971898667,300.72195314948596,15.8
328000,655.9999999983114,-2202706.458790634,-1760194.388371254,299.72858568015715,15.8
328500,656.9999999982878,-2204655.015535189,-1761659.0199500853,300.0563647740922,15.8
329000,657.9999999982641,-2205507.72855985,-1762489.286578808,300.07156848707075,15.8
329500,658.9999999982405,-2207184.9989669453,-1763372.6971696825,300.60927693809384,15.8
330000,659.9999999982168,-2204491.0228108764,-1762168.5002814112,299.6001984004409,15.8
330500,660.9999999981932,-2205133.501244398,-1762497.7503964459,299.81235867169863,15.8
331000,661.9999999981695,-2206130.6616775095,-1761968.8298791386,300.8460255826804,15.8
331500,662.9999999981459,-2204712.1033758987,-1760516.0216269656,300.86922424759337,15.8
332000,663.9999999981222,-2205035.6506874934,-1761744.1111103282,300.25654684520026,15.8
332500,664.9999999980986,-2202834.338927094,-1760881.3171013377,299.3499229147901,15.8
333000,665.9999999980749,-2204240.7553694695,-1760609.2907171708,300.4867897443612,15.8
333500,666.9999999980513,-2204488.466241924,-1763018.8794182646,299.02247582547244,15.8
334000,667.9999999980276,-2203800.1358457115,-1761319.6274808003,299.70720761935513,15.8
334500,668.999999998004,-2202998.475291973,-1758688.7418761272,300.9462044152793,15.8
335000,669.9999999979804,-2203392.72053333,-1761445.8239152539,299.3457741017799,15.8
335500,670.9999999979567,-2206336.661539944,-1762948.8588723387,300.32174913431186,15.8
336000,671.9999999979331,-2203127.34849922,-1761148.8187195729,299.36720032585833,15.8
336500,672.9999999979094,-2202316.1783119664,-1757963.03056882,300.97561042652717,15.8
337000,673.9999999978858,-2204089.5177611187,-1760865.0421191226,300.21112214431184,15.8
337500,674.9999999978621,-2205075.616695054,-1760327.3201947606,301.2432582174691,15.8
338000,675.9999999978385,-2202315.922074167,-1759764.542308813,299.75521124691676,15.8
338500,676.9999999978148,-2205633.7032013945,-1762471.8232660005,300.1687239277125,15.8
339000,677.9999999977912,-2202317.608169062,-1759100.7081940703,300.20599088550875,15.8
339500,678.9999999977675,-2202812.248219155,-1760473.703876378,299.6110505235014,15.8
340000,679.9999999977439,-2205117.586667428,-1761935.5260528452,300.18239299311335,15.8
340500,680.9999999977202,-2200902.2787388265,-1758357.7960394388,299.75053962784546,15.8
341000,681.9999999976966,-2202212.936324278,-1757233.5513309198,301.3997823708726,15.8
341500,682.999999997673,-2205068.3188807666,-1762708.5740121012,299.62541036601186,15.8
342000,683.9999999976493,-2204658.767322652,-1762124.2182547485,299.7438112389168,15.8
342500,684.9999999976257,-2203710.3126208335,-1760934.6663465393,299.90711463675274,15.8
343000,685.999999997602,-2204566.259073373,-1762952.3045914618,299.12026098641684,15.8
343500,686.9999999975784,-2204844.834609648,-1761517.9077485318,300.28051586498265,15.8
344000,687.9999999975547,-2204250.235629555,-1761660.1079187738,299.78145655785227,15.8
344500,688.9999999975311,-2206169.6363343056,-1762869.7627844412,300.26219173043,15.8
345000,689.9999999975074,-2205010.0629808772,-1762392.2617265892,299.8002007969602,15.8
345500,690.9999999974838,-2205576.6759933867,-1764396.3368529852,298.8265584600275,15.8
346000,691.9999999974601,-2204821.058483612,-1762641.305526671,299.50349567770985,15.8
346500,692.9999999974365,-2205318.679670172,-1763142.3083911368,299.5012051514086,15.8
347000,693.9999999974128,-2201626.984998036,-1758705.35410411,300.0059950210367,15.8
347500,694.9999999973892,-2206016.034580279,-1762754.2201927085,300.23641295590824,15.8
348000,695.9999999973655,-2202669.7849870175,-1759312.8684036727,300.30082893129054,15.8
348500,696.9999999973419,-2204351.8467963543,-1760674.7256157803,300.5177144751465,15.8
349000,697.9999999973182,-2202143.5208559725,-1760389.4603177784,299.215159618346,15.8
349500,698.9999999972946,-2204808.5116037503,-1763654.075215714,298.8090136384269,15.8
350000,699.999999997271,-2205709.6281980705,-1763240.5178373407,299.69948736062946,15.8
350500,700.9999999972473,-2202572.2722106967,-1760705.7438737112,299.2913379115942,15.8
351000,701.9999999972237,-2205154.2899214625,-1762706.7520186692,299.68487559580063,15.8
351500,702.9999999972,-2205252.331892429,-1763636.0404304662,299.12184390307016,15.8
352000,703.9999999971764,-2203138.1307430714,-1759679.1659575065,300.3699496748075,15.8
352500,704.9999999971527,-2203904.987249948,-1759268.2774763806,301.1676767045163,15.8
353000,705.9999999971291,-2203429.096478371,-1760519.412511915,299.9979029577614,15.8
353500,706.9999999971054,-2201768.048392331,-1761024.1416959688,298.5309478135817,15.8
354000,707.9999999970818,-2202026.8939133007,-1759619.897959425,299.6574151448385,15.8
354500,708.9999999970581,-2202321.1316749267,-1760377.642079398,299.3434664086846,15.8
355000,709.9999999970345,-2203687.990484638,-1759947.746546308,300.5604696815493,15.8
355500,710.9999999970108,-2204421.0125736073,-1758385.971031427,302.11481471799635,15.8
356000,711.9999999969872,-2206515.7662244197,-1762289.0630067983,300.889965217422,15.8
356500,712.9999999969635,-2204079.338406006,-1761346.073041589,299.87840859453047,15.8
357000,713.9999999969399,-2204654.8273795284,-1759745.5061519528,301.35232578193614,15.8
357500,714.9999999969162,-2204967.4561356083,-1761507.6299968816,300.3705330988137,15.8
358000,715.9999999968926,-2206058.046262799,-1764860.2819271844,298.83836114172937,15.8
358500,716.999999996869,-2203330.29647612,-1760919.8180564088,299.65977393825773,15.8
359000,717.9999999968453,-2204768.5130673666,-1761900.9702009386,299.969359346966,15.8
359500,718.9999999968217,-2204194.8195569813,-1760742.4035238968,300.36551398039336,15.8
360000,719.999999996798,-2205354.332364712,-1761436.6372750935,300.68066342576185,15.8
360500,720.9999999967744,-2203940.100146843,-1760031.9516530256,300.67419718936134,15.8
361000,721.9999999967507,-2207596.4187098686,-1765343.0557249188,299.5533542715469,15.8
361500,722.9999999967271,-2203495.6194521617,-1759589.5344245287,300.67279953302045,15.8
362000,723.9999999967034,-2205810.6984002385,-1762769.6324668187,300.08689246510903,15.8
362500,724.9999999966798,-2203403.7791977003,-1758611.940620142,301.2727507581445,15.8
363000,725.9999999966561,-2204673.912483709,-1760425.6280853052,300.9045828905333,15.8
363500,726.9999999966325,-2204618.525471883,-1761694.4866977078,300.0076259608229,15.8
364000,727.9999999966088,-2202693.637918189,-1760642.9466739057,299.4160777580956,15.8
364500,728.9999999965852,-2205811.7144573852,-1762626.0783421365,300.1848148022105,15.8
365000,729.9999999965615,-2203293.7144573852,-1761154.123802645,299.4762923744761,15.8
365500,730.9999999965379,-2203482.4598209485,-1761860.7323919684,299.12552586976636,15.8
366000,731.9999999965142,-2206228.0940175224,-1763784.9899756382,299.68187238990345,15.8
366500,732.9999999964906,-2205142.9402726013,-1761403.9564100974,300.5596161890222,15.8
367000,733.999999996467,-2201948.733526269,-1758682.4233644877,300.23945809780554,15.8
367500,734.9999999964433,-2208266.301210001,-1764584.1814459546,300.5211001869831,15.8
368000,735.9999999964197,-2205093.6911394875,-1763704.5631431185,298.9679783052436,15.8
368500,736.999999996396,-2204979.251479877,-1761244.0061497758,300.5570839529445,15.8
369000,737.9999999963724,-2204878.9532188736,-1761488.8077508318,300.32333599331145,15.8
369500,738.9999999963487,-2203361.5761927404,-1760458.067645389,299.9937201348332,15.8
370000,739.9999999963251,-2203687.2459700257,-1759753.9584035173,300.691224744555,15.8
370500,740.9999999963014,-2205337.7641273793,-1761531.2788216006,300.60533722913976,15.8
371000,741.9999999962778,-2203739.0884831566,-1760475.8244794863,300.2373948305561,15.8
371500,742.9999999962541,-2204335.2149159275,-1760822.2073473744,300.4065547032215,15.8
372000,743.9999999962305,-2203857.036799323,-1761754.9702105918,299.4508760390002,15.8
372500,744.9999999962068,-2206552.2116530146,-1763526.7803328547,300.07630260590906,15.8
373000,745.9999999961832,-2206840.3030389156,-1764089.1021361272,299.8905569491378,15.8
373500,746.9999999961595,-2204610.1158496253,-1763683.0174645556,298.65502982045797,15.8
374000,747.9999999961359,-2204458.7735078316,-1760873.08960125,300.45578087684675,15.8
374500,748.9999999961123,-2203823.509553531,-1758997.2682473662,301.29605290486126,15.8
375000,749.9999999960886,-2205834.086098863,-1763768.9444491765,299.4258655127433,15.8
375500,750.999999996065,-2202130.729159534,-1760528.2731182752,299.1124726986283,15.8
376000,751.9999999960413,-2203147.1334046926,-1760517.2231100742,299.8084026648296,15.8
376500,752.9999999960177,-2203758.2701289877,-1762102.7930905246,299.14838563652484,15.8
377000,753.999999995994,-2204594.3442304153,-1761150.1581433322,300.3599395560101,15.8
377500,754.9999999959704,-2206497.4128037877,-1762750.3836615523,300.5650655326143,15.8
378000,755.9999999959467,-2202281.36750374,-1760457.5713406517,299.26239394621666,15.8
378500,756.9999999959231,-2203116.64340847,-1758988.9312991283,300.8229151483662,15.8
379000,757.9999999958994,-2206018.961772904,-1764101.863029108,299.3255909806599,15.8
379500,758.9999999958758,-2203748.3129226826,-1760815.107259472,300.0138350088227,15.8
380000,759.9999999958521,-2203125.753163999,-1759604.37569087,300.4122239263423,15.8
380500,760.9999999958285,-2205478.545608964,-1763378.0127284096,299.44983720590744,15.8
381000,761.9999999958048,-2202480.5715919565,-1760716.2154873973,299.22213315816924,15.8
381500,762.9999999957812,-2203911.7609566115,-1762606.8443424057,298.91093905103736,15.8
382000,763.9999999957575,-2205087.036661988,-1762491.1043639188,299.78538820368664,15.8
382500,764.9999999957339,-2204341.051219959,-1760867.1377070802,300.3800749599578,15.8
383000,765.9999999957103,-2204309.396142425,-1763724.022506524,298.4235679404166,15.8
383500,766.9999999956866,-2205922.4027597792,-1763323.6042604786,299.7873295799761,15.8
384000,767.999999995663,-2205884.3150458913,-1763735.79607426,299.48233982938893,15.8
384500,768.9999999956393,-2204902.522527123,-1764095.4965722682,298.573700649813,15.8
385000,769.9999999956157,-2204464.956131205,-1762462.5427768484,299.3833774892561,15.8
385500,770.999999995592,-2203505.1994891,-1762446.2405478598,298.74434349267136,15.8
386000,771.9999999955684,-2200794.981106095,-1756483.3059711645,300.9475196081383,15.8
386500,772.9999999955447,-2201442.576934535,-1759018.290012888,299.6691269096957,15.8
387000,773.9999999955211,-2202760.8092447724,-1759291.5405322108,300.376928877573,15.8
387500,774.9999999954974,-2203741.980463255,-1761485.9388070612,299.55516862735135,15.8
388000,775.9999999954738,-2202079.0538546294,-1758192.7612854578,300.6593934228185,15.8
388500,776.9999999954501,-2202725.79111637,-1759939.9210346285,299.9140395718025,15.8
389000,777.9999999954265,-2204095.7693347298,-1760722.295328687,300.31204384093814,15.8
389500,778.9999999954028,-2208071.486761352,-1766004.512601292,299.4271067348009,15.8
390000,779.9999999953792,-2206157.0072820373,-1763656.3792473027,299.7208353610229,15.8
390500,780.9999999953556,-2204044.9923945386,-1761666.983259414,299.6377813794152,15.8
391000,781.9999999953319,-2203005.2422205824,-1758648.7116203653,300.9779017515173,15.8
391500,782.9999999953083,-2203979.423854474,-1761810.663799813,299.4960498083809,15.8
392000,783.9999999952846,-2201753.3171897363,-1759051.6618047482,299.8569980725109,15.8
392500,784.999999995261,-2204353.059066605,-1760760.723094591,300.4602865486626,15.8
393000,785.9999999952373,-2205620.36257861,-1762396.9446347957,300.2104057290968,15.8
393500,786.9999999952137,-2204903.0934794433,-1760012.4165314797,301.33969737260514,15.8
394000,787.99999999519,-2203898.473711377,-1761654.3418158726,299.54710173841,15.8
394500,788.9999999951664,-2202822.353420943,-1760451.153100723,299.63316953581165,15.8
395000,789.9999999951427,-2202255.9864209536,-1760635.8534197595,299.1244459092021,15.8
395500,790.9999999951191,-2200921.071844952,-1758833.6952847063,299.4409259794294,15.8
396000,791.9999999950954,-2204567.6878489014,-1761926.951531602,299.81573550088893,15.8
396500,792.9999999950718,-2204094.291114239,-1760043.8441404058,300.77058082499656,15.8
397000,793.9999999950481,-2204569.8147931863,-1760438.6570169812,300.82524901658087,15.8
397500,794.9999999950245,-2203749.7601944115,-1761123.2429020905,299.8061044681297,15.8
398000,795.9999999950008,-2205701.1501365565,-1762335.9776344916,300.30642094788584,15.8
398500,796.9999999949772,-2202464.219825398,-1759898.1986451615,299.765128378829,15.8
399000,797.9999999949536,-2201827.061914712,-1757985.1228074306,300.6293513035386,15.8
399500,798.9999999949299,-2205094.395216644,-1762076.1251505134,300.0714520432116,15.8
400000,799.9999999949063,-2202791.8190445676,-1761833.931246527,298.675884544703,15.8
400500,800.9999999948826,-2206422.749895435,-1764255.5154626367,299.49501645242555,15.8
401000,801.999999994859,-2203088.991362272,-1762191.920792255,298.63469095257483,15.8
401500,802.9999999948353,-2204782.9113228917,-1761683.4455693369,300.12644866405395,15.8
402000,803.9999999948117,-2205344.5458297767,-1761916.0601019277,300.3493051648094,15.8
402500,804.999999994788,-2201971.527934719,-1760515.2033931823,299.0134928274272,15.8
403000,805.9999999947644,-2201006.9490198474,-1758510.7879286378,299.71780974713676,15.8
403500,806.9999999947407,-2204979.4415276535,-1759054.433139843,302.0402854928252,15.8
404000,807.9999999947171,-2206510.395933684,-1762072.9408780953,301.0327146575978,15.8
404500,808.9999999946934,-2203045.2637298536,-1761714.9797844603,298.92812121353097,15.8
405000,809.9999999946698,-2203959.614503825,-1760253.5706096017,300.5373048199883,15.8
405500,810.9999999946461,-2202099.0664674435,-1758683.0898995795,300.34083228218987,15.8
406000,811.9999999946225,-2205830.6501824576,-1762335.358895564,300.39455485869706,15.8
406500,812.9999999945989,-2205486.9988390096,-1762847.6232965442,299.814813801474,15.8
407000,813.9999999945752,-2205487.322677098,-1762538.9952410662,300.0240775036238,15.8
407500,814.9999999945516,-2206506.2960336357,-1764171.458144301,299.6085400156024,15.8
408000,815.9999999945279,-2206078.643241914,-1761940.486202978,300.8299898570219,15.8
408500,816.9999999945043,-2206355.7188703697,-1764275.7806995572,299.4358877034283,15.8
409000,817.9999999944806,-2204836.546015952,-1762035.2911846403,299.9244601897652,15.8
409500,818.999999994457,-2205495.088320406,-1763584.8717875588,299.3209294234012,15.8
410000,819.9999999944333,-2204666.8616390247,-1761519.062564943,300.1591864779378,15.8
410500,820.9999999944097,-2202397.251608573,-1758537.9651656793,300.64110124826516,15.8
411000,821.999999994386,-2205953.76921553,-1764186.3840567374,299.22418484037627,15.8
411500,822.9999999943624,-2204333.8386629093,-1760393.656020265,300.69589501584596,15.8
412000,823.9999999943387,-2200703.951617781,-1757513.6357511985,300.18798455811645,15.8
412500,824.9999999943151,-2203991.409911925,-1760780.4697407153,300.20195410622523,15.8
413000,825.9999999942914,-2205216.932003148,-1760144.1849376343,301.4630197009116,15.8
413500,826.9999999942678,-2201718.6348565947,-1760296.7666632058,298.9901543623585,15.8
414000,827.9999999942441,-2202333.793039372,-1758688.1738519685,300.4963770959196,15.8
414500,828.9999999942205,-2201646.3432521224,-1759519.1507070195,299.46789471006167,15.8
415000,829.9999999941969,-2203047.519754136,-1759040.8166574736,300.74095159833126,15.8
415500,830.9999999941732,-2204625.6448235437,-1763059.3102889138,299.0880063646722,15.8
416000,831.9999999941496,-2202571.040369613,-1761409.4034112194,298.8138908314203,15.8
416500,832.9999999941259,-2203196.847194176,-1761649.1675004768,299.0753708017985,15.8
417000,833.9999999941023,-2205308.8269056454,-1763642.5252709112,299.155717506428,15.8
417500,834.9999999940786,-2205248.8390461635,-1763768.8767196,299.02950350905235,15.8
418000,835.999999994055,-2206346.8990373723,-1763172.4898288462,300.1772104336555,15.8
418500,836.9999999940313,-2203226.361227749,-1759709.1486828637,300.40940287775305,15.8
419000,837.9999999940077,-2206283.7579518743,-1763494.90562934,299.9160595456625,15.8
419500,838.999999993984,-2203210.3675423916,-1761255.4919442264,299.35117853835266,15.8
420000,839.9999999939604,-2205344.9950225595,-1763908.5520797228,299.00002633948776,15.8
420500,840.9999999939367,-2204411.9886391573,-1760635.3041707883,300.5851521009906,15.8
421000,841.9999999939131,-2201419.7875131555,-1760266.9962270914,298.8078993545002,15.8
421500,842.9999999938894,-2201969.472068209,-1760006.292331453,299.3568032159188,15.8
422000,843.9999999938658,-2203497.08516768,-1757510.2498405436,302.0821629970106,15.8
422500,844.9999999938422,-2204842.790244326,-1762751.1611276641,299.4438063815817,15.8
423000,845.9999999938185,-2206856.5947696343,-1765288.4896421372,299.08920564788144,15.8
423500,846.9999999937949,-2200157.5080619436,-1756264.897498622,300.6636728167095,15.8
424000,847.9999999937712,-2205166.1274780966,-1763143.8217988121,299.39685124243744,15.8
424500,848.9999999937476,-2201938.6713335104,-1760296.798424879,299.1391710933147,15.8
425000,849.9999999937239,-2202796.4018993955,-1757906.5204853977,301.3391585301953,15.8
425500,850.9999999937003,-2203888.303392088,-1761121.9870158397,299.90079517716566,15.8
426000,851.9999999936766,-2203193.771322038,-1760098.9921321021,300.12327429395395,15.8
426500,852.999999993653,-2202731.6093500424,-1760870.4963703775,299.28766990455165,15.8
427000,853.9999999936293,-2200772.8751497455,-1758613.6398062021,299.48959839522587,15.8
427500,854.9999999936057,-2201392.403378453,-1759406.2233981995,299.37238206882375,15.8
428000,855.999999993582,-2202637.0656870343,-1758526.6909849702,300.8111719284407,15.8
428500,856.9999999935584,-2206595.1547889244,-1763712.256677132,299.9797599807192,15.8
429000,857.9999999935347,-2205699.258248728,-1763641.3628068012,299.42095740797384,15.8
429500,858.9999999935111,-2206818.2394905575,-1765327.2232312304,299.0369907164188,15.8
430000,859.9999999934874,-2204239.0096141547,-1763660.293776685,298.4190583854442,15.8
430500,860.9999999934638,-2203865.227377586,-1761340.3846653036,299.7372367917166,15.8
431000,861.9999999934402,-2205463.4874982536,-1762625.2036194955,299.9495412322094,15.8
431500,862.9999999934165,-2206123.748092713,-1762687.5237237671,300.3545468115487,15.8
432000,863.9999999933929,-2202662.837773841,-1761272.164544087,298.96902494475466,15.8
432500,864.9999999933692,-2204310.228756333,-1761925.5916960198,299.6422707002169,15.8
433000,865.9999999933456,-2205899.0462769456,-1763461.0095606733,299.67844011666097,15.8
433500,866.9999999933219,-2205875.205827417,-1762687.6376452744,300.18612345731,15.8
434000,867.9999999932983,-2205003.900210282,-1761888.9667178672,300.1369254935057,15.8
434500,868.9999999932746,-2204495.0426534954,-1761175.823307106,300.2752953011999,15.8
435000,869.999999993251,-2203284.7116190884,-1762844.3652559493,298.32533599996634,15.8
435500,870.9999999932273,-2204311.1674212497,-1763011.7149225,298.9072380184393,15.8
436000,871.9999999932037,-2207064.8618314955,-1763083.891447612,300.72352195036785,15.8
436500,872.99999999318,-2204381.879783796,-1763191.6754057743,298.8332405234491,15.8
437000,873.9999999931564,-2205400.381522784,-1761607.7669599045,300.5959420997649,15.8
437500,874.9999999931327,-2203596.597450128,-1759577.1808485966,300.74956289074146,15.8
438000,875.9999999931091,-2202231.780593442,-1759996.4381184971,299.5411483627409,15.8
438500,876.9999999930855,-2203281.349882111,-1762280.4927703808,298.70498913298593,15.8
439000,877.9999999930618,-2205459.696983855,-1762102.2287817027,300.3012025616073,15.8
439500,878.9999999930382,-2204310.918987071,-1760740.1718371285,300.4456636998446,15.8
440000,879.9999999930145,-2203621.0403529685,-1761058.136216798,299.76301709809354,15.8
440500,880.9999999929909,-2201762.6248255875,-1757771.6614877854,300.7302905204139,15.8
441000,881.9999999929672,-2205767.4016521294,-1762872.6166515427,299.9878113777423,15.8
441500,882.9999999929436,-2201682.6062693447,-1760840.2825555864,298.5976090312135,15.8
442000,883.9999999929199,-2203141.560338827,-1760325.3533676984,299.9345877863209,15.8
442500,884.9999999928963,-2201670.5518414564,-1758976.998371798,299.85151036768804,15.8
443000,885.9999999928726,-2205177.664073106,-1760995.3804335773,300.85987831537284,15.8
443500,886.999999992849,-2203205.81317484,-1760108.084400096,300.1252721487968,15.8
444000,887.9999999928253,-2201925.830496479,-1759113.5265421043,299.9319441393568,15.8
444500,888.9999999928017,-2203662.5840572324,-1760657.1539439114,300.06275510327913,15.8
445000,889.999999992778,-2200636.650213415,-1756813.3423779162,300.6167317048559,15.8
445500,890.9999999927544,-2204897.393308779,-1763099.2856658045,299.24499423145977,15.8
446000,891.9999999927307,-2203193.5898585804,-1759690.9326745716,300.3995440331673,15.8
446500,892.9999999927071,-2203131.5623435304,-1760968.1489521577,299.4924283301599,15.8
447000,893.9999999926835,-2202030.8037160095,-1758668.312563022,300.30460477829337,15.8
447500,894.9999999926598,-2204535.1519408952,-1761298.768902372,300.21918743192487,15.8
448000,895.9999999926362,-2205646.401015265,-1763471.056031191,299.5005100066707,15.8
448500,896.9999999926125,-2206950.0147721395,-1763267.9681700428,300.52105063188793,15.8
449000,897.9999999925889,-2201666.910490142,-1759376.3362752143,299.57855871246113,15.8
449500,898.9999999925652,-2201371.9042071756,-1758113.934097064,300.233809095081,15.8
450000,899.9999999925416,-2203508.77654865,-1758421.6833319045,301.4727368406378,15.8
450500,900.9999999925179,-2203790.4124645162,-1760271.4738824887,300.4105719818433,15.8
451000,901.9999999924943,-2200861.1483841576,-1757943.734178543,300.00313891358013,15.8
451500,902.9999999924706,-2203345.412271071,-1760056.6164096072,300.25468843255663,15.8
452000,903.999999992447,-2202877.127786748,-1759024.6348040083,300.63649980496035,15.8
452500,904.9999999924233,-2205810.585797632,-1762241.5601753043,300.4444976502117,15.8
453000,905.9999999923997,-2203993.9624028,-1760433.0943027092,300.43897228092544,15.8
453500,906.999999992376,-2206651.1020012535,-1763928.703726123,299.8710479426521,15.8
454000,907.9999999923524,-2203204.710660467,-1759761.9517495611,300.3589728806905,15.8
454500,908.9999999923288,-2202090.515221469,-1761574.6789795284,298.3764678811485,15.8
455000,909.9999999923051,-2203600.916035913,-1760801.8786413698,299.92295824387304,15.8
455500,910.9999999922815,-2205133.298964137,-1761657.0870220016,300.3816317648374,15.8
456000,911.9999999922578,-2202704.0896301046,-1760093.1984746284,299.79552035029604,15.8
456500,912.9999999922342,-2201683.3649193402,-1757252.3977541574,301.0283201871519,15.8
457000,913.9999999922105,-2205825.857326377,-1761208.3891814977,301.154643690191,15.8
457500,914.9999999921869,-2202623.5737323295,-1760895.9867075097,299.1972282007596,15.8
458000,915.9999999921632,-2204318.748344999,-1763296.100891313,298.7197484781256,15.8
458500,916.9999999921396,-2201862.0613694917,-1757811.443517439,300.7706965666688,15.8
459000,917.9999999921159,-2205789.172322424,-1761580.1893247326,300.8779627053719,15.8
459500,918.9999999920923,-2203743.368916506,-1760178.6796678405,300.44156047576695,15.8
460000,919.9999999920686,-2204874.6677110307,-1763357.2970166625,299.0548414781704,15.8
460500,920.999999992045,-2206807.3585287444,-1765351.5369024025,299.01315218573603,15.8
461000,921.9999999920213,-2203541.747645894,-1761179.748967648,299.62693694845603,15.8
461500,922.9999999919977,-2204077.051250182,-1760418.3735024827,300.505222106192,15.8
462000,923.999999991974,-2206431.2717040554,-1764718.8866922732,299.18693135651085,15.8
462500,924.9999999919504,-2204700.9026798867,-1762095.2116107396,299.7919981536715,15.8
463000,925.9999999919268,-2204637.2197380923,-1761379.2060462737,300.23383861446416,15.8
463500,926.9999999919031,-2205918.0853986163,-1763280.1773057762,299.81381984756814,15.8
464000,927.9999999918795,-2205355.2671296615,-1761977.8214136623,300.3147340161619,15.8
464500,928.9999999918558,-2203239.044187188,-1760535.644232114,299.8581797295988,15.8
465000,929.9999999918322,-2205549.336140588,-1763306.693064033,299.5460933103289,15.8
465500,930.9999999918085,-2203939.6274384223,-1761029.5117600688,299.9981953710201,15.8
466000,931.9999999917849,-2203462.2431945223,-1761107.6151959603,299.6219445345878,15.8
466500,932.9999999917612,-2205035.520054547,-1763289.4430845461,299.209752074093,15.8
467000,933.9999999917376,-2204600.2144150883,-1758992.3614400465,301.8254652660688,15.8
467500,934.9999999917139,-2205199.67756607,-1762885.0393869048,299.59485805986634,15.8
468000,935.9999999916903,-2203660.1941521745,-1759136.3933285011,301.0911996045123,15.8
468500,936.9999999916666,-2204960.1638180427,-1763220.09949701,299.2056795009546,15.8
469000,937.999999991643,-2202296.8994319644,-1763011.5609733975,297.5430095758334,15.8
469500,938.9999999916193,-2203251.487995807,-1760023.5970371284,300.2134354553091,15.8
470000,939.9999999915957,-2202623.7348955125,-1760233.9302799362,299.64577086243634,15.8
470500,940.999999991572,-2207740.359640958,-1764531.8116617429,300.2003337926313,15.8
471000,941.9999999915484,-2203248.8313553184,-1761879.2870489534,298.9547136010701,15.8
471500,942.9999999915248,-2204274.204775626,-1763510.798293074,298.5441556868271,15.8
472000,943.9999999915011,-2206097.580738874,-1764807.3255198956,298.9010083857531,15.8
472500,944.9999999914775,-2203344.6147113834,-1759098.6325372676,300.9030235151492,15.8
473000,945.9999999914538,-2202321.584751712,-1758391.9447210515,300.6887541435613,15.8
473500,946.9999999914302,-2204965.5072439164,-1761708.5199092366,300.23314342761125,15.8
474000,947.9999999914065,-2203962.366894003,-1761094.0439913608,299.96988769221775,15.8
474500,948.9999999913829,-2204672.059627844,-1762625.551902112,299.413244117654,15.8
475000,949.9999999913592,-2206340.478669675,-1762963.7633133621,300.3142393185243,15.8
475500,950.9999999913356,-2206231.160449339,-1762635.4621890248,300.4625639417199,15.8
476000,951.9999999913119,-2207402.465872528,-1764719.7564940462,299.8441652932175,15.8
476500,952.9999999912883,-2204562.6752169114,-1762904.0904946646,299.15049057722024,15.8
477000,953.9999999912646,-2208448.764898857,-1767364.8905327995,298.76121956349834,15.8
477500,954.999999991241,-2203264.946880089,-1760604.0341526666,299.8294016747056,15.8
478000,955.9999999912174,-2203596.366455257,-1760832.6477343927,299.89903569617877,15.8
478500,956.9999999911937,-2202870.837364981,-1760127.628522094,299.88514365315984,15.8
479000,957.9999999911701,-2201863.8670588657,-1758287.895608923,300.4492022972182,15.8
479500,958.9999999911464,-2205068.168853022,-1762529.775441427,299.74641514460563,15.8
480000,959.9999999911228,-2199692.776366465,-1758965.7244931238,298.51953146450603,15.8
480500,960.9999999910991,-2202449.341924684,-1760115.6943320525,299.60773378686616,15.8
481000,961.9999999910755,-2204469.5817403737,-1762282.2767362671,299.50861093798704,15.8
481500,962.9999999910518,-2204204.1800209302,-1761337.5081860465,299.9687693674596,15.8
482000,963.9999999910282,-2201922.7016779426,-1758676.129570853,300.22608883714065,15.8
482500,964.9999999910045,-2202999.3053323645,-1759536.2342402206,300.3727310169348,15.8
483000,965.9999999909809,-2203641.526612865,-1763878.5664611796,297.86651911181696,15.8
483500,966.9999999909572,-2203484.2248014733,-1760128.9763630957,300.2996990395539,15.8
484000,967.9999999909336,-2205494.3408785034,-1763655.8015957554,299.27237996625894,15.8
484500,968.9999999909099,-2202439.1687850077,-1759139.2457477623,300.2622252499286,15.8
485000,969.9999999908863,-2203261.733512817,-1760198.940815245,300.10160874682435,15.8
485500,970.9999999908626,-2203017.6927725617,-1759384.4520665384,300.4879927263961,15.8
486000,971.999999990839,-2205597.0094622,-1763556.4068466919,299.4092443841916,15.8
486500,972.9999999908154,-2204047.9540564027,-1759690.5530094318,300.97849133492497,15.8
487000,973.9999999907917,-2203672.9854587186,-1761377.3826820895,299.58196472957906,15.8
487500,974.9999999907681,-2206319.0137011353,-1761000.424621792,301.6295369193823,15.8
488000,975.9999999907444,-2199265.152066136,-1755615.505447819,300.49910501285626,15.8
488500,976.9999999907208,-2201714.2453537416,-1760299.4605847318,298.98535651634955,15.8
489000,977.9999999906971,-2202189.9992441665,-1758925.8677775008,300.2379823929622,15.8
489500,978.9999999906735,-2204407.415389089,-1762215.5082153203,299.51172814516855,15.8
490000,979.9999999906498,-2203140.613433324,-1760114.2151496026,300.07695756345703,15.8
490500,980.9999999906262,-2203591.3656316865,-1760039.8336236968,300.43264862589245,15.8
491000,981.9999999906025,-2201154.7566152066,-1757098.869119044,300.77426587716155,15.8
491500,982.9999999905789,-2204133.857713053,-1761077.124269601,300.0975046064199,15.8
492000,983.9999999905552,-2205299.8197903596,-1761385.4004349862,300.6784446587316,15.8
492500,984.9999999905316,-2205506.1505714245,-1761768.6599239148,300.55860478334944,15.8
493000,985.999999990508,-2204351.5968213826,-1761223.1137142456,300.14610311176466,15.8
493500,986.9999999904843,-2204444.394470269,-1761588.9471599276,299.9611666124367,15.8
494000,987.9999999904607,-2203945.332809951,-1760071.9444890071,300.6506529333966,15.8
494500,988.999999990437,-2205190.506679969,-1763339.9330047178,299.28053127259756,15.8
495000,989.9999999904134,-2203755.017366329,-1762174.862605839,299.09736727712595,15.8
495500,990.9999999903897,-2205432.174904447,-1761651.9778642228,300.58753128624835,15.8
496000,991.9999999903661,-2205748.2716011517,-1762721.5079443047,300.07720504319275,15.8
496500,992.9999999903424,-2205777.6283511147,-1761782.1898582003,300.73332169628947,15.8
497000,993.9999999903188,-2205577.6323549375,-1760983.2675716286,301.13899499188227,15.8
497500,994.9999999902951,-2205488.944456162,-1761608.6155159716,300.6553540525966,15.8
498000,995.9999999902715,-2206621.5710380636,-1765409.7356449743,298.8478919510291,15.8
498500,996.9999999902478,-2206326.6267965212,-1762959.0457130256,300.3080523626066,15.8
499000,997.9999999902242,-2204663.562684264,-1761752.1094334286,299.999101354687,15.8
499500,998.9999999902005,-2205221.136478355,-1762581.8736014662,299.8147374892191,15.8
500000,999.9999999901769,-2201182.3004816193,-1759192.2075883127,299.37503241889016,15.8
