#"Step","Time (ps)","Potential Energy (kJ/mole)","Total Energy (kJ/mole)","Temperature (K)","Speed (ns/day)"
500,1.0000000000000007,-125387.5,-70913.6485945688,300.2539186859813,0
1000,2.0000000000000013,-124870.328125,-70295.38539289602,300.811123036244,74.1
1500,2.999999999999891,-125196.3203125,-71166.75358883443,297.8050700499735,77.2
2000,3.999999999999781,-125734.609375,-71065.61203604686,301.3295417554703,78.3
2500,4.999999999999671,-125461.84375,-71154.60529596871,299.3355662972484,77.4
3000,5.999999999999561,-126002.734375,-71311.50351057702,301.4520905192586,78.1
3500,6.999999999999451,-125832.5859375,-71106.67665688205,301.6432341613497,77.4
4000,7.999999999999341,-125730.34375,-71453.94322326907,299.16559101044203,77.9
4500,8.999999999999675,-125204.859375,-70589.13349822431,301.03591527487015,78.3
5000,10.000000000000009,-125910.046875,-71263.28583342396,301.20697771323194,77.9
5500,11.000000000000343,-125991.0703125,-71436.89898568066,300.6966333192069,77.1
6000,12.000000000000677,-126089.265625,-71787.80963284313,299.3036939990236,77.4
6500,13.00000000000101,-125318.875,-71043.49133372889,299.15998618666066,77.2
7000,14.000000000001345,-126557.96875,-71526.08433744468,303.3297356664644,77.4
7500,15.000000000001679,-125795.9765625,-71658.6068692042,298.39926824309464,77.7
8000,16.00000000000201,-125414.75,-71463.88596614916,297.3712694205279,77.5
8500,17.000000000001457,-125874.3984375,-71874.52858679742,297.6413841300356,77.7
9000,18.000000000000902,-126129.921875,-71536.89607877366,300.9107949104461,77.5
9500,19.000000000000348,-126048.3359375,-70688.89391270257,305.13519744553207,77.7
10000,19.999999999999794,-126312.0546875,-72645.22867820249,295.80568285509077,77.8
10500,20.99999999999924,-125732.09375,-71711.4314054671,297.7559900848329,77.7
11000,21.999999999998685,-126649.5078125,-71664.60427103005,303.0707822368331,77.9
11500,22.99999999999813,-126278.9921875,-71792.6326986975,300.3228618752471,78
12000,23.999999999997577,-126704.046875,-72765.22520718048,297.304893214369,77.9
12500,24.999999999997023,-126261.984375,-71706.62744609825,300.70316822838004,78
13000,25.99999999999647,-125723.2890625,-71683.03232613252,297.8639922323002,77.9
13500,26.999999999995914,-125720.890625,-71418.73156531196,299.3075692304583,78
14000,27.99999999999536,-125544.4375,-70982.93700519111,300.7370308925892,78.1
14500,28.999999999994806,-125736.4609375,-71009.61701337178,301.6483858142858,78
15000,29.99999999999425,-125758.84375,-71602.21196313761,298.50543879880627,78.1
15500,30.999999999993697,-125423.9375,-71259.48778076778,298.54853038806425,78.2
16000,31.999999999993143,-127022.859375,-72711.01762077934,299.3609391850668,78.1
16500,32.999999999994365,-126400.375,-71116.46323402436,304.7188829091902,78.2
17000,33.99999999999559,-125676.984375,-71165.04009837098,300.463882431082,78.3
17500,34.99999999999681,-125818.0546875,-72396.86197729595,294.4517789413825,78.1
18000,35.99999999999803,-126350.765625,-71353.31945089292,303.1399158578783,78.2
18500,36.999999999999254,-126652.484375,-72990.4954488501,295.77902138114297,78
19000,38.000000000000476,-127125.671875,-72743.75249970518,299.7471993777435,77.8
19500,39.0000000000017,-126599.09375,-72828.84212793311,296.37575353534027,77.6
20000,40.00000000000292,-126637.828125,-72914.31068902719,296.1181598064352,77.3
20500,41.00000000000414,-127070.109375,-72735.6788647616,299.48544594083273,77.1
21000,42.000000000005365,-126418.5703125,-71811.86512769107,300.98619420609316,76.9
21500,43.00000000000659,-126200.140625,-71515.72377479961,301.4145324171687,76.6
22000,44.00000000000781,-126746.3125,-72091.0353894821,301.2539173550164,76.4
22500,45.00000000000903,-126331.1328125,-71829.81382002961,300.40531702541546,76.1
23000,46.00000000001025,-126322.765625,-71381.82717701176,302.82845144393525,76
23500,47.000000000011475,-127170.0,-72571.11803975469,300.9430734468411,75.9
24000,48.0000000000127,-126879.6015625,-71932.77350585395,302.86091432352623,75.6
24500,49.00000000001392,-126476.796875,-72201.33666700823,299.16040807626416,75.5
25000,50.00000000001514,-126871.75,-71939.04555614898,302.7830665125435,75.4
25500,51.000000000016364,-126710.0390625,-71967.01266556769,301.73758183674613,75.2
26000,52.000000000017586,-126531.4140625,-72464.00146313058,298.0136723828911,75.1
26500,53.00000000001881,-126793.6015625,-72154.72688585194,301.16350893118846,75
27000,54.00000000002003,-126783.8046875,-71889.69887792255,302.57031505661456,74.8
27500,55.00000000002125,-126801.546875,-72599.04535050085,298.7582677822396,74.7
28000,56.000000000022474,-126639.90625,-71771.15151164506,302.4305827211717,74.6
28500,57.0000000000237,-126648.75,-72123.16514118994,300.5390678300826,74.5
29000,58.00000000002492,-126725.6796875,-72291.2739581,300.03649842840787,74.5
29500,59.00000000002614,-126276.921875,-72672.38532339991,295.46235016823374,74.3
30000,60.00000000002736,-125852.2109375,-71164.97378978133,301.43007758902417,74.3
30500,61.000000000028585,-125936.0625,-71576.69805681141,299.6228790556832,74.2
31000,62.00000000002981,-126936.5625,-72382.34322394454,300.69689761015877,74.1
31500,63.00000000003103,-125872.5078125,-72212.6567176953,295.7672378882868,74.1
32000,64.00000000003224,-126907.2421875,-73344.90821145929,295.22973418160126,74
32500,65.00000000002991,-126685.453125,-72023.58300854449,301.29025728358056,73.9
33000,66.00000000002758,-127026.4296875,-72257.97773290507,301.8777247333105,73.9
33500,67.00000000002525,-126361.171875,-71793.65999664203,300.7701649820793,73.8
34000,68.00000000002292,-127085.203125,-72564.96736212439,300.5095841975817,73.8
34500,69.00000000002059,-127323.9375,-72730.28846140759,300.9142301542902,73.8
35000,70.00000000001826,-126919.96875,-72792.24381791719,298.3461073728005,73.7
35500,71.00000000001593,-126604.578125,-72046.1745697544,300.71996089999976,73.7
36000,72.0000000000136,-126933.515625,-72179.4906398966,301.7982048533528,73.6
36500,73.00000000001127,-127035.9765625,-72717.56089359871,299.39717388470785,73.5
37000,74.00000000000894,-127002.21875,-72784.29699944891,298.8432623838635,73.5
37500,75.00000000000661,-126930.546875,-72510.42625347152,299.9577604742039,73.4
38000,76.00000000000428,-127730.703125,-73292.24297410855,300.05884595679817,73.4
38500,77.00000000000195,-127456.421875,-73342.39387151269,298.27061139851827,73.4
39000,77.99999999999962,-127176.7265625,-72824.02459677472,299.5861562076579,73.3
39500,78.99999999999729,-127175.7890625,-72520.86076698289,301.25199472483365,73.3
40000,79.99999999999496,-126791.609375,-71975.41945631348,302.1408511768937,73.3
40500,80.99999999999262,-126676.921875,-73084.97614357609,295.3929509427369,73.3
41000,81.9999999999903,-126812.65625,-72782.15851753112,297.8102016688018,73.3
41500,82.99999999998796,-126776.0,-72144.08587519627,301.12514312973406,73.2
42000,83.99999999998563,-126728.8828125,-71808.3752980032,302.71583837023206,73.2
42500,84.9999999999833,-127675.625,-73721.86946574948,297.387207054888,73.2
43000,85.99999999998097,-127319.140625,-72607.81283037318,301.5628626033242,73.1
43500,86.99999999997864,-127326.46875,-73985.89624897146,294.0074091546738,73.1
44000,87.99999999997631,-127300.625,-72791.73639769392,300.4470398879899,73.1
44500,88.99999999997398,-127223.015625,-72866.51592959138,299.6070888788407,73
45000,89.99999999997165,-126384.0546875,-71960.81244609691,299.9749665019735,73
45500,90.99999999996932,-126912.609375,-72811.76557335444,298.1979415180967,73
46000,91.99999999996699,-127198.25,-73272.60691248439,297.23225431925,73
46500,92.99999999996466,-126755.578125,-72701.98532589269,297.93749915340396,73
47000,93.99999999996233,-127696.1953125,-73077.55389523879,301.05198541555745,72.9
47500,94.99999999996,-126906.59375,-72100.53862294136,302.0849893124794,72.9
48000,95.99999999995767,-127307.671875,-73033.44775725808,299.15359488182696,72.9
48500,96.99999999995534,-126563.09375,-71883.0483058095,301.39043770473745,72.8
49000,97.999999999953,-126917.1171875,-72660.0367348012,299.0591008727377,72.8
49500,98.99999999995067,-127673.421875,-72730.0125154804,302.8420708383947,72.8
50000,99.99999999994834,-126758.796875,-71866.37206897349,302.56104954866026,72.8
