#"Step","Time (ps)","Potential Energy (kJ/mole)","Total Energy (kJ/mole)","Temperature (K)","Speed (ns/day)"
500,1.0000000000000007,-2478269.04472656,-1977833.2285077202,298.7735184454124,0
1000,2.0000000000000013,-2484793.696803272,-1982849.836390274,299.6738610173412,14.5
1500,2.999999999999891,-2488312.515606677,-1985832.3568501668,299.99404542028503,14.3
2000,3.999999999999781,-2494720.00790412,-1991823.8872197464,300.24238577622924,14.3
2500,4.999999999999671,-2496303.5988354795,-1993961.6283734294,299.911543325899,14.4
3000,5.999999999999561,-2496314.1053304058,-1994023.6623503324,299.880780045998,14.4
3500,6.999999999999451,-2501775.205745816,-2001042.7374591078,298.9506276354399,14.4
4000,7.999999999999341,-2502258.0659752097,-1997808.3215177837,301.1699405714127,14.4
4500,8.999999999999675,-2503086.0918523837,-2002943.7432009645,298.59831048701665,14.4
5000,10.000000000000009,-2503064.192109024,-2002836.8215405552,298.6490708372526,14.4
5500,11.000000000000343,-2503559.263149472,-1999856.6402447033,300.7238890943613,14.4
6000,12.000000000000677,-2503114.803029824,-2002716.1807952665,298.7513126456099,14.2
6500,13.00000000000101,-2504721.1588757467,-2002501.8170441708,299.83833076556357,14.1
7000,14.000000000001345,-2508247.9349077456,-2005699.1022511963,300.03504556870564,14
7500,15.000000000001679,-2502254.7734547406,-2000521.6723868654,299.5480320717569,14
8000,16.00000000000201,-2506587.620163638,-2001085.278431503,301.7983691951811,14
8500,17.000000000001457,-2508119.842602344,-2006318.615930763,299.5887048726551,14
9000,18.000000000000902,-2510221.65631284,-2008156.271812568,299.7464141359512,14
9500,19.000000000000348,-2506829.2948317807,-2004658.7456910117,299.80920022887074,14
10000,19.999999999999794,-2507370.9607013483,-2003705.951296274,300.7014328326779,13.9
10500,20.99999999999924,-2504924.8389913123,-2003539.5995606557,299.3403494041387,13.9
11000,21.999999999998685,-2507409.2299351897,-2006821.0040134937,298.8645110995987,13.9
11500,22.99999999999813,-2510397.56793366,-2009642.4619617723,298.96414293676577,13.9
12000,23.999999999997577,-2509691.9245093763,-2007218.703122877,299.9899036255138,13.9
12500,24.999999999997023,-2512244.765086632,-2009987.1703201665,299.86116878709896,13.9
13000,25.99999999999647,-2509450.3851689175,-2006901.1763403781,300.0352701534084,13.8
13500,26.999999999995914,-2511308.416796023,-2008613.2380295768,300.122418096306,13.8
14000,27.99999999999536,-2512387.7935885265,-2010279.890169324,299.7717990636436,13.8
14500,28.999999999994806,-2511922.724828474,-2008132.565620966,300.7761505998603,13.8
15000,29.99999999999425,-2510209.091799222,-2008813.056200328,299.34679500428444,13.8
15500,30.999999999993697,-2512053.3897651155,-2009132.4062472282,300.2572295504091,13.8
16000,31.999999999993143,-2513723.0234771594,-2012581.500671757,299.1948440840339,13.8
16500,32.999999999994365,-2511811.482096171,-2008572.232728513,300.44724274421986,13.8
17000,33.99999999999559,-2511250.833689291,-2006175.3993752524,301.54349408988037,13.8
17500,34.99999999999681,-2511824.197998246,-2008713.6813256282,300.3703858946707,13.8
18000,35.99999999999803,-2515966.328859467,-2012386.1409222658,300.6507921559422,13.8
18500,36.999999999999254,-2510280.897606738,-2006906.343991087,300.52802298600756,13.8
19000,38.000000000000476,-2512748.5597666707,-2011567.1574716761,299.21865320207274,13.7
19500,39.0000000000017,-2512326.4552393295,-2009749.0785731277,300.05208710314025,13.7
20000,40.00000000000292,-2510909.9504540022,-2007707.7721856171,300.4251103100425,13.7
20500,41.00000000000414,-2511137.6910311487,-2008050.5429833024,300.3564342029293,13.7
21000,42.000000000005365,-2509383.6814534124,-2005458.652190533,300.8566716170822,13.7
21500,43.00000000000659,-2511077.7418115903,-2009050.053183187,299.72390869588463,13.7
22000,44.00000000000781,-2514586.304780595,-2012302.7883616316,299.87664470442877,13.7
22500,45.00000000000903,-2511177.3646288924,-2008143.0153611882,300.32491192414466,13.7
23000,46.00000000001025,-2512886.9790919255,-2010081.171538305,300.18846643040627,13.7
23500,47.000000000011475,-2514390.000771258,-2011594.4313053368,300.18235401921396,13.7
24000,48.0000000000127,-2513544.304737527,-2011613.202049315,299.66624431566225,13.7
24500,49.00000000001392,-2514372.364771154,-2011968.25950649,299.9486394588956,13.7
25000,50.00000000001514,-2513148.0284537673,-2009524.5998766655,300.6766079702868,13.7
25500,51.000000000016364,-2511925.373383239,-2008855.3682319426,300.34619943684623,13.7
26000,52.000000000017586,-2513981.959741641,-2010198.8953225804,300.77191482208724,13.7
26500,53.00000000001881,-2516629.893030295,-2014528.7187668665,299.76778157832064,13.7
27000,54.00000000002003,-2514614.178054843,-2011409.2350042823,300.42676095868035,13.7
27500,55.00000000002125,-2514542.8018605486,-2011489.1903345094,300.3364120056924,13.7
28000,56.000000000022474,-2515020.660689097,-2013408.7211759202,299.47569539475575,13.7
28500,57.0000000000237,-2514866.23122905,-2013524.6920544505,299.3142591867004,13.7
29000,58.00000000002492,-2511546.348350946,-2008684.309876393,300.22203778870613,13.7
29500,59.00000000002614,-2514928.3031905685,-2013688.3533138274,299.2536076686157,13.7
30000,60.00000000002736,-2516512.259792922,-2014225.3339773891,299.8786802050381,13.7
30500,61.000000000028585,-2510698.3965433203,-2008576.9966809563,299.77985679987904,13.7
31000,62.00000000002981,-2513204.568572413,-2010033.4192672654,300.40658519209603,13.7
31500,63.00000000003103,-2511900.5673729423,-2009295.4635827695,300.06864093505385,13.7
32000,64.00000000003224,-2511051.542962035,-2007944.4888969169,300.3683186257181,13.7
32500,65.00000000002991,-2511568.214548558,-2007421.4600846828,300.989047470853,13.7
33000,66.00000000002758,-2515010.571096055,-2012902.8556455742,299.7716868413077,13.7
33500,67.00000000002525,-2513936.6961869393,-2012288.4541080915,299.49736899389194,13.7
34000,68.00000000002292,-2513993.1762732565,-2011262.817632717,300.1434214186515,13.7
34500,69.00000000002059,-2516124.5719175395,-2012340.3669923646,300.7725957346309,13.7
35000,70.00000000001826,-2516768.968973547,-2014526.163531842,299.8523391660949,13.7
35500,71.00000000001593,-2514025.310907116,-2011823.9516120274,299.8275947120624,13.7
36000,72.0000000000136,-2515388.478501318,-2014155.5568386768,299.2494116375025,13.7
36500,73.00000000001127,-2515074.9128559884,-2014670.530482647,298.7547516019663,13.7
37000,74.00000000000894,-2516442.9051401317,-2015306.2606341701,299.19193160926545,13.7
37500,75.00000000000661,-2515597.4622585233,-2013239.7993524144,299.9209121331916,13.7
38000,76.00000000000428,-2516723.112854153,-2015435.9372924338,299.2818026610695,13.7
38500,77.00000000000195,-2515732.260460425,-2011408.3633973878,301.09480632324323,13.7
39000,77.99999999999962,-2514063.7258934733,-2012152.3594430315,299.65446125576057,13.7
39500,78.99999999999729,-2514171.5944534577,-2010814.7910055504,300.5174256628387,13.7
40000,79.99999999999496,-2515549.6209587753,-2011953.7799607012,300.6601374504231,13.7
40500,80.99999999999262,-2517192.889705265,-2014054.4528407918,300.38705499325624,13.7
41000,81.9999999999903,-2517772.7274881173,-2015813.0882132868,299.6832814183479,13.7
41500,82.99999999998796,-2514144.3762585036,-2012059.198783075,299.7582310695846,13.7
42000,83.99999999998563,-2515058.049489621,-2011076.3954677375,300.8904781072064,13.7
42500,84.9999999999833,-2517049.3319596574,-2013628.4163944284,300.5557023054099,13.7
43000,85.99999999998097,-2516858.8254186288,-2014452.8662566708,299.9497462849851,13.7
43500,86.99999999997864,-2517436.709006101,-2015688.881074584,299.5568244018085,13.7
44000,87.99999999997631,-2516598.4144377373,-2015505.722248338,299.16569090498825,13.7
44500,88.99999999997398,-2517083.031419335,-2016719.733919688,298.730222837496,13.7
45000,89.99999999997165,-2518032.030224405,-2013171.8941335683,301.41495531312563,13.7
45500,90.99999999996932,-2515539.9585117307,-2013654.841255779,299.6387897871327,13.7
46000,91.99999999996699,-2517137.106694132,-2012894.7591328952,301.0461190974478,13.7
46500,92.99999999996466,-2515405.898372857,-2012397.2046385424,300.30959488701416,13.7
47000,93.99999999996233,-2517172.871738976,-2015218.685883769,299.68002558150374,13.7
47500,94.99999999996,-2511634.572804654,-2011509.5677391791,298.587955904017,13.7
48000,95.99999999995767,-2516222.163949879,-2012660.6438937457,300.6396469334624,13.7
48500,96.99999999995534,-2517229.1483814046,-2015840.4934130246,299.34238857118055,13.7
49000,97.999999999953,-2515177.66193725,-2013333.7253894787,299.6142038069201,13.7
49500,98.99999999995067,-2512939.6005059555,-2010049.704257613,300.23866962204306,13.7
50000,99.99999999994834,-2514475.049373364,-2013841.9575969987,298.8912972104709,13.8
50500,100.99999999994601,-2515320.7151684016,-2011288.7264979044,300.9205292338015,13.7
51000,101.99999999994368,-2514251.13239789,-2012272.2394052953,299.6947764009473,13.7
51500,102.99999999994135,-2514616.969538823,-2012236.2187580063,299.934696209663,13.7
52000,103.99999999993902,-2516013.0438218154,-2012176.8494479475,300.80363482097266,13.7
52500,104.99999999993669,-2516026.449751038,-2013601.1995431907,299.9612635534701,13.7
53000,105.99999999993436,-2515437.6342320163,-2011879.8016486117,300.63744541397557,13.7
53500,106.99999999993203,-2518059.916198155,-2014705.15468784,300.5162065716803,13.7
54000,107.9999999999297,-2516864.2091980074,-2013430.0220258934,300.5636258083965,13.7
54500,108.99999999992737,-2515293.028278932,-2011558.7124214927,300.74281063169434,13.7
55000,109.99999999992504,-2514393.229664631,-2011557.1702509108,300.20652759707065,13.7
55500,110.99999999992271,-2518246.872012414,-2013214.2734451636,301.51792000751385,13.7
56000,111.99999999992038,-2517462.4205926284,-2014325.981945761,300.38586200409486,13.7
56500,112.99999999991805,-2514806.693717219,-2011330.498661027,300.5887056346632,13.7
57000,113.99999999991572,-2515027.6804991495,-2010404.1434561415,301.2736993764207,13.7
57500,114.99999999991338,-2517058.421184942,-2014734.4681279329,299.90078645494197,13.7
58000,115.99999999991105,-2517633.369523011,-2014952.291888853,300.11399934454755,13.7
58500,116.99999999990872,-2516063.3196664993,-2015297.6345445649,298.97045897126856,13.7
59000,117.9999999999064,-2515545.0479359142,-2013030.9969595443,300.0142799787384,13.7
59500,118.99999999990406,-2515705.3617182784,-2012155.7721203356,300.63252413198677,13.7
60000,119.99999999990173,-2517132.616649436,-2016504.5696383095,298.8882853511846,13.7
60500,120.9999999998994,-2519406.3847791404,-2015976.7130937036,300.56092994251657,13.8
61000,121.99999999989707,-2516005.6897170674,-2014221.8557344005,299.5783209738738,13.7
61500,122.99999999989474,-2516934.128039317,-2013901.0470736225,300.32415471404585,13.8
62000,123.99999999989241,-2518744.37974553,-2016303.2395552793,299.97075029641843,13.8
62500,124.99999999989008,-2515341.939743394,-2011990.6194318424,300.51415208431376,13.8
63000,125.99999999988775,-2517201.726134194,-2014117.3622221495,300.35477199966107,13.8
63500,126.99999999988542,-2517090.6408888437,-2015575.1295988348,299.4181251757995,13.8
64000,127.99999999988309,-2519636.3355091214,-2016680.559339877,300.278001690462,13.8
64500,128.99999999988785,-2517090.324692026,-2017064.474308,298.5287579168091,13.8
65000,129.99999999989262,-2517176.931907749,-2015097.4690503094,299.7548192903558,13.8
65500,130.9999999998974,-2517274.3488737624,-2012343.476514525,301.4571867504183,13.8
66000,131.99999999990217,-2514352.8194951713,-2013787.5800810477,298.8507875420082,13.8
66500,132.99999999990695,-2518229.646868607,-2016767.5582499336,299.38623041734627,13.8
67000,133.99999999991172,-2519837.4786421955,-2020105.6882749815,298.3531962503385,13.8
67500,134.9999999999165,-2518853.1130414456,-2014934.1810553065,300.85303138038137,13.8
68000,135.99999999992127,-2518417.486233687,-2017097.922373909,299.3011393381296,13.8
68500,136.99999999992605,-2515704.7768022288,-2013697.037086487,299.7119986634052,13.8
69000,137.99999999993082,-2517708.916782733,-2016715.4239886545,299.1064662224074,13.8
69500,138.9999999999356,-2515483.472736448,-2012168.112498407,300.4926829621244,13.8
70000,139.99999999994037,-2517253.5301741306,-2013545.896657132,300.72688056339075,13.8
70500,140.99999999994515,-2513845.4368271995,-2009761.9529700724,300.95127323251995,13.8
71000,141.99999999994992,-2515519.7422069423,-2012865.5092368484,300.097972364715,13.8
71500,142.9999999999547,-2517185.001232328,-2015988.7225698773,299.2275347898858,13.8
72000,143.99999999995947,-2513615.258823173,-2010777.2151876213,300.2077122303818,13.8
72500,144.99999999996425,-2518230.405561827,-2013120.9206796712,301.56382318646314,13.8
73000,145.99999999996902,-2516776.121455008,-2013388.4552735859,300.53585153721116,13.8
73500,146.9999999999738,-2517488.7965522017,-2014818.883057664,300.10733405568,13.7
74000,147.99999999997857,-2519880.853380071,-2017913.9546347847,299.6876155156682,13.8
74500,148.99999999998334,-2518598.3447838984,-2016109.5211450127,299.99921858597446,13.7
75000,149.99999999998812,-2517928.275065871,-2015473.6413601083,299.9788062847692,13.7
75500,150.9999999999929,-2515265.9230502434,-2012296.9914327178,300.28585584366675,13.7
76000,151.99999999999767,-2517539.7290581856,-2015793.6590587455,299.5557748695113,13.7
76500,153.00000000000244,-2515678.414764341,-2010775.7088706766,301.44037061986035,13.7
77000,154.00000000000722,-2516157.840186117,-2016147.1194134043,298.51972513566494,13.7
77500,155.000000000012,-2517834.273897717,-2015453.1827247315,299.9348994328589,13.7
78000,156.00000000001677,-2516925.404019933,-2013583.4770023855,300.5085440374706,13.7
78500,157.00000000002154,-2517102.6286632996,-2015416.0201592222,299.5202747721846,13.7
79000,158.00000000002632,-2520197.721660616,-2017889.899815079,299.8911556918107,13.7
79500,159.0000000000311,-2517295.542547794,-2015479.0798954745,299.5978011591811,13.7
80000,160.00000000003587,-2514595.9673858024,-2012384.3810621602,299.8337005206499,13.7
80500,161.00000000004064,-2518034.3534125965,-2014996.0744546345,300.32725805395125,13.7
81000,162.00000000004542,-2516395.124001708,-2014805.1631783978,299.46257353119324,13.7
81500,163.0000000000502,-2514380.3487341553,-2011747.2787025988,300.085337526435,13.7
82000,164.00000000005497,-2518133.0435755923,-2014559.9673502953,300.6465462744147,13.7
82500,165.00000000005974,-2517102.5335174836,-2014454.7771965764,300.09410563255375,13.7
83000,166.00000000006452,-2516044.1054259464,-2013230.9494712916,300.1928536216519,13.7
83500,167.0000000000693,-2518480.5712646395,-2015956.1677691191,300.0204607085564,13.7
84000,168.00000000007407,-2516825.1837592367,-2013128.8882310987,300.72011148189404,13.7
84500,169.00000000007884,-2520760.3347902447,-2017285.0273967274,300.5881756763912,13.7
85000,170.00000000008362,-2519699.6630191095,-2018601.9653874831,299.16867928738833,13.7
85500,171.0000000000884,-2521096.3334980067,-2019257.8392758202,299.61095459351316,13.7
86000,172.00000000009317,-2518563.75056112,-2015921.2891153898,300.0909444509695,13.7
86500,173.00000000009794,-2514932.3808277026,-2012749.8264196247,299.81636769338365,13.8
87000,174.00000000010272,-2517839.440297324,-2014126.5506906607,300.7300185889908,13.8
87500,175.0000000001075,-2518977.9986339696,-2017707.0627826378,299.2721071211946,13.8
88000,176.00000000011227,-2516086.604676258,-2013863.9725716512,299.84029514624575,13.8
88500,177.00000000011704,-2518619.6711011417,-2015386.9571969996,300.44334089833666,13.8
89000,178.00000000012182,-2520549.2439492736,-2020270.6776069659,298.6796360785556,13.8
89500,179.0000000001266,-2516721.1840390787,-2014715.21350729,299.710942413438,13.8
90000,180.00000000013137,-2519711.9125862606,-2016303.273325559,300.5483730244546,13.8
90500,181.00000000013614,-2518330.9090212826,-2016712.4541519918,299.4795852359842,13.8
91000,182.00000000014091,-2518089.8515564185,-2014930.3792470319,300.39961371444514,13.8
91500,183.0000000001457,-2520209.479682829,-2020139.1069620303,298.55533893834274,13.8
92000,184.00000000015046,-2515972.4972750433,-2013948.0930827972,299.72194779997153,13.8
92500,185.00000000015524,-2518795.7885197736,-2017286.323937547,299.41451513011424,13.8
93000,186.00000000016001,-2517924.566407297,-2015836.8042549314,299.7597741905953,13.8
93500,187.0000000001648,-2518413.378679415,-2016302.64266035,299.77349020124785,13.8
94000,188.00000000016956,-2517257.606894538,-2015070.0444220516,299.8193576412958,13.8
94500,189.00000000017434,-2516995.7546072826,-2013560.9011215996,300.5640236153539,13.8
95000,190.0000000001791,-2516925.4649294373,-2013975.2927391771,300.2746559656674,13.8
95500,191.0000000001839,-2517431.8947341684,-2015032.4171246467,299.945876625453,13.8
96000,192.00000000018866,-2514354.3234487213,-2010554.986350617,300.7816300451288,13.8
96500,193.00000000019344,-2517472.8865380883,-2013512.786871934,300.87760958243183,13.8
97000,194.0000000001982,-2519871.719816273,-2018033.9132755264,299.61054402936736,13.8
97500,195.000000000203,-2519391.090440316,-2015876.2900802246,300.6117540298877,13.8
98000,196.00000000020776,-2517095.960252695,-2014670.5522651975,299.9613577521257,13.8
98500,197.00000000021254,-2518641.0911500566,-2017758.639295521,299.0401718223594,13.8
99000,198.0000000002173,-2516694.61799277,-2015226.8104278024,299.38964478068857,13.8
99500,199.0000000002221,-2519834.5616273936,-2017160.3112272143,300.10992330392247,13.8
100000,200.00000000022686,-2517993.8248484246,-2014213.0349461483,300.7705568749533,13.8
100500,201.00000000023164,-2517633.665847134,-2015504.5015828393,299.7844923547458,13.8
101000,202.0000000002364,-2517877.2609516364,-2015234.0505962418,300.0913915699968,13.8
101500,203.0000000002412,-2518435.0943020843,-2017181.0079270746,299.26204753480704,13.8
102000,204.00000000024596,-2518002.6475069914,-2014700.2546754098,300.48494107489853,13.8
102500,205.00000000025074,-2515157.36115426,-2011789.5110242888,300.5240208264151,13.8
103000,206.0000000002555,-2520077.2469491176,-2018378.6521544294,299.5274309071032,13.7
103500,207.0000000002603,-2519743.750180047,-2016270.8930599918,300.5867127978366,13.7
104000,208.00000000026506,-2517344.6895912886,-2015821.2004618684,299.4228881585302,13.8
104500,209.00000000026984,-2521047.333244456,-2021032.4139620175,298.52223175785747,13.8
105000,210.0000000002746,-2518484.4341060016,-2014661.791832968,300.79554385562335,13.7
105500,211.00000000027939,-2517906.4292901754,-2017403.4379264114,298.8136237970893,13.8
106000,212.00000000028416,-2519347.104959421,-2015134.8249590648,301.02816796232855,13.7
106500,213.00000000028894,-2519719.3421401046,-2017713.8626605335,299.7106492421781,13.7
107000,214.0000000002937,-2515539.349222008,-2013704.9285003175,299.60852260516185,13.7
107500,215.00000000029848,-2518308.331248479,-2017733.244290855,298.8566667879061,13.7
108000,216.00000000030326,-2521481.607375767,-2016099.188163384,301.7267722550624,13.7
108500,217.00000000030803,-2514932.993936455,-2013655.8823353946,299.2757942083606,13.7
109000,218.0000000003128,-2518162.0743043926,-2017005.392607783,299.2038943460553,13.7
109500,219.00000000031758,-2516369.8972297143,-2015270.1999431874,299.1698731346529,13.7
110000,220.00000000032236,-2519499.4137834497,-2017093.039279989,299.9499942549307,13.7
110500,221.00000000032713,-2520998.3461889923,-2017191.4422818976,300.78614763174454,13.7
111000,222.0000000003319,-2519579.275156997,-2016602.904111602,300.2902973803588,13.7
111500,223.00000000033668,-2518813.696915455,-2015994.3859119825,300.19652834982276,13.7
112000,224.00000000034146,-2519222.2772851847,-2016296.7570695821,300.25993807984406,13.8
112500,225.00000000034623,-2521196.2783011217,-2019914.1031604887,299.2788172764244,13.7
113000,226.000000000351,-2516774.1052487977,-2014370.351266214,299.9484297341327,13.8
113500,227.00000000035578,-2519538.564603474,-2017975.675312826,299.446411104762,13.7
114000,228.00000000036056,-2518767.3872114066,-2016952.051476042,299.59712835972766,13.7
114500,229.00000000036533,-2518806.5693659596,-2014869.0549670714,300.86412557599704,13.7
115000,230.0000000003701,-2518672.288671823,-2013934.2883668107,301.34203699418003,13.7
115500,231.00000000037488,-2517629.18328001,-2014079.742629416,300.63243520645005,13.7
116000,232.00000000037966,-2517258.5925461464,-2012996.1619788944,301.0581091872328,13.7
116500,233.00000000038443,-2518252.727096975,-2014439.9538787305,300.78965176691264,13.7
117000,234.0000000003892,-2516227.6393820364,-2014570.8824432436,299.5024525921926,13.7
117500,235.00000000039398,-2518943.7556383684,-2016657.0785602003,299.8785317022026,13.7
118000,236.00000000039876,-2517676.37965505,-2015381.852576767,299.8832183614666,13.7
118500,237.00000000040353,-2519677.409263976,-2018130.577584465,299.43682428299223,13.7
119000,238.0000000004083,-2518627.752764687,-2015745.7265061012,300.2339710284302,13.7
119500,239.00000000041308,-2519169.191022694,-2016003.1688035503,300.40352418511935,13.7
120000,240.00000000041786,-2521075.031958258,-2018102.193986596,300.28818804118674,13.7
120500,241.00000000042263,-2520148.3596501052,-2018473.1602143934,299.513463254329,13.7
121000,242.0000000004274,-2522089.7250027135,-2020414.1553043444,299.5136843110027,13.7
121500,243.00000000043218,-2517184.0592974704,-2016108.6528649193,299.1553708475001,13.7
122000,244.00000000043696,-2521289.290683506,-2017760.215806974,300.6202762966057,13.7
122500,245.00000000044173,-2517295.871580079,-2014774.8422127347,300.0184462641179,13.7
123000,246.0000000004465,-2517981.7201476227,-2014924.1692086253,300.33876394021024,13.7
123500,247.00000000045128,-2519497.4904947765,-2015652.6326211526,300.80880716120146,13.7
124000,248.00000000045605,-2517714.4838102013,-2014653.1307734097,300.3410338939158,13.7
124500,249.00000000046083,-2521529.97038847,-2019608.1108916842,299.66072588405837,13.7
125000,250.0000000004656,-2518687.616005266,-2015250.9197259306,300.56512381227327,13.7
125500,251.00000000047038,-2521849.623438889,-2020467.733175812,299.33834986184144,13.8
126000,252.00000000047515,-2517184.0737979,-2012551.8133193036,301.2789074999388,13.7
126500,253.00000000047993,-2519387.1394503117,-2016404.5251591343,300.29402476446774,13.8
127000,254.0000000004847,-2517771.963606339,-2015526.5292096138,299.8539087223009,13.8
127500,255.00000000048948,-2519331.225367168,-2015264.0280723711,300.9415497207865,13.7
128000,256.00000000049425,-2519584.860348545,-2017717.1015439786,299.62842632906865,13.7
128500,257.000000000499,-2523447.089620672,-2021252.429199259,299.82359530595903,13.8
129000,258.0000000005038,-2519315.377016099,-2017775.6885280914,299.43255960730534,13.8
129500,259.0000000005086,-2519398.2323658764,-2016343.9432633482,300.3368165369132,13.7
130000,260.00000000051335,-2520269.6009928174,-2017406.8155382583,300.22248375567625,13.7
130500,261.0000000005181,-2518997.931106385,-2016255.7319122727,300.1504905446744,13.7
131000,262.0000000005229,-2517774.7522850055,-2017081.39946033,298.92727466221453,13.7
131500,263.0000000005277,-2519367.8121340647,-2017820.6662749443,299.43701185659177,13.7
132000,264.00000000053245,-2520714.647839891,-2019137.9468052068,299.45465708402196,13.7
132500,265.0000000005372,-2516028.840516448,-2012580.3456365033,300.57216789125886,13.7
133000,266.000000000542,-2519765.2995855026,-2016401.97798473,300.52131717380223,13.7
133500,267.0000000005468,-2518833.0266600363,-2015145.1890085367,300.71506190414595,13.7
134000,268.00000000055155,-2519908.9640200846,-2017214.733115749,300.1218521973663,13.7
134500,269.0000000005563,-2520484.700834019,-2018449.0593216838,299.7286567795293,13.7
135000,270.0000000005611,-2517737.2140728123,-2015505.4591804438,299.8457416936536,13.7
135500,271.0000000005659,-2517622.7381345388,-2015318.176939615,299.8892089965014,13.7
136000,272.00000000057065,-2517341.200043246,-2014668.130505538,300.1092182975583,13.7
136500,273.0000000005754,-2519911.626547575,-2017275.3346531466,300.08726106442924,13.8
137000,274.0000000005802,-2520126.573052231,-2017288.7067690867,300.20760634626834,13.8
137500,275.000000000585,-2517223.326978199,-2014570.3009951524,300.09725176128273,13.8
138000,276.00000000058975,-2518989.3892115243,-2016121.925667432,300.22527669979445,13.8
138500,277.0000000005945,-2515593.813736582,-2015754.7768408624,298.4172252858796,13.8
139000,278.0000000005993,-2517901.5788792167,-2015370.3488547895,300.02453632823466,13.8
139500,279.0000000006041,-2517886.4718958028,-2014403.8240363274,300.59255813018484,13.8
140000,280.00000000060885,-2519807.1421858817,-2017730.878895409,299.752909063611,13.8
140500,281.0000000006136,-2519140.317328753,-2017292.9387573935,299.61625878672925,13.8
141000,282.0000000006184,-2518947.885430606,-2013075.5071239546,302.0192908913082,13.8
141500,283.0000000006232,-2521777.5770721287,-2017779.0691387495,300.9005403415106,13.8
142000,284.00000000062795,-2516766.892582629,-2012099.4152520997,301.29993289903973,13.8
142500,285.0000000006327,-2517045.0698649622,-2014233.8607475108,300.1916913079601,13.8
143000,286.0000000006375,-2516583.7194413766,-2012499.8528980454,300.951501706382,13.8
143500,287.0000000006423,-2516508.1955842245,-2013545.6269220384,300.282056989762,13.8
144000,288.00000000064705,-2517623.756739609,-2015726.33547214,299.6461356098993,13.8
144500,289.0000000006518,-2518810.7131468933,-2015397.2150455795,300.5512738817838,13.8
145000,290.0000000006566,-2517849.0642322116,-2015409.0280195726,299.97009119236424,13.8
145500,291.0000000006614,-2521063.1799928322,-2019893.3062086585,299.2117703738883,13.8
146000,292.00000000066615,-2519682.1549196355,-2016443.4988872102,300.44688850727397,13.8
146500,293.0000000006709,-2517574.255849134,-2016951.6103822524,298.88506048532446,13.8
147000,294.0000000006757,-2520605.0478814356,-2018120.5976302193,299.996607556989,13.8
147500,295.0000000006805,-2518435.332580194,-2014744.8174743745,300.71666041572666,13.8
148000,296.00000000068525,-2519526.493980447,-2017860.0868240783,299.50821402925476,13.8
148500,297.00000000069,-2518070.822334571,-2017758.8688544426,298.69956908957147,13.8
149000,298.0000000006948,-2517494.4733476155,-2014408.2490716148,300.3558826865198,13.8
149500,299.0000000006996,-2522007.3136323877,-2022633.435826647,298.1395129130921,13.8
150000,300.00000000070435,-2521915.563577311,-2019935.440579581,299.69551074679157,13.8
150500,301.0000000007091,-2520190.669789592,-2019417.7081238101,298.9748032618586,13.8
151000,302.0000000007139,-2519732.544087112,-2014195.2645511439,301.81922799513046,13.8
151500,303.00000000071867,-2517941.2492481004,-2015974.2761551258,299.6876599032196,13.8
152000,304.00000000072345,-2518083.235617781,-2016645.952090824,299.3714211165582,13.8
152500,305.0000000007282,-2520057.523685133,-2019089.4880152128,299.0912676408755,13.8
153000,306.000000000733,-2519986.89956023,-2018570.064605981,299.35921277371534,13.8
153500,307.00000000073777,-2519921.302394988,-2017748.3781197758,299.81061824742847,13.8
154000,308.00000000074255,-2518175.2290360015,-2015038.9459197863,300.38576914815076,13.8
154500,309.0000000007473,-2517946.3486529402,-2016051.0985173685,299.6448393862979,13.8
155000,310.0000000007521,-2519436.5323889814,-2017188.2495054863,299.8556093448123,13.8
155500,311.00000000075687,-2521947.182515148,-2018082.5161005515,300.8206333880418,13.8
156000,312.00000000076164,-2515944.429689916,-2013672.552008636,299.86969606786977,13.8
156500,313.0000000007664,-2518004.9352038447,-2015398.6507907268,300.06934579841464,13.8
157000,314.0000000007712,-2518929.5104940515,-2016989.1127888248,299.67179368852396,13.8
157500,315.00000000077597,-2519537.25042033,-2017860.3874381632,299.51445643589483,13.8
158000,316.00000000078074,-2516157.24065865,-2011688.8485890008,301.18107369285207,13.8
158500,317.0000000007855,-2518288.326615518,-2017288.3426124505,299.1103416471586,13.8
159000,318.0000000007903,-2521070.1706668753,-2019671.226773408,299.3485313336483,13.8
159500,319.00000000079507,-2518645.298948381,-2016039.077390102,300.06930827240086,13.8
160000,320.00000000079984,-2520796.379948152,-2017579.1444404232,300.43409988319263,13.8
160500,321.0000000008046,-2520711.188433131,-2016871.9014267554,300.80548120499566,13.8
161000,322.0000000008094,-2516677.5913079586,-2012623.2626911832,300.933866777069,13.8
161500,323.00000000081417,-2517613.161925452,-2016323.5717612845,299.283244243078,13.8
162000,324.00000000081894,-2524158.4637935385,-2020959.229707816,300.42335255453315,13.8
162500,325.0000000008237,-2519672.8104004227,-2013866.9450146772,301.979580905018,13.8
163000,326.0000000008285,-2520994.8146308027,-2017432.7011252826,300.6400012385613,13.8
163500,327.00000000083327,-2521481.520658359,-2020720.8028257233,298.96749336718335,13.8
164000,328.00000000083804,-2521269.1924656685,-2018673.74821903,300.0628739301459,13.8
164500,329.0000000008428,-2519412.712184364,-2018801.0960150291,298.8784757007681,13.8
165000,330.0000000008476,-2521622.845216196,-2019846.4771312322,299.57386363398575,13.8
165500,331.00000000085237,-2519218.0957683977,-2016188.1086464534,300.3223076068787,13.8
166000,332.00000000085714,-2520074.288001843,-2016175.3769156164,300.8410783695944,13.8
166500,333.0000000008619,-2519202.3326910697,-2016318.26022508,300.2351926687799,13.8
167000,334.0000000008667,-2518801.628770247,-2017101.4443743739,299.52837994137207,13.8
167500,335.00000000087147,-2517748.3985736705,-2013977.9092480026,300.7644071562171,13.8
168000,336.00000000087624,-2519691.588322157,-2015902.3340422253,300.77561033398166,13.8
168500,337.000000000881,-2517909.8329440765,-2013364.1225298839,301.22723480500855,13.8
169000,338.0000000008858,-2516644.897947613,-2014129.3977084209,300.0151452272648,13.8
169500,339.00000000089057,-2516759.7960658297,-2013860.7251982305,300.24414711423475,13.8
170000,340.00000000089534,-2517638.7365845274,-2014348.0762185138,300.4779364802947,13.8
170500,341.0000000009001,-2519732.49183036,-2016961.7588788169,300.16752595825966,13.8
171000,342.0000000009049,-2520500.2182162516,-2016188.2073663159,301.08770993726466,13.8
171500,343.00000000090967,-2522034.0795508716,-2018220.3675606758,300.79021223878516,13.8
172000,344.00000000091444,-2520041.469826471,-2017162.7020659028,300.23202561827776,13.8
172500,345.0000000009192,-2518716.450355755,-2016291.967387246,299.9608054911389,13.8
173000,346.000000000924,-2518457.4960177485,-2014244.0499247403,301.02886415071714,13.8
173500,347.00000000092876,-2519024.324362222,-2015169.0890457442,300.8150027711348,13.8
174000,348.00000000093354,-2518632.7307339814,-2017203.201131045,299.36679181728283,13.8
174500,349.0000000009383,-2519709.9325324316,-2016401.0204466376,300.4888332433955,13.8
175000,350.0000000009431,-2519138.800933279,-2015928.5713501167,300.4299171595248,13.8
175500,351.00000000094786,-2517494.851405997,-2013348.2600706185,300.98895007879327,13.8
176000,352.00000000095264,-2522393.1739417836,-2021601.4918548134,298.98597985219044,13.8
176500,353.0000000009574,-2518956.196355326,-2016826.175749611,299.7850036133946,13.8
177000,354.0000000009622,-2518250.3656042777,-2013828.0432529496,301.15356884329793,13.8
177500,355.00000000096696,-2515777.666082915,-2016413.1050091689,298.1339505758089,13.8
178000,356.00000000097174,-2517878.7094975393,-2016461.6230389078,299.35936292853427,13.8
178500,357.0000000009765,-2518847.5551868957,-2018170.473366391,298.9175604391169,13.8
179000,358.0000000009813,-2518087.1416923553,-2016299.538778238,299.58057112638824,13.8
179500,359.00000000098606,-2520476.1416923553,-2018664.1756335092,299.5951165730472,13.8
180000,360.00000000099084,-2517005.5375839677,-2013961.9788468936,300.3304102227825,13.8
180500,361.0000000009956,-2518407.6519662403,-2018555.6754950094,298.4249505572877,13.8
181000,362.0000000010004,-2520440.036634924,-2018659.225193011,299.5765164364957,13.8
181500,363.00000000100516,-2519965.582141321,-2016921.858253184,300.33050882236824,13.8
182000,364.00000000100994,-2517754.1321694274,-2014831.3893561708,300.25827989662815,13.8
182500,365.0000000010147,-2519788.28635972,-2016965.9046786013,300.1983616262081,13.8
183000,366.0000000010195,-2521559.01004174,-2018541.2075839809,300.31503303764975,13.8
183500,367.00000000102426,-2519916.123933902,-2018489.865224706,299.36483900655344,13.8
184000,368.00000000102904,-2517543.734976236,-2013846.8434037361,300.72046733626183,13.8
184500,369.0000000010338,-2517349.35414258,-2015104.5919810885,299.8535073799521,13.8
185000,370.0000000010386,-2519279.8094708305,-2018139.9439303835,299.19385465269085,13.8
185500,371.00000000104336,-2517066.374967197,-2014212.8566335875,300.2169510375089,13.8
186000,372.00000000104814,-2518146.112005757,-2016337.5894546693,299.5930607071493,13.8
186500,373.0000000010529,-2519735.3261311185,-2016115.7270426017,300.6743216635492,13.8
187000,374.0000000010577,-2519435.5699648596,-2015603.8458549606,300.80096595425465,13.8
187500,375.00000000106246,-2518124.9663069807,-2015529.7782474132,300.0627209796372,13.8
188000,376.00000000106724,-2520662.4569286313,-2016447.7870671123,301.02959477313044,13.8
188500,377.000000001072,-2520562.402097985,-2017996.7882529749,300.0450643854205,13.8
189000,378.0000000010768,-2517482.706863664,-2015157.7891016267,299.90136240955235,13.8
189500,379.00000000108156,-2519039.8757308777,-2017378.3199656783,299.50531761944166,13.8
190000,380.00000000108633,-2518950.7478935625,-2016787.0428176322,299.80511413977393,13.8
190500,381.0000000010911,-2521846.4314557333,-2018393.3980775313,300.57487749566536,13.8
191000,382.0000000010959,-2518751.5313233957,-2016564.0452139324,299.81931205053604,13.8
191500,383.00000000110066,-2518090.959712295,-2017166.646446735,299.0651642003097,13.8
192000,384.00000000110543,-2521039.017877577,-2016700.2761130154,301.103669005651,13.8
192500,385.0000000011102,-2518064.7170436457,-2015123.3920031637,300.26937398148135,13.8
193000,386.000000001115,-2521850.0597502273,-2020576.4738904156,299.2736892468773,13.8
193500,387.00000000111976,-2518004.4360973574,-2015820.498275034,299.81719362855506,13.8
194000,388.00000000112453,-2518824.437875565,-2015580.6541268933,300.4499498905222,13.8
194500,389.0000000011293,-2519758.306887863,-2016802.4339332585,300.2780594739014,13.8
195000,390.0000000011341,-2517339.1893342175,-2014006.0440556167,300.5033011052938,13.8
195500,391.00000000113886,-2520360.875346558,-2017433.6133804042,300.2609779513393,13.8
196000,392.00000000114363,-2518524.241843775,-2017418.8640996516,299.17326451921696,13.8
196500,393.0000000011484,-2517945.820415739,-2015228.015542285,300.1359264851549,13.8
197000,394.0000000011532,-2517562.450115647,-2017043.67580873,298.82304663475287,13.8
197500,395.00000000115796,-2517715.643709125,-2014218.602946218,300.60115107709134,13.8
198000,396.00000000116273,-2518249.6978247315,-2016586.5173620796,299.50628760711743,13.8
198500,397.0000000011675,-2518808.3669636864,-2014076.8533583567,301.33816426160456,13.8
199000,398.0000000011723,-2519330.108714547,-2016701.2755310526,300.0828080152338,13.8
199500,399.00000000117706,-2520291.38941215,-2016106.5304670865,301.01179686157246,13.8
200000,400.00000000118183,-2520114.9789513648,-2018165.6145665431,299.67714703519607,13.8
200500,401.0000000011866,-2520994.8054607324,-2020264.5454457735,298.949309238357,13.8
201000,402.0000000011914,-2521980.93122242,-2020877.287254962,299.1722294083444,13.8
201500,403.00000000119616,-2519883.354919059,-2015471.049383636,301.1475885372635,13.8
202000,404.00000000120093,-2518644.072245937,-2016698.5552757683,299.67485002611807,13.8
202500,405.0000000012057,-2522089.8047788665,-2019311.6842421566,300.17193654347665,13.8
203000,406.0000000012105,-2519229.272997394,-2017471.1185215162,299.5629896239852,13.8
203500,407.00000000121526,-2519352.9785916936,-2017515.0869450313,299.61059483986696,13.8
204000,408.00000000122003,-2519931.6753970664,-2017337.1023512662,300.06235380002863,13.8
204500,409.0000000012248,-2520707.5947204717,-2018337.6316675884,299.9282556486036,13.8
205000,410.0000000012296,-2519216.9735961426,-2017088.0899171964,299.78432483781546,13.8
205500,411.00000000123435,-2519665.1772735063,-2017322.9946093648,299.91167001620255,13.8
206000,412.00000000123913,-2518300.2249606866,-2015776.303614203,300.0201728527326,13.8
206500,413.0000000012439,-2522211.2136186883,-2019814.2994774,299.9443461666036,13.8
207000,414.0000000012487,-2519723.513150608,-2019140.947724521,298.8611316328731,13.8
207500,415.00000000125345,-2520623.0528306477,-2016938.738187817,300.71295857408563,13.8
208000,416.00000000125823,-2519455.8521366324,-2014424.8428680322,301.5169711538662,13.8
208500,417.000000001263,-2517183.6332010925,-2015733.5761863336,299.3790472291779,13.8
209000,418.0000000012678,-2518225.2656118646,-2014523.8459851684,300.72317070528584,13.8
209500,419.00000000127255,-2518847.8434771225,-2015778.3599835092,300.3458879933078,13.8
210000,420.00000000127733,-2520461.636970151,-2016836.93865562,300.6773660373695,13.8
210500,421.0000000012821,-2520048.5085623935,-2019151.7572232466,299.04870899574075,13.8
211000,422.0000000012869,-2516306.0094021913,-2013650.7206397802,300.0986027008644,13.8
211500,423.00000000129165,-2520276.4108847156,-2016395.4279330638,300.8303747954848,13.8
212000,424.0000000012964,-2519184.6338734142,-2016641.9041891263,300.031401931627,13.8
212500,425.0000000013012,-2519881.9284109157,-2016522.4363553808,300.5190308332413,13.8
213000,426.000000001306,-2519412.293745376,-2017342.6310526798,299.74896833083847,13.8
213500,427.00000000131075,-2521316.0075279903,-2017570.5035383434,300.74949024477587,13.8
214000,428.0000000013155,-2520078.974780323,-2017675.3666904124,299.9483426323189,13.8
214500,429.0000000013203,-2520447.901581973,-2020018.0769599446,298.7699413024453,13.8
215000,430.0000000013251,-2520716.865594767,-2018006.6364459933,300.1314035756346,13.8
215500,431.00000000132985,-2519156.728180565,-2016092.3308117636,300.3428514412544,13.8
216000,432.0000000013346,-2520304.3861903623,-2018206.9040862997,299.76557726078636,13.8
216500,433.0000000013394,-2520018.9710112642,-2019457.9993253723,298.84823959452285,13.8
217000,434.0000000013442,-2519780.67682272,-2018052.9896527627,299.5447998304244,13.8
217500,435.00000000134895,-2518186.0877325274,-2016465.3781111971,299.5406340479487,13.8
218000,436.0000000013537,-2522041.5902285576,-2019452.5861078266,300.05902900335553,13.8
218500,437.0000000013585,-2519279.7323640175,-2017154.572812814,299.7821014343085,13.8
219000,438.0000000013633,-2520162.358277278,-2018547.1698864924,299.47763506126796,13.8
219500,439.00000000136805,-2520875.6796855684,-2018553.6686707572,299.89962700399605,13.8
220000,440.0000000013728,-2518494.2622490134,-2016611.2572154142,299.63752873409936,13.8
220500,441.0000000013776,-2521936.4681219235,-2018721.8654669756,300.43252799991916,13.8
221000,442.0000000013824,-2519793.7386811655,-2015427.0698127039,301.1203422309115,13.8
221500,443.00000000138715,-2521961.945552688,-2018275.524850369,300.71421594772494,13.8
222000,444.0000000013919,-2519316.306215437,-2018012.817469056,299.29154206704436,13.8
222500,445.0000000013967,-2519625.1781495474,-2016623.6450506048,300.30531979687265,13.8
223000,446.0000000014015,-2520257.3387540467,-2017159.89796163,300.3625792457302,13.8
223500,447.00000000140625,-2520337.4037476815,-2017459.295387015,300.2316319389641,13.8
224000,448.000000001411,-2519818.453795746,-2017785.5694162392,299.7270106977555,13.8
224500,449.0000000014158,-2522845.2332601454,-2019839.0806007413,300.3080777975753,13.8
225000,450.0000000014206,-2519796.25879327,-2017368.1307909,299.9629816734908,13.8
225500,451.00000000142535,-2523155.1336718705,-2020326.0388373162,300.2023695577087,13.8
226000,452.0000000014301,-2517587.795987591,-2012929.6115921426,301.29438476914834,13.8
226500,453.0000000014349,-2521156.0549454764,-2019517.53286729,299.49156589446784,13.8
227000,454.0000000014397,-2519463.0428895317,-2016846.714506899,300.07534231587766,13.8
227500,455.00000000144445,-2518534.8504937794,-2016336.8441377615,299.8255929180843,13.8
228000,456.0000000014492,-2518127.894514112,-2013470.0257803143,301.29419631073057,13.8
228500,457.000000001454,-2518311.372567244,-2016892.423321693,299.3604750619668,13.8
229000,458.0000000014588,-2522380.078592969,-2020949.1928045214,299.3676014961742,13.8
229500,459.00000000146355,-2521643.208162017,-2020882.1607520024,298.9676901336616,13.8
230000,460.0000000014683,-2517646.7088040467,-2014462.3310010466,300.41448295784136,13.8
230500,461.0000000014731,-2520456.909964932,-2016404.0518401496,300.9329888541621,13.8
231000,462.0000000014779,-2516923.179887494,-2012487.0571139245,301.16180806314475,13.8
231500,463.00000000148265,-2518509.1587002017,-2014095.3206768848,301.1485034733754,13.8
232000,464.0000000014874,-2518510.7139027677,-2015704.6137039228,300.18864114740404,13.8
232500,465.0000000014922,-2520716.6485838927,-2018342.2775733839,299.9308873167742,13.8
233000,466.00000000149697,-2519491.7004576903,-2016482.1418989243,300.3101112102585,13.8
233500,467.00000000150175,-2521788.4907088988,-2018821.8471231717,300.284489827709,13.8
234000,468.0000000015065,-2521947.978561554,-2020289.4550752316,299.50350726814463,13.8
234500,469.0000000015113,-2520926.6094793733,-2019322.159330831,299.4712240444843,13.8
235000,470.00000000151607,-2520713.442390712,-2017692.8261570663,300.3167129368387,13.8
235500,471.00000000152085,-2519137.851012947,-2016499.9886524654,300.0881986745146,13.8
236000,472.0000000015256,-2519008.4342009816,-2016007.8105651515,300.30477682315814,13.8
236500,473.0000000015304,-2521517.556814704,-2018943.3102631764,300.0502183412651,13.8
237000,474.00000000153517,-2520236.7134615276,-2019710.6342245461,298.8274078726711,13.8
237500,475.00000000153995,-2522025.770301791,-2018437.4198988772,300.65566536549494,13.8
238000,476.0000000015447,-2521058.3020357024,-2018781.7608543134,299.87248030171304,13.8
238500,477.0000000015495,-2521079.6626338605,-2016843.0308236384,301.04270664177227,13.8
239000,478.00000000155427,-2526428.7351813037,-2024795.4869292304,299.4884172797357,13.8
239500,479.00000000155904,-2521399.638525095,-2019705.816802284,299.5245812559943,13.8
240000,480.0000000015638,-2522201.3193938024,-2019446.894977661,300.157789328017,13.8
240500,481.0000000015686,-2520099.3489623945,-2017116.797833306,300.29398705501745,13.8
241000,482.00000000157337,-2519924.4479534402,-2019068.737835858,299.02420629275514,13.8
241500,483.00000000157814,-2520075.0361674055,-2018141.0833701643,299.66794590670565,13.8
242000,484.0000000015829,-2520235.068644136,-2018874.4424567325,299.325654641996,13.8
242500,485.0000000015877,-2519587.9941304717,-2018763.3486100077,299.005659900432,13.8
243000,486.00000000159247,-2520223.044529477,-2017988.398152167,299.8474679872192,13.8
243500,487.00000000159724,-2519645.8890469186,-2017709.1859113586,299.66958793197597,13.8
244000,488.000000001602,-2515513.2496397756,-2013256.2524721932,299.86081200464014,13.8
244500,489.0000000016068,-2518442.0228026565,-2015291.7617349818,300.39411435767187,13.8
245000,490.00000000161157,-2518557.5208685324,-2016942.041426508,299.47780882661374,13.8
245500,491.00000000161634,-2517667.777503578,-2015997.3385238051,299.5106211352717,13.8
246000,492.0000000016211,-2520586.9929274637,-2017048.7005187923,300.62577940893186,13.8
246500,493.0000000016259,-2517783.674336938,-2018143.4861365268,298.29850731564215,13.8
247000,494.00000000163067,-2519021.0306812935,-2016561.6219830464,299.98165708253157,13.8
247500,495.00000000163544,-2523231.009542614,-2020133.461162555,300.3626434784199,13.8
248000,496.0000000016402,-2521157.7242245153,-2018907.8147874067,299.8565804406656,13.8
248500,497.000000001645,-2521093.2184055895,-2019874.1894497422,299.2411173213184,13.8
249000,498.00000000164977,-2520952.4387683086,-2017634.6346136278,300.4941420454865,13.8
249500,499.00000000165454,-2522713.258849902,-2020374.2015682685,299.9098040795567,13.8
250000,500.0000000016593,-2522350.2170968894,-2019305.4677252406,300.3311210633529,13.8
250500,501.0000000016641,-2521286.8653628305,-2017922.6174953985,300.521870179682,13.8
251000,502.00000000166887,-2518691.2343705483,-2014903.8744134866,300.7744793727462,13.8
251500,503.00000000167364,-2520280.0900646355,-2019286.3878242169,299.10659126745406,13.8
252000,504.0000000016784,-2521088.3438687753,-2017223.5651476034,300.8207004380601,13.8
252500,505.0000000016832,-2520937.762924876,-2019297.1967608808,299.4927862681688,13.8
253000,506.00000000168797,-2521601.1640535574,-2021002.4124457545,298.8707952147046,13.8
253500,507.00000000169274,-2520450.277520148,-2017708.349417113,300.1503286960771,13.8
254000,508.0000000016975,-2520358.7754247747,-2016667.2386382008,300.7172703863639,13.8
254500,509.0000000017023,-2521100.409099562,-2019490.4081493472,299.47453802100654,13.8
255000,510.00000000170706,-2519803.2442673426,-2018769.2170200371,299.1306663711905,13.8
255500,511.00000000171184,-2518330.0246117916,-2016191.850526176,299.78987145817814,13.8
256000,512.0000000017166,-2521168.9122389425,-2017247.9202488416,300.8542612576436,13.8
256500,513.0000000016929,-2520721.5933356285,-2017509.7204012668,300.43089828398456,13.8
257000,514.0000000016693,-2519761.7250376157,-2016042.3912402438,300.7338659425756,13.8
257500,515.0000000016456,-2519894.2668940276,-2017130.8534102319,300.1631560409573,13.8
258000,516.000000001622,-2520176.9146545995,-2015982.879906385,301.0172750605805,13.8
258500,517.0000000015983,-2519259.2731581796,-2015549.5204150293,300.72814579787894,13.8
259000,518.0000000015747,-2522250.1414640937,-2017832.7414070214,301.1506301024525,13.8
259500,519.000000001551,-2519199.1896286476,-2016096.045762402,300.3659841327878,13.8
260000,520.0000000015274,-2520631.805151304,-2018758.9134272502,299.6314908187904,13.8
260500,521.0000000015037,-2520409.3901044596,-2018194.9260132355,299.8354186245861,13.8
261000,522.0000000014801,-2519963.800265586,-2016828.0492629716,300.3854514621506,13.8
261500,523.0000000014564,-2521051.3324962165,-2020081.2424837165,299.092494138142,13.8
262000,524.0000000014328,-2522547.882559441,-2021975.0305381706,298.8553324713441,13.8
262500,525.0000000014091,-2522876.617939893,-2019331.694692913,300.629738196108,13.8
263000,526.0000000013855,-2518775.9695160966,-2016611.7717608332,299.8054082824652,13.8
263500,527.0000000013619,-2520005.519021528,-2016595.153167943,300.54940384641793,13.8
264000,528.0000000013382,-2518303.6157435253,-2016867.3186307591,299.3708322009993,13.8
264500,529.0000000013146,-2522394.50335443,-2020295.2452882824,299.7666375574791,13.8
265000,530.0000000012909,-2519680.99455053,-2017769.0057700844,299.6548328033573,13.8
265500,531.0000000012673,-2521966.8124764804,-2017795.328520351,301.00381163674734,13.8
266000,532.0000000012436,-2519099.512527706,-2017915.176452544,299.2204047470154,13.8
266500,533.00000000122,-2522242.3611907624,-2020166.269873048,299.7528063912913,13.8
267000,534.0000000011963,-2520762.7813836597,-2018089.912029897,300.1090987824081,13.8
267500,535.0000000011727,-2520037.8448622655,-2017161.9895241575,300.23028682445556,13.8
268000,536.000000001149,-2519130.368574785,-2014622.3587336885,301.20472655818395,13.8
268500,537.0000000011254,-2520898.313437015,-2017787.2878782037,300.37068971328944,13.8
269000,538.0000000011017,-2520051.711782763,-2018125.124232084,299.6635486582306,13.8
269500,539.0000000010781,-2521779.1175100803,-2019132.5270047977,300.09340960955797,13.8
270000,540.0000000010544,-2520343.775823068,-2018312.9531506842,299.7257798036603,13.8
270500,541.0000000010308,-2520737.1290895306,-2018246.7519662636,300.00014605754905,13.8
271000,542.0000000010072,-2521996.308382569,-2018934.814877682,300.3411177571122,13.8
271500,543.0000000009835,-2521005.288685227,-2018554.5385219678,299.97648770640154,13.8
272000,544.0000000009599,-2518474.1334822644,-2017146.4191731461,299.3060053735877,13.8
272500,545.0000000009362,-2520846.9165525977,-2018140.6739504584,300.12902350105594,13.8
273000,546.0000000009126,-2520262.8687339127,-2019358.07457308,299.053510774621,13.8
273500,547.0000000008889,-2519919.503169149,-2017605.9163861375,299.89459751311364,13.8
274000,548.0000000008653,-2521942.7917192075,-2020300.2379005367,299.49397295097936,13.8
274500,549.0000000008416,-2523663.4965712987,-2019706.2820261575,300.8758870883011,13.8
275000,550.000000000818,-2523714.640172744,-2021557.5697410319,299.80115308036835,13.8
275500,551.0000000007943,-2522557.284185309,-2022090.0712781735,298.79226310501843,13.8
276000,552.0000000007707,-2520381.526965663,-2019455.1521913284,299.06639497598553,13.8
276500,553.000000000747,-2521191.8769006487,-2018629.4638627234,300.0431534182921,13.8
277000,554.0000000007234,-2522264.9538090546,-2018468.7854684943,300.7797382124303,13.8
277500,555.0000000006997,-2519842.8978863545,-2020301.8532903548,298.23931594172086,13.8
278000,556.0000000006761,-2521758.527021697,-2019368.1820352147,299.94042420612226,13.8
278500,557.0000000006524,-2521359.9911007565,-2017898.648557512,300.57983828862746,13.8
279000,558.0000000006288,-2519024.9987802245,-2015098.4566248814,300.8575748542002,13.8
279500,559.0000000006052,-2520463.8693627007,-2019488.4498534873,299.09567598970625,13.8
280000,560.0000000005815,-2521738.4242781475,-2017725.0030629416,300.9094439681868,13.8
280500,561.0000000005579,-2520031.176321596,-2018792.6131962854,299.25277974105586,13.8
281000,562.0000000005342,-2518732.9703036156,-2015737.772945397,300.3015371908186,13.8
281500,563.0000000005106,-2519325.519374257,-2017438.0140615127,299.64021552067743,13.8
282000,564.0000000004869,-2518836.7828490194,-2016333.8728886123,300.00762849531037,13.8
282500,565.0000000004633,-2521595.290755002,-2018265.1513855322,300.5015064974378,13.8
283000,566.0000000004396,-2521369.2249821965,-2018097.2347506946,300.46678991244903,13.8
283500,567.000000000416,-2523442.177687973,-2022681.4780281542,298.96748251752734,13.8
284000,568.0000000003923,-2521948.9450863227,-2022340.9231232181,298.27930321476896,13.8
284500,569.0000000003687,-2521395.128097033,-2017069.9049890046,301.0955980074408,13.8
285000,570.000000000345,-2521189.1915358454,-2017673.6639080723,300.6121882280747,13.8
285500,571.0000000003214,-2520846.314712785,-2018860.2839754177,299.69903782479105,13.8
286000,572.0000000002977,-2519826.642942693,-2017202.073877051,300.08026222324116,13.8
286500,573.0000000002741,-2521386.598867828,-2018743.9365739585,300.091064362661,13.8
287000,574.0000000002505,-2519216.807083128,-2015252.7502959156,300.87997208915726,13.8
287500,575.0000000002268,-2520573.2054893766,-2018952.7823881116,299.4807603229244,13.8
288000,576.0000000002032,-2519940.4068903476,-2014072.273563472,302.016756525257,13.8
288500,577.0000000001795,-2519565.1648807265,-2015857.0927253105,300.7271424422153,13.8
289000,578.0000000001559,-2519742.952638937,-2016519.3115227676,300.4379242021353,13.8
289500,579.0000000001322,-2520687.4657674506,-2017662.0835030838,300.3195583841898,13.8
290000,580.0000000001086,-2519519.722796077,-2015723.6711167283,300.77966856257797,13.8
290500,581.0000000000849,-2521269.653330788,-2018797.204762979,299.98944223216085,13.8
291000,582.0000000000613,-2522755.389326213,-2019529.4125081482,300.43931867841115,13.8
291500,583.0000000000376,-2520685.990613047,-2017280.4826972347,300.5465035281081,13.8
292000,584.000000000014,-2521617.982640937,-2019390.6272568286,299.84311506997943,13.8
292500,584.9999999999903,-2521903.1571979895,-2019836.144750756,299.7473860636706,13.8
293000,585.9999999999667,-2520524.4446757324,-2019397.5721458506,299.1860974791314,13.8
293500,586.999999999943,-2520313.5578533597,-2019958.5778831732,298.7252570507534,13.8
294000,587.9999999999194,-2520960.9034388643,-2016772.7368451562,301.0137716159591,13.8
294500,588.9999999998957,-2521881.207937343,-2020995.7541609711,299.0419640496942,13.8
295000,589.9999999998721,-2520463.538544249,-2017911.5248234277,300.03694474884844,13.8
295500,590.9999999998485,-2518449.978052834,-2015173.0822781983,300.46971865242824,13.8
296000,591.9999999998248,-2522741.0383246616,-2019385.9867676515,300.5163797372868,13.8
296500,592.9999999998012,-2519640.4079471044,-2017402.9596026693,299.8491408362628,13.8
297000,593.9999999997775,-2518317.604327822,-2016329.545091379,299.7002488927969,13.8
297500,594.9999999997539,-2518601.034986643,-2015618.4420178349,300.29401203444513,13.8
298000,595.9999999997302,-2522198.1061949544,-2019133.7089673118,300.3428513569788,13.8
298500,596.9999999997066,-2520261.4882945344,-2016983.1020396454,300.47060850885936,13.8
299000,597.9999999996829,-2518477.379117647,-2014747.1887816088,300.7403475854764,13.8
299500,598.9999999996593,-2520762.155257687,-2017884.7828520387,300.2311925542055,13.8
300000,599.9999999996356,-2519346.339981843,-2015910.7835407443,300.5644432984701,13.8
300500,600.999999999612,-2519569.774450211,-2018627.02673119,299.07617006028744,13.8
301000,601.9999999995883,-2521268.8526541125,-2020857.8468216544,298.75870598356823,13.8
301500,602.9999999995647,-2521833.5425805915,-2018215.0306715332,300.6736725884401,13.8
302000,603.999999999541,-2521790.983803669,-2017752.8969013814,300.92417004069284,13.8
302500,604.9999999995174,-2518750.4938686173,-2017389.7513287936,299.32572410749145,13.8
303000,605.9999999994938,-2521703.2554723863,-2021515.211520826,298.6255917989394,13.8
303500,606.9999999994701,-2521973.4865973126,-2020330.144799869,299.4944433953056,13.8
304000,607.9999999994465,-2521002.3000488672,-2017905.76864305,300.362036317696,13.8
304500,608.9999999994228,-2519662.376751229,-2018395.239394685,299.2698393185799,13.8
305000,609.9999999993992,-2518772.9139679093,-2017394.5578628858,299.3362398753013,13.8
305500,610.9999999993755,-2516762.713895723,-2012167.0692887036,301.2570468488274,13.8
306000,611.9999999993519,-2520679.7199613135,-2017905.0553133083,300.1698732858237,13.8
306500,612.9999999993282,-2517746.698187439,-2014341.7021941196,300.5461978967375,13.8
307000,613.9999999993046,-2520597.8858059812,-2018358.2544722646,299.85044413903864,13.8
307500,614.9999999992809,-2520280.258025918,-2017888.1781362358,299.9414599895664,13.8
308000,615.9999999992573,-2524097.373972537,-2020068.5252790614,300.9186545838422,13.8
308500,616.9999999992336,-2520281.503863856,-2016989.39565292,300.47880088229726,13.8
309000,617.99999999921,-2521276.5485930685,-2017192.816112427,300.9514216673836,13.8
309500,618.9999999991863,-2520152.853281155,-2016517.8677216428,300.68350779676916,13.8
310000,619.9999999991627,-2519943.166626677,-2017178.2755997907,300.16403817355734,13.8
310500,620.999999999139,-2520876.0434158035,-2017294.699763462,300.6514821486797,13.8
311000,621.9999999991154,-2520330.8012332786,-2015773.0366468155,301.2344314670867,13.8
311500,622.9999999990918,-2520570.5821595304,-2017052.516037323,300.61370377690065,13.8
312000,623.9999999990681,-2519083.5857028197,-2015767.5672617417,300.493075926878,13.8
312500,624.9999999990445,-2519432.8818245474,-2018010.6953643202,299.3624077653974,13.8
313000,625.9999999990208,-2518365.753570862,-2014299.8736570566,300.94076320922767,13.8
313500,626.9999999989972,-2521268.42838913,-2018570.6238240725,300.1239857680521,13.8
314000,627.9999999989735,-2519784.5240324717,-2018698.884887335,299.16148004960615,13.8
314500,628.9999999989499,-2521522.722459154,-2019993.61925017,299.4262399136402,13.8
315000,629.9999999989262,-2523101.822624456,-2019684.8059402537,300.5533745695354,13.8
315500,630.9999999989026,-2522927.898746783,-2021633.1196977596,299.28634214561606,13.8
316000,631.9999999988789,-2520085.439556878,-2018537.7318044065,299.43734732189637,13.8
316500,632.9999999988553,-2520761.270367231,-2016903.697528793,300.8163983340379,13.8
317000,633.9999999988316,-2523257.0175926145,-2020840.042929977,299.95632283244396,13.8
317500,634.999999998808,-2520993.026255578,-2017989.3170021165,300.30661901911293,13.8
318000,635.9999999987843,-2519576.504123805,-2018594.5177921997,299.09959655767403,13.8
318500,636.9999999987607,-2520492.0178412907,-2017716.4855331546,300.1703913020441,13.8
319000,637.999999998737,-2521002.213594198,-2019498.2078525135,299.4112560568374,13.8
319500,638.9999999987134,-2521327.570779817,-2018944.7778334843,299.93591543689814,13.8
320000,639.9999999986898,-2520090.1142382342,-2019730.5602603192,298.7279878552606,13.8
320500,640.9999999986661,-2520352.388629455,-2018445.1015394675,299.6520257688582,13.8
321000,641.9999999986425,-2521777.4818438105,-2018263.291105381,300.61139006950964,13.8
321500,642.9999999986188,-2517895.5133481175,-2015249.7354633412,300.0929244534601,13.8
322000,643.9999999985952,-2519697.2248699106,-2016551.6629629694,300.3913088334856,13.8
322500,644.9999999985715,-2518899.00307364,-2015931.1263032388,300.2852260718229,13.8
323000,645.9999999985479,-2518755.2200233936,-2014534.4155471944,301.03325730157655,13.8
323500,646.9999999985242,-2521183.1419296786,-2021929.252062121,298.06787691642666,13.8
324000,647.9999999985006,-2520494.1563945618,-2019596.232487497,299.04940905003565,13.8
324500,648.9999999984769,-2519820.9524824563,-2016552.9769959548,300.46439300269446,13.8
325000,649.9999999984533,-2518964.3884725496,-2017170.6434889878,299.5842381055274,13.8
325500,650.9999999984296,-2517812.816622518,-2013057.32740602,301.3524783404006,13.8
326000,651.999999998406,-2518557.338588603,-2017019.1865993429,299.43164227660657,13.8
326500,652.9999999983823,-2519325.586323587,-2017029.5284118855,299.88413230981297,13.8
327000,653.9999999983587,-2522110.2960790005,-2020428.4416337437,299.51743647237737,13.8
327500,654.999999998335,-2517674.455875395,-2015348.9626974645,299.90170594817477,13.8
328000,655.9999999983114,-2522055.845155755,-2020079.176971532,299.69344813106034,13.8
328500,656.9999999982878,-2522081.722409023,-2019750.4094547923,299.90518050971787,13.8
329000,657.9999999982641,-2518481.051384434,-2015073.7984630354,300.54754534294597,13.8
329500,658.9999999982405,-2519426.8766616695,-2016326.874266913,300.36410859059146,13.8
330000,659.9999999982168,-2520628.801552551,-2017757.2317118132,300.22772826832085,13.8
330500,660.9999999981932,-2518499.8460081667,-2014848.6402384462,300.6931916945174,13.8
331000,661.9999999981695,-2523060.672610447,-2020765.9884296781,299.8833121558372,13.8
331500,662.9999999981459,-2518394.672796542,-2015209.4695936174,300.4149757435923,13.8
332000,663.9999999981222,-2519712.065980984,-2017821.235875748,299.6422005103975,13.8
332500,664.9999999980986,-2519121.7560863253,-2016342.4966014202,300.1726165259011,13.8
333000,665.9999999980749,-2521290.338104019,-2018796.5959765608,300.0021550547255,13.8
333500,666.9999999980513,-2519791.409228958,-2016320.0637705796,300.5858102955313,13.8
334000,667.9999999980276,-2521099.9829901177,-2018028.4098248924,300.34713558294806,13.8
334500,668.999999998004,-2517574.4404660314,-2014245.9040642804,300.50054948299214,13.8
335000,669.9999999979804,-2520002.0657596067,-2018455.312001823,299.4367777616445,13.8
335500,670.9999999979567,-2521927.7751938365,-2017961.8375614579,300.88109500384434,13.8
336000,671.9999999979331,-2516775.7361612525,-2015463.236684267,299.2969217133429,13.8
336500,672.9999999979094,-2522443.9635621104,-2018251.7339235703,301.01619736200047,13.8
337000,673.9999999978858,-2519440.837176118,-2017129.8432947714,299.89304948172105,13.8
337500,674.9999999978621,-2520644.3489966057,-2018683.8034670162,299.6838224765899,13.8
338000,675.9999999978385,-2517156.8788832612,-2014599.629667282,300.04007047897915,13.8
338500,676.9999999978148,-2520083.413479442,-2018079.9861589656,299.70942404851013,13.8
339000,677.9999999977912,-2523370.090998929,-2021337.4676944348,299.7268548290157,13.8
339500,678.9999999977675,-2520512.6615180615,-2018633.715729589,299.63510525658353,13.8
340000,679.9999999977439,-2521416.3035440166,-2018841.7536045043,300.05039947197713,13.8
340500,680.9999999977202,-2521445.335651111,-2020175.7704602187,299.2712888003854,13.8
341000,681.9999999976966,-2520476.537176473,-2017007.2524645987,300.5845799749512,13.8
341500,682.999999997673,-2521392.7492647693,-2019313.938337101,299.75443007090905,13.8
342000,683.9999999976493,-2519526.323814612,-2015862.1447307132,300.70093710880883,13.8
342500,684.9999999976257,-2521235.2232787237,-2020528.7403534632,298.935113682169,13.8
343000,685.999999997602,-2521545.7054906394,-2016376.481386234,301.5994890941426,13.8
343500,686.9999999975784,-2523240.6213464886,-2020573.658751859,300.1055722897958,13.8
344000,687.9999999975547,-2525070.4764413796,-2022378.2787009056,300.12063834435884,13.8
344500,688.9999999975311,-2520721.1618377455,-2016869.105314952,300.81310494659306,13.8
345000,689.9999999975074,-2519384.2622378524,-2015881.2263484562,300.60473032737013,13.8
345500,690.9999999974838,-2519017.8749278225,-2016316.5151187154,300.1261083434937,13.8
346000,691.9999999974601,-2523396.099729141,-2019222.8495007725,301.0048661483438,13.8
346500,692.9999999974365,-2520524.6988458764,-2018138.3830253088,299.93801868669766,13.8
347000,693.9999999974128,-2519332.910701694,-2017966.224289029,299.3292727579766,13.8
347500,694.9999999973892,-2520986.667377079,-2019038.1843386553,299.67662084790936,13.8
348000,695.9999999973655,-2519824.6391737442,-2019382.090694937,298.77753778402183,13.8
348500,696.9999999973419,-2518976.503656121,-2015865.5933956734,300.3706208770937,13.8
349000,697.9999999973182,-2518504.7065018024,-2014819.498574003,300.71349188901723,13.8
349500,698.9999999972946,-2521373.1057941113,-2019971.1479234549,299.3503307583499,13.8
350000,699.999999997271,-2518195.0014272816,-2015964.3836015188,299.84506283458825,13.8
350500,700.9999999972473,-2519389.791875569,-2016487.2707435004,300.2462070140695,13.8
351000,701.9999999972237,-2519380.2114819735,-2016036.758710963,300.5094549529479,13.8
351500,702.9999999972,-2519831.5600890685,-2016917.8051940994,300.25291386989056,13.8
352000,703.9999999971764,-2519335.5343977977,-2016782.7344574982,300.0374141428291,13.8
352500,704.9999999971527,-2521093.8623559177,-2019477.76789995,299.4781760063275,13.8
353000,705.9999999971291,-2518450.1289038714,-2015607.832738262,300.2102511041523,13.8
353500,706.9999999971054,-2521285.849961007,-2018746.851876695,300.02917406699765,13.8
354000,707.9999999970818,-2519668.1438211314,-2016834.6732340509,300.2049819985768,13.8
354500,708.9999999970581,-2521144.5889714025,-2019551.1219634144,299.4646668168826,13.8
355000,709.9999999970345,-2522453.8703869227,-2018997.9558229623,300.5765976403442,13.8
355500,710.9999999970108,-2522655.836546529,-2020482.751619717,299.81071416071484,13.8
356000,711.9999999969872,-2522446.218712285,-2018619.1212774965,300.7982037059171,13.8
356500,712.9999999969635,-2521010.088303374,-2020349.6455594902,298.90762646695794,13.8
357000,713.9999999969399,-2524556.0380204413,-2023274.401800434,299.278495526449,13.8
357500,714.9999999969162,-2522091.3938408494,-2020032.7471878945,299.7423914615454,13.8
358000,715.9999999968926,-2519098.18496041,-2016176.1972746816,300.2578290653703,13.8
358500,716.999999996869,-2521194.25184197,-2020182.4507481242,299.11739676526804,13.8
359000,717.9999999968453,-2518790.904816497,-2015702.8117645723,300.35699839554775,13.8
359500,718.9999999968217,-2519557.806953484,-2016442.220510466,300.3734126827044,13.8
360000,719.999999996798,-2522196.281787621,-2019170.1960849836,300.3199783555831,13.8
360500,720.9999999967744,-2521180.501520604,-2021412.395512212,298.3748776559007,13.8
361000,721.9999999967507,-2518873.5264979396,-2013603.5026541757,301.65966922476156,13.8
361500,722.9999999967271,-2521042.771781929,-2018773.4661164004,299.8681605059244,13.8
362000,723.9999999967034,-2520736.4218945485,-2018119.3971288525,300.07575807512444,13.8
362500,724.9999999966798,-2519265.9940753803,-2017039.2006183038,299.84277958456653,13.8
363000,725.9999999966561,-2519747.743544083,-2017210.364884084,300.0282072275265,13.8
363500,726.9999999966325,-2519630.288685251,-2015940.082510764,300.71647597548855,13.8
364000,727.9999999966088,-2519757.155251749,-2016798.2223122965,300.2798863664012,13.8
364500,728.9999999965852,-2522026.252894249,-2019835.0044943052,299.82155823821444,13.8
365000,729.9999999965615,-2517687.2992978673,-2015394.9470162094,299.8819199499251,13.8
365500,730.9999999965379,-2518404.229827903,-2014767.861050034,300.68433361498967,13.8
366000,731.9999999965142,-2521770.6745984573,-2019099.7524663878,300.10793623916567,13.8
366500,732.9999999964906,-2518762.6910024714,-2016435.1541599217,299.9029260704143,13.8
367000,733.999999996467,-2519810.736988833,-2017481.964518955,299.90366377285784,13.8
367500,734.9999999964433,-2521198.366905533,-2020101.9786387342,299.16789756169277,13.8
368000,735.9999999964197,-2521858.391973054,-2018751.5614915695,300.3681851403303,13.8
368500,736.999999996396,-2520233.424598217,-2018923.3237027316,299.2954896962674,13.8
369000,737.9999999963724,-2516751.296990901,-2014314.2395845964,299.9683127656002,13.8
369500,738.9999999963487,-2519929.836992329,-2018303.9843838601,299.4840018834166,13.8
370000,739.9999999963251,-2520234.670820212,-2019020.9839399052,299.2379279598593,13.8
370500,740.9999999963014,-2519790.7757689375,-2017517.5841506016,299.8704805233074,13.8
371000,741.9999999962778,-2521284.828593049,-2019564.2743112398,299.540541306115,13.8
371500,742.9999999962541,-2520498.489562014,-2017999.5536091954,300.0052559068765,13.8
372000,743.9999999962305,-2520966.3651103266,-2017796.9922211054,300.4055246244479,13.8
372500,744.9999999962068,-2519514.9991265237,-2017229.044531031,299.878100360792,13.8
373000,745.9999999961832,-2519496.4121714737,-2015877.218690848,300.6740795048291,13.8
373500,746.9999999961595,-2523631.665356679,-2021961.320206434,299.51056511654303,13.8
374000,747.9999999961359,-2523423.271055188,-2021821.0394636658,299.4698995068207,13.8
374500,748.9999999961123,-2523503.905557392,-2020345.1987087962,300.3991567139543,13.8
375000,749.9999999960886,-2520317.86296878,-2019247.2508280026,299.1525085275476,13.8
375500,750.999999996065,-2522646.022584103,-2019633.8579323462,300.3116671172241,13.8
376000,751.9999999960413,-2518194.386820266,-2015888.5962075233,299.8899429917022,13.8
376500,752.9999999960177,-2521719.6118143946,-2020039.9965934714,299.51609959577695,13.8
377000,753.999999995994,-2519913.578818159,-2017023.0665053995,300.2390374289177,13.8
377500,754.9999999959704,-2522099.7138730045,-2020660.453026631,299.3726016289438,13.8
378000,755.9999999959467,-2521494.336535491,-2018393.2397348834,300.36476198004954,13.8
378500,756.9999999959231,-2519019.565516975,-2015131.7983128917,300.83442517498037,13.8
379000,757.9999999958994,-2521527.0019140467,-2017655.3182853311,300.82482285187336,13.8
379500,758.9999999958758,-2518178.0869430043,-2014838.751739223,300.50699665558255,13.8
380000,759.9999999958521,-2519392.5060868952,-2016265.1647792011,300.38043065017246,13.8
380500,760.9999999958285,-2516726.8750757203,-2012560.6164055774,301.0006920017644,13.8
381000,761.9999999958048,-2518352.138540048,-2013757.276000689,301.25657993359266,13.8
381500,762.9999999957812,-2521687.5293313246,-2019218.8671258711,299.9871816729315,13.8
382000,763.9999999957575,-2521485.5123366527,-2018518.7323376522,300.2845712700685,13.8
382500,764.9999999957339,-2518479.589743262,-2017572.139763618,299.0550963692269,13.8
383000,765.9999999957103,-2520786.5406643953,-2016620.3753293308,301.0006362782352,13.8
383500,766.9999999956866,-2521131.110160215,-2019949.1774831146,299.2189698543241,13.8
384000,767.999999995663,-2520826.124737248,-2021360.904386608,298.19404684659344,13.8
384500,768.9999999956393,-2518616.3144224305,-2017378.9669672262,299.252053953606,13.8
385000,769.9999999956157,-2519515.2801852114,-2016437.15550315,300.35104701309115,13.8
385500,770.999999995592,-2519408.1840240397,-2017002.2604933986,299.9497250121393,13.8
386000,771.9999999955684,-2519207.011009818,-2016395.145355279,300.1920832780976,13.8
386500,772.9999999955447,-2520429.0344310254,-2017899.2122156841,300.02369582869346,13.8
387000,773.9999999955211,-2523035.7641126383,-2020264.318022477,300.1679517210192,13.8
387500,774.9999999954974,-2521523.241704818,-2019062.0291663685,299.982734023203,13.8
388000,775.9999999954738,-2520250.78773557,-2018342.6384836398,299.6525405025139,13.8
388500,776.9999999954501,-2520419.340637341,-2017357.8080912954,300.3411410657243,13.8
389000,777.9999999954265,-2522585.079802571,-2020337.7751712848,299.85502530217383,13.8
389500,778.9999999954028,-2520284.3481900264,-2018560.571668792,299.5424650689215,13.8
390000,779.9999999953792,-2518781.169653669,-2016031.2708651603,300.15508740771645,13.8
390500,780.9999999953556,-2519417.81172413,-2016950.6848598793,299.98626503331786,13.8
391000,781.9999999953319,-2523234.987476848,-2021107.5756615812,299.7834460959751,13.8
391500,782.9999999953083,-2523114.8588427883,-2021895.6805341968,299.24120648888686,13.8
392000,783.9999999952846,-2520328.8640586995,-2018465.8772744846,299.6255773057487,13.8
392500,784.999999995261,-2520716.611509476,-2019858.1540321927,299.02584653971115,13.8
393000,785.9999999952373,-2522105.530004978,-2019637.3503042846,299.9868936047314,13.8
393500,786.9999999952137,-2518877.661297746,-2016035.0430695913,300.2104433840745,13.8
394000,787.99999999519,-2521139.0455492754,-2019668.2031012792,299.39145668673353,13.8
394500,788.9999999951664,-2518633.368246395,-2014650.624370933,300.8911287788363,13.8
395000,789.9999999951427,-2520717.2702590227,-2018127.292583423,300.0596102415565,13.8
395500,790.9999999951191,-2522412.782980537,-2020189.7495447646,299.84053475164677,13.8
396000,791.9999999950954,-2520650.343480408,-2018852.9796383358,299.5863986604975,13.8
396500,792.9999999950718,-2520933.5507020336,-2018134.5235083213,300.1844183748506,13.8
397000,793.9999999950481,-2520747.065033216,-2017332.9693943886,300.5516306276031,13.8
397500,794.9999999950245,-2523452.940077616,-2021618.3617389426,299.608616706701,13.8
398000,795.9999999950008,-2522500.820461672,-2020014.887397374,299.99749283591416,13.8
398500,796.9999999949772,-2520519.4077579025,-2018547.4417031442,299.6906408344623,13.8
399000,797.9999999949536,-2518989.8529150113,-2016617.7894071974,299.9295096761726,13.8
399500,798.9999999949299,-2520104.8882341105,-2018454.5595308465,299.49861476427515,13.8
400000,799.9999999949063,-2520039.3715186715,-2017060.6874208092,300.2916783343225,13.8
400500,800.9999999948826,-2519908.5981573686,-2015201.9035081968,301.3233466833756,13.8
401000,801.999999994859,-2517551.1139520686,-2016607.6968776558,299.07656968329417,13.8
401500,802.9999999948353,-2517834.1810414083,-2013898.521514231,300.86301816815484,13.8
402000,803.9999999948117,-2519213.867213737,-2020404.58457571,297.8024345520157,13.8
402500,804.999999994788,-2519810.7180815786,-2018134.2609071715,299.51421415784773,13.8
403000,805.9999999947644,-2521804.8454506435,-2021212.0076635084,298.8672645061679,13.8
403500,806.9999999947407,-2519454.3378533423,-2016036.2092494029,300.55403841525,13.8
404000,807.9999999947171,-2518957.462011764,-2018116.5755160053,299.01535619549026,13.8
404500,808.9999999946934,-2522241.421953382,-2021340.1283358058,299.0514208570106,13.8
405000,809.9999999946698,-2521607.309177546,-2019097.1715678314,300.0119435945572,13.8
405500,810.9999999946461,-2519046.933312461,-2015942.0687895129,300.36701141069307,13.8
406000,811.9999999946225,-2518335.387268318,-2015943.4066626546,299.94140071436124,13.8
406500,812.9999999945989,-2519194.5700133294,-2016243.9322491453,300.27493392570716,13.8
407000,813.9999999945752,-2519162.4555561803,-2015328.919153558,300.80204794130645,13.8
407500,814.9999999945516,-2520120.4320603814,-2015551.7715505143,301.2409366237255,13.8
408000,815.9999999945279,-2519010.1961923633,-2016324.3399623868,300.1168522935963,13.8
408500,816.9999999945043,-2520787.6107737347,-2019523.5121583208,299.2680251091456,13.8
409000,817.9999999944806,-2517196.7279016934,-2014707.6258426665,299.9993848102184,13.8
409500,818.999999994457,-2521662.859868344,-2017951.493085548,300.72910942256,13.8
410000,819.9999999944333,-2518717.391564248,-2017866.2923700605,299.0214534486117,13.8
410500,820.9999999944097,-2520467.4165303633,-2016967.7090454756,300.60274318117956,13.8
411000,821.999999994386,-2520761.300105434,-2018847.925523007,299.6556601640705,13.8
411500,822.9999999943624,-2520605.1878128406,-2018473.5445837416,299.7859723627962,13.8
412000,823.9999999943387,-2520694.6359191258,-2017761.8316073187,300.26428687939267,13.8
412500,824.9999999943151,-2520378.199290499,-2017652.8519128035,300.14042956118806,13.8
413000,825.9999999942914,-2519670.7550999243,-2016146.572579098,300.6173554298726,13.8
413500,826.9999999942678,-2519077.943663623,-2017920.7647734333,299.20419118387247,13.8
414000,827.9999999942441,-2522599.1758926623,-2020373.353370822,299.84219991035593,13.8
414500,828.9999999942205,-2523378.3968751505,-2020411.8127432559,300.28445433218656,13.8
415000,829.9999999941969,-2520076.1159828585,-2016960.5745360577,300.37338581876367,13.8
415500,830.9999999941732,-2519096.8935709633,-2017274.6077123387,299.6012777685284,13.8
416000,831.9999999941496,-2519206.5497707427,-2016023.2903562724,300.41381525008507,13.8
416500,832.9999999941259,-2520323.336513182,-2018234.6199901681,299.76034397530555,13.8
417000,833.9999999941023,-2519384.101981027,-2017665.9481375057,299.5391081804876,13.8
417500,834.9999999940786,-2519494.7348527554,-2017157.5631054605,299.90867836530873,13.8
418000,835.999999994055,-2520558.287449768,-2017920.054123939,300.0884201507127,13.8
418500,836.9999999940313,-2520364.2586655207,-2016445.943747627,300.85266297419435,13.8
419000,837.9999999940077,-2520820.2738235164,-2018789.7856281498,299.72558011196776,13.8
419500,838.999999993984,-2523450.6020219307,-2022669.8445400463,298.97945757182345,13.8
420000,839.9999999939604,-2519507.8845504206,-2015826.0692022364,300.7114664285778,13.8
420500,840.9999999939367,-2521363.7983055394,-2018379.889426027,300.29479766820344,13.8
421000,841.9999999939131,-2519272.4053690266,-2015974.575713098,300.482216737429,13.8
421500,842.9999999938894,-2519632.708682066,-2015981.3949229398,300.6932561670703,13.8
422000,843.9999999938658,-2519255.0599901304,-2016112.08581038,300.389763891392,13.8
422500,844.9999999938422,-2520443.6712653562,-2015018.298264211,301.7524168116331,13.8
423000,845.9999999938185,-2519808.4828450773,-2016483.1124851245,300.4986592716665,13.8
423500,846.9999999937949,-2520925.022115007,-2017425.867812734,300.6024129164168,13.8
424000,847.9999999937712,-2519283.8258153163,-2016807.6575209307,299.9916630080543,13.8
424500,848.9999999937476,-2518903.2751914468,-2016437.130280918,299.9856787807778,13.8
425000,849.9999999937239,-2521359.4470402636,-2019750.022119761,299.4741941159178,13.8
425500,850.9999999937003,-2524549.431552237,-2022588.3893892816,299.6841189799441,13.8
426000,851.9999999936766,-2521874.399348384,-2019036.9556712343,300.20735403922725,13.8
426500,852.999999993653,-2522216.775072219,-2018241.6911751335,300.8865555676139,13.8
427000,853.9999999936293,-2520231.446707271,-2019161.6534529617,299.1520196305036,13.8
427500,854.9999999936057,-2521444.711306762,-2019643.8267698283,299.58850060915296,13.8
428000,855.999999993582,-2520640.440769814,-2017321.894473315,300.4945851239294,13.8
428500,856.9999999935584,-2521089.7134453915,-2019706.8466326364,299.3389328880234,13.8
429000,857.9999999935347,-2521128.3715124633,-2018395.0605698258,300.14518402168017,13.8
429500,858.9999999935111,-2516003.979007818,-2011480.00029397,301.21426040077233,13.8
430000,859.9999999934874,-2516993.057746429,-2012946.554835184,300.9291946223194,13.8
430500,860.9999999934638,-2522563.30798446,-2019907.479346782,300.098925020786,13.8
431000,861.9999999934402,-2518473.273667548,-2014922.482678592,300.6332413944376,13.8
431500,862.9999999934165,-2520374.357133139,-2018192.7822887178,299.8157828677761,13.8
432000,863.9999999933929,-2519184.1858138833,-2017441.9935910774,299.55345973352155,13.8
432500,864.9999999933692,-2519646.981895687,-2015432.816060516,301.0292938559688,13.8
433000,865.9999999933456,-2522397.316786617,-2019116.0410300246,300.472333618379,13.8
433500,866.9999999933219,-2520117.7952395566,-2017347.8853392566,300.16703457473386,13.8
434000,867.9999999932983,-2520073.5368024316,-2017365.5257693483,300.1300793014566,13.8
434500,868.9999999932746,-2520905.4700994603,-2019541.55933722,299.3276156207045,13.8
435000,869.999999993251,-2521979.9066983517,-2019644.0336446643,299.90790301061605,13.8
435500,870.9999999932273,-2521954.4784032833,-2018330.5433223392,300.6769103665785,13.8
436000,871.9999999932037,-2517364.1828950047,-2014563.0988908138,300.18564634551853,13.8
436500,872.99999999318,-2522381.9997186363,-2020128.3636968038,299.85880531105596,13.8
437000,873.9999999931564,-2520370.0261000544,-2018711.9794068274,299.5032226099605,13.8
437500,874.9999999931327,-2520181.2623406462,-2018115.7435048684,299.7464943378282,13.8
438000,875.9999999931091,-2519796.74223724,-2015943.1904779929,300.8139976426027,13.8
438500,876.9999999930855,-2520324.764932597,-2018390.381289771,299.6682031330014,13.8
439000,877.9999999930618,-2520020.625953758,-2017858.813029207,299.8039844749763,13.8
439500,878.9999999930382,-2517999.42404191,-2014616.7628475293,300.53286342656895,13.8
440000,879.9999999930145,-2522306.051185703,-2019318.420371118,300.2970197626278,13.8
440500,880.9999999929909,-2521864.0435442645,-2018304.3321036291,300.6385671418122,13.8
441000,881.9999999929672,-2519323.88099852,-2016857.4819033016,299.98583053581126,13.8
441500,882.9999999929436,-2518170.97830398,-2014385.851718103,300.7731459906316,13.8
442000,883.9999999929199,-2520435.4360326845,-2019498.909661016,299.0724557501248,13.8
442500,884.9999999928963,-2520579.187287394,-2018605.0950113472,299.6919102452334,13.8
443000,885.9999999928726,-2519663.6216983683,-2014792.4991193889,301.4215145393268,13.8
443500,886.999999992849,-2522102.4800276253,-2019218.330094444,300.2352389187578,13.8
444000,887.9999999928253,-2518294.6558673196,-2017164.5386145662,299.1880346651547,13.8
444500,888.9999999928017,-2517684.2523765545,-2016400.6948494194,299.2796425980054,13.8
445000,889.999999992778,-2523501.6509941034,-2021170.383490832,299.9051533742839,13.8
445500,890.9999999927544,-2521540.633045731,-2020850.0996942054,298.92559136160764,13.8
446000,891.9999999927307,-2520342.1334064286,-2017423.9945842437,300.2555311912661,13.8
446500,892.9999999927071,-2519953.503348578,-2017003.47086365,300.2745725578609,13.8
447000,893.9999999926835,-2518438.8876155186,-2015170.7436469924,300.46449359095317,13.8
447500,894.9999999926598,-2520711.150150053,-2015948.4435261507,301.3567873249585,13.8
448000,895.9999999926362,-2522597.7669416424,-2020450.467780355,299.7953193715293,13.8
448500,896.9999999926125,-2521913.7924428396,-2019948.0535803149,299.6869230347499,13.8
449000,897.9999999925889,-2520609.255068753,-2017888.0142859546,300.1379778145973,13.8
449500,898.9999999925652,-2520664.1689280514,-2017904.2819000373,300.1610506528787,13.8
450000,899.9999999925416,-2518186.326001065,-2014111.1199440865,300.94633116523516,13.8
450500,900.9999999925179,-2518383.580962658,-2013796.2280385438,301.25209649316696,13.8
451000,901.9999999924943,-2521929.3320625126,-2016946.5817366175,301.4881592790141,13.8
451500,902.9999999924706,-2520622.7476170827,-2017257.964079006,300.52218998933193,13.8
452000,903.999999992447,-2521969.484781295,-2018528.3892501465,300.56775028284176,13.8
452500,904.9999999924233,-2523940.3127704393,-2021748.9975228591,299.821598148035,13.8
453000,905.9999999923997,-2519749.7489417177,-2016283.2911508563,300.58289222777154,13.8
453500,906.999999992376,-2522627.536658084,-2021181.693694833,299.37653132812704,13.8
454000,907.9999999923524,-2521283.952452492,-2018028.5093063004,300.4569108615538,13.8
454500,908.9999999923288,-2519113.720191026,-2014852.8378335903,301.057184864714,13.8
455000,909.9999999923051,-2520900.1471509915,-2019287.3652939089,299.47619829651524,13.8
455500,910.9999999922815,-2522187.6024162825,-2019152.082962496,300.3256105564202,13.8
456000,911.9999999922578,-2521658.439610483,-2020374.0184366032,299.2801582181274,13.8
456500,912.9999999922342,-2519381.2183967475,-2014323.498348427,301.53291820117744,13.8
457000,913.9999999922105,-2520422.8586774953,-2018232.1216967378,299.8212529073315,13.8
457500,914.9999999921869,-2521542.4918067493,-2019878.059198148,299.5070351716177,13.8
458000,915.9999999921632,-2523968.4640155137,-2022417.5758573737,299.43924610883533,13.8
458500,916.9999999921396,-2522034.8960425556,-2019291.2327339952,300.15136466001735,13.8
459000,917.9999999921159,-2524993.0962674543,-2025547.9434608866,298.1820659880004,13.8
459500,918.9999999920923,-2522413.870682303,-2020136.287870274,299.8731021829636,13.8
460000,919.9999999920686,-2519007.9606908206,-2015314.4619280032,300.71844173846625,13.8
460500,920.999999992045,-2519325.2253585327,-2016874.0682747904,299.9767306487742,13.8
461000,921.9999999920213,-2521165.659658961,-2018030.1964085365,300.385279666425,13.8
461500,922.9999999919977,-2519650.6782262363,-2017331.5161289508,299.89792612431216,13.8
462000,923.999999991974,-2518414.9398542084,-2017130.0183525104,299.2804569271682,13.8
462500,924.9999999919504,-2520588.5522948056,-2019277.3587624265,299.2961420296106,13.8
463000,925.9999999919268,-2520633.4215208013,-2017468.6011119706,300.40280667233526,13.8
463500,926.9999999919031,-2521361.904385565,-2019083.4085206585,299.8736472998635,13.8
464000,927.9999999918795,-2522349.053316647,-2017805.1794680136,301.22613832642696,13.8
464500,928.9999999918558,-2522997.4303774387,-2020494.2123198588,300.00781243753306,13.8
465000,929.9999999918322,-2520163.147088509,-2019794.8996494329,298.7331780832467,13.8
465500,930.9999999918085,-2519857.8549962044,-2015112.4505511406,301.3464574631042,13.8
466000,931.9999999917849,-2520474.952960914,-2016652.4885398324,300.79543767326834,13.8
466500,932.9999999917612,-2520574.6037513018,-2017745.4503606914,300.20240451723475,13.8
467000,933.9999999917376,-2522450.5160456896,-2018784.276207619,300.7021674339666,13.8
467500,934.9999999917139,-2520815.6529086772,-2018474.6775868176,299.9109492006857,13.8
468000,935.9999999916903,-2522711.4326430503,-2019689.143043933,300.317711980619,13.8
468500,936.9999999916666,-2523718.1971785575,-2019233.9237641157,301.19055527891675,13.8
469000,937.999999991643,-2521975.8809009325,-2020043.8315650588,299.66680948954365,13.8
469500,938.9999999916193,-2518598.243321646,-2014688.5313348554,300.84752679506556,13.8
470000,939.9999999915957,-2521688.2275907956,-2018752.4252166478,300.2660768025058,13.8
470500,940.999999991572,-2519218.5154259447,-2013863.9066172964,301.7101687029106,13.8
471000,941.9999999915484,-2522312.2576465625,-2020523.9025298145,299.58102021140445,13.8
471500,942.9999999915248,-2519667.875455359,-2016746.0818794488,300.25771317663606,13.8
472000,943.9999999915011,-2518900.7675918005,-2015544.4908811948,300.5171111866326,13.8
472500,944.9999999914775,-2519573.4169569444,-2016834.525381604,300.1485158081226,13.8
473000,945.9999999914538,-2521490.281267436,-2020005.5580786169,299.3997438589142,13.8
473500,946.9999999914302,-2522297.4729701374,-2019511.3310024217,300.176725551551,13.8
474000,947.9999999914065,-2519365.001644807,-2018102.5329220397,299.2670520198001,13.8
474500,948.9999999913829,-2523253.4920506477,-2021713.544187801,299.43271446099624,13.8
475000,949.9999999913592,-2521132.7943495344,-2017679.229693936,300.5751946824292,13.8
475500,950.9999999913356,-2521846.825571956,-2019011.5362796988,300.2060678140342,13.8
476000,951.9999999913119,-2522288.3417690173,-2019501.9338409384,300.1768843369754,13.8
476500,952.9999999912883,-2520698.232577881,-2017162.864739876,300.6240333623067,13.8
477000,953.9999999912646,-2519830.074452447,-2016345.6394722864,300.5936250888589,13.8
477500,954.999999991241,-2520245.8295218367,-2017442.892008645,300.1867529397863,13.8
478000,955.9999999912174,-2519152.681212846,-2016346.2929777438,300.1888131127256,13.8
478500,956.9999999911937,-2518753.977498034,-2018358.4690908093,298.74945360771153,13.8
479000,957.9999999911701,-2517137.512824081,-2014967.5580388012,299.8088453828045,13.8
479500,958.9999999911464,-2519832.4980573654,-2017794.125154912,299.7302874922188,13.8
480000,959.9999999911228,-2520049.1953341886,-2017912.0632854383,299.78924933440015,13.8
480500,960.9999999910991,-2518845.2387671135,-2016616.6767190753,299.84383548050204,13.8
481000,961.9999999910755,-2521642.4495016597,-2021117.150441447,298.8269420863491,13.8
481500,962.9999999910518,-2520040.4411020484,-2018348.5356138977,299.5234372128362,13.8
482000,963.9999999910282,-2520045.6227555946,-2015539.5935653492,301.20354405684316,13.8
482500,964.9999999910045,-2520005.7535621524,-2018876.8248891514,299.18732505136796,13.8
483000,965.9999999909809,-2519951.007499477,-2017422.4231374406,300.0229567972827,13.8
483500,966.9999999909572,-2521418.2992992327,-2017402.1773936327,300.91105635232293,13.8
484000,967.9999999909336,-2521208.912400512,-2019912.441394248,299.287352289178,13.8
484500,968.9999999909099,-2524102.1710466333,-2023021.924317059,299.1582606338123,13.8
485000,969.9999999908863,-2519849.857680466,-2017236.5340723193,300.07354838543506,13.8
485500,970.9999999908626,-2519776.2476826254,-2016784.6418288716,300.2993929669429,13.8
486000,971.999999990839,-2521876.422655618,-2020240.674113204,299.4899100196995,13.8
486500,972.9999999908154,-2522221.242675472,-2019962.345931065,299.8619461026264,13.8
487000,973.9999999907917,-2519131.274032498,-2014980.83508575,300.9912472053161,13.8
487500,974.9999999907681,-2520311.9948536046,-2017952.2174105283,299.9221745681116,13.8
488000,975.9999999907444,-2519308.5405137464,-2018546.0990561137,298.9685224172397,13.8
488500,976.9999999907208,-2519896.1686331257,-2016617.0979832248,300.47101711091995,13.8
489000,977.9999999906971,-2520718.6136848517,-2017332.535234781,300.5349036192826,13.8
489500,978.9999999906735,-2519221.2794314492,-2015809.502294787,300.5502464200246,13.8
490000,979.9999999906498,-2522912.5740836114,-2020451.4402704244,299.9826870221234,13.8
490500,980.9999999906262,-2520313.1901443005,-2017922.2190617279,299.9407980021732,13.8
491000,981.9999999906025,-2523166.7207127735,-2018988.8578691166,301.007620002593,13.8
491500,982.9999999905789,-2519288.328911137,-2016725.2202205183,300.04356874148857,13.8
492000,983.9999999905552,-2524707.678183805,-2022305.7331617838,299.94734973646973,13.8
492500,984.9999999905316,-2520663.7977321595,-2016927.3241838817,300.7440988306254,13.8
493000,985.999999990508,-2519013.684866173,-2017497.399226873,299.4185874829621,13.8
493500,986.9999999904843,-2522325.7035926357,-2019615.8261785116,300.13119358067536,13.8
494000,987.9999999904607,-2523668.4949213304,-2021495.3712121355,299.8107373148308,13.8
494500,988.999999990437,-2522049.4580179546,-2018703.048080642,300.511220460036,13.8
495000,989.9999999904134,-2519680.124575723,-2017893.4664103084,299.58000708623615,13.8
495500,990.9999999903897,-2522816.2420476526,-2021320.5111526335,299.40631575286096,13.8
496000,991.9999999903661,-2521590.030767925,-2019465.416982965,299.7817755973169,13.8
496500,992.9999999903424,-2522110.398238305,-2020420.3259964115,299.5223427159665,13.8
497000,993.9999999903188,-2522381.690611014,-2019389.5353140263,300.29972099919576,13.8
497500,994.9999999902951,-2520442.3095688596,-2017677.8299348128,300.16379256106904,13.8
498000,995.9999999902715,-2521891.0060375836,-2020431.4532929324,299.38471643297623,13.8
498500,996.9999999902478,-2521283.8538715225,-2018255.3485855376,300.32142291132135,13.8
499000,997.9999999902242,-2520652.098898202,-2019181.28000496,299.3914426239177,13.8
499500,998.9999999902005,-2520708.1033078823,-2018149.5854486185,300.0408278928282,13.8
500000,999.9999999901769,-2521328.883757958,-2017738.3555931607,300.65696554737485,13.8
