#"Step","Time (ps)","Potential Energy (kJ/mole)","Total Energy (kJ/mole)","Temperature (K)","Speed (ns/day)"
500,1.0000000000000007,-2636054.125137085,-2103500.4206589074,300.9270148044919,0
1000,2.0000000000000013,-2640397.432185268,-2111250.1566909095,299.00216385213827,13.7
1500,2.999999999999891,-2644406.011158835,-2113067.27706943,300.24047857519747,13.7
2000,3.999999999999781,-2647189.7394441143,-2115342.9286838956,300.5275744953912,13.6
2500,4.999999999999671,-2647728.7318678424,-2116194.6720360923,300.3508501528695,13.6
3000,5.999999999999561,-2649813.0967672933,-2117857.2965901475,300.5891605093564,13.6
3500,6.999999999999451,-2654359.0967672933,-2124538.005032471,299.3829132640089,13.6
4000,7.999999999999341,-2652280.7980697975,-2121055.084396421,300.1766147880875,13.6
4500,8.999999999999675,-2653853.5340663437,-2121569.371858163,300.77470612652814,13.6
5000,10.000000000000009,-2652856.064022308,-2120009.5895807967,301.09244861961633,13.6
5500,11.000000000000343,-2655763.693215467,-2125101.933251948,299.85794475543497,13.5
6000,12.000000000000677,-2658441.6332040597,-2127761.792803277,299.86816136263593,13.3
6500,13.00000000000101,-2658416.553861052,-2128742.2733210064,299.29995551869126,13.3
7000,14.000000000001345,-2659563.8232881203,-2127742.5641910774,300.51313616615204,13.2
7500,15.000000000001679,-2659097.1400138903,-2128661.337702718,299.7302641830885,13.2
8000,16.00000000000201,-2661106.5285495725,-2130022.630221798,300.09648001811644,13.1
8500,17.000000000001457,-2662473.02096051,-2131590.946576418,299.98243653972605,13.1
9000,18.000000000000902,-2663504.210558515,-2131117.244189683,300.8327970738151,13.1
9500,19.000000000000348,-2661448.0421947557,-2130124.908709284,300.23166323294885,12.9
10000,19.999999999999794,-2663531.3205948826,-2130833.0424422976,301.0087082072283,12.9
10500,20.99999999999924,-2663783.3084740993,-2131877.137408333,300.5611168769315,12.9
11000,21.999999999998685,-2663114.941099193,-2130399.003032239,301.01868719201065,12.9
11500,22.99999999999813,-2663731.818048522,-2133495.8411869393,299.61734998209556,12.9
12000,23.999999999997577,-2664107.5109663103,-2133814.582416078,299.6495313405374,12.9
12500,24.999999999997023,-2665533.6611463036,-2134896.5007196916,299.8440444386317,12.9
13000,25.99999999999647,-2666957.934980061,-2136850.6366903237,299.54463833222985,12.9
13500,26.999999999995914,-2664715.7020735797,-2132832.4839024898,300.5481470186469,12.9
14000,27.99999999999536,-2667862.597607862,-2135975.6513334396,300.55025363624685,12.9
14500,28.999999999994806,-2664248.5232086945,-2132337.194932553,300.5640310317106,13
15000,29.99999999999425,-2664447.362311648,-2131376.109204296,301.2194629889362,13
15500,30.999999999993697,-2666891.034698339,-2138647.939806795,298.4912437940088,13
16000,31.999999999993143,-2665237.099971829,-2133808.822437131,300.2910763674216,13
16500,32.999999999994365,-2663862.1027810946,-2132826.997052137,300.0689090689656,13
17000,33.99999999999559,-2666187.4231856745,-2133984.5049440973,300.728798072307,13
17500,34.99999999999681,-2665270.1121283527,-2135457.3414896065,299.3782113107954,13
18000,35.99999999999803,-2665608.541957611,-2132582.055579137,301.1941669146236,13
18500,36.999999999999254,-2665151.746184744,-2133436.75105949,300.45309020357075,13
19000,38.000000000000476,-2663930.824282823,-2133911.1182657816,299.4951430777221,13
19500,39.0000000000017,-2666650.7787143253,-2135696.463491656,300.02325724891904,13
20000,40.00000000000292,-2668074.157750398,-2136166.0047454676,300.56223679973226,13
20500,41.00000000000414,-2665624.0702574328,-2135720.7804564955,299.4293604456749,13
21000,42.000000000005365,-2667601.6959733926,-2136366.204702145,300.1821397582728,13
21500,43.00000000000659,-2667435.5555897113,-2137064.6116134375,299.69361506217905,13
22000,44.00000000000781,-2667398.0978109855,-2136969.247333182,299.7263359511647,13
22500,45.00000000000903,-2665446.4989665654,-2134312.568917591,300.12475115092366,13
23000,46.00000000001025,-2668590.819249641,-2138788.3958266694,299.37236446994484,13
23500,47.000000000011475,-2666834.452714581,-2135773.84332827,300.0833202718345,12.9
24000,48.0000000000127,-2668691.323125763,-2136128.426776011,300.93220880173584,12.9
24500,49.00000000001392,-2667038.5993166286,-2135361.3068946255,300.43178575700705,12.9
25000,50.00000000001514,-2670967.9324767124,-2139376.13536382,300.3834754214781,12.9
25500,51.000000000016364,-2668283.442073373,-2138167.1490350114,299.5497209423585,12.9
26000,52.000000000017586,-2665358.124568157,-2132852.178336747,300.9000283306183,12.9
26500,53.00000000001881,-2666559.541867513,-2135887.836294623,299.86356466289845,12.9
27000,54.00000000002003,-2670262.7221212424,-2138826.132086456,300.29577346335043,12.9
27500,55.00000000002125,-2667105.863969246,-2137073.462876696,299.5023166099749,12.9
28000,56.000000000022474,-2669191.287078269,-2137873.286881415,300.22876259549776,12.9
28500,57.0000000000237,-2667394.780574739,-2135735.375968531,300.42167799329553,12.9
29000,58.00000000002492,-2668716.526356293,-2137550.4859023574,300.14289559011894,12.9
29500,59.00000000002614,-2669522.3742452953,-2140147.4960392015,299.1307739885959,12.9
30000,60.00000000002736,-2667042.791445017,-2136305.213347371,299.90078686615334,12.9
30500,61.000000000028585,-2668267.688327521,-2137052.8123047817,300.17049082007003,12.9
31000,62.00000000002981,-2667795.146769272,-2135433.3368746643,300.8185820516912,12.9
31500,63.00000000003103,-2667385.577157978,-2136225.238402326,300.1396737647343,12.9
32000,64.00000000003224,-2669497.2485471684,-2139418.9460251764,299.52825386291505,12.9
32500,65.00000000002991,-2668812.5500141196,-2137328.6646551453,300.32249835626226,12.9
33000,66.00000000002758,-2667994.256486874,-2137691.5649580266,299.6550480499053,12.9
33500,67.00000000002525,-2670897.5572503284,-2139687.6722283866,300.1676705843676,12.9
34000,68.00000000002292,-2672499.625260502,-2141964.394507226,299.7864476327901,12.9
34500,69.00000000002059,-2669743.274856804,-2138644.9409927707,300.1046370223716,12.9
35000,70.00000000001826,-2671615.8280507065,-2142676.889262154,298.88444024525097,13
35500,71.00000000001593,-2668862.601867778,-2137655.611431269,300.16603495786467,13
36000,72.0000000000136,-2666370.2689202316,-2135499.2492281087,299.9761899294295,13
36500,73.00000000001127,-2669216.315040456,-2138551.2406879086,299.8598175979066,13
37000,74.00000000000894,-2668748.300000595,-2135511.8001007386,301.3128380299059,13
37500,75.00000000000661,-2667038.07603305,-2136988.0019355197,299.51230299179275,13
38000,76.00000000000428,-2668464.1167225745,-2138238.7451387607,299.6113573196592,13
38500,77.00000000000195,-2669306.793888448,-2139209.8596316203,299.53878198861867,13
39000,77.99999999999962,-2668653.97206052,-2138961.724392685,299.31010809876904,13
39500,78.99999999999729,-2669038.964938931,-2138115.657525304,300.00573584716716,13
40000,79.99999999999496,-2669293.2696813066,-2138310.1254894976,300.0395474663187,13
40500,80.99999999999262,-2668481.4039294403,-2137223.785339497,300.19464311315477,13
41000,81.9999999999903,-2672195.440113852,-2139792.3291676193,300.8419197959771,13
41500,82.99999999998796,-2672610.0154779945,-2141619.6878641406,300.0436065607048,13
42000,83.99999999998563,-2669968.2278333325,-2136726.0827999245,301.31602789258756,13
42500,84.9999999999833,-2669467.018968504,-2136990.1756071467,300.8835833416275,13
43000,85.99999999998097,-2666351.1695923284,-2135616.8446806306,299.8989486073493,13
43500,86.99999999997864,-2667216.337999247,-2135814.595423555,300.2760824129444,13
44000,87.99999999997631,-2669111.4453623723,-2139983.4207354845,298.9912858767687,13
44500,88.99999999997398,-2668603.2974097133,-2139318.7586997505,299.0797263765692,13
45000,89.99999999997165,-2666241.2090519555,-2135684.747855575,299.79844419541433,13
45500,90.99999999996932,-2673216.6927901395,-2142583.680373788,299.8417005466739,13
46000,91.99999999996699,-2665706.0715336986,-2133379.3670423077,300.7987452463045,13
46500,92.99999999996466,-2670559.0354973637,-2137439.709890208,301.24662703593896,13
47000,93.99999999996233,-2666134.21881824,-2134590.192613145,300.3564817933104,13
47500,94.99999999996,-2669332.895854518,-2138871.4071274307,299.74477865627193,13
48000,95.99999999995767,-2669283.1622675844,-2137463.9669303647,300.5119700094289,13
48500,96.99999999995534,-2669392.6466304865,-2140285.7531370437,298.97934543047444,13
49000,97.999999999953,-2669490.700933067,-2135922.416069017,301.500317823948,13
49500,98.99999999995067,-2669243.4541403074,-2139099.7442004764,299.565213250918,13
50000,99.99999999994834,-2666166.3102888595,-2136042.9708006475,299.55370263866575,13
50500,100.99999999994601,-2673326.2018995155,-2141175.707946292,300.69917498553644,13
51000,101.99999999994368,-2670394.693838792,-2139702.1061622566,299.8753643913763,13
51500,102.99999999994135,-2669604.4529187493,-2139478.201608166,299.5553480051451,13
52000,103.99999999993902,-2668640.0377760287,-2137976.1341498466,299.8591560623894,13
52500,104.99999999993669,-2669897.669359155,-2139042.9305911814,299.96699016260555,13
53000,105.99999999993436,-2670207.454145182,-2140127.7466934356,299.52904773837474,13
53500,106.99999999993203,-2668890.1986883357,-2137012.304935597,300.5451383806325,13
54000,107.9999999999297,-2668335.5501605533,-2135573.189847999,301.04491873949894,13
54500,108.99999999992737,-2668232.5787379593,-2137363.6537616304,299.97500628059663,13
55000,109.99999999992504,-2669813.7112824954,-2137523.7972647925,300.777956267978,13
55500,110.99999999992271,-2669924.905023452,-2137802.661488179,300.6832116866818,13
56000,111.99999999992038,-2669024.622328,-2139975.065768825,298.9469463835388,13
56500,112.99999999991805,-2668430.9251617305,-2136811.7194992676,300.39896301067904,13
57000,113.99999999991572,-2670378.083263034,-2138472.116234944,300.56100158255197,13
57500,114.99999999991338,-2668627.860166654,-2137489.70227818,300.127140151524,13
58000,115.99999999991105,-2669113.3514771517,-2136462.7423701794,300.9817721377311,13
58500,116.99999999990872,-2671863.9244963843,-2143205.337150272,298.7260236912766,13
59000,117.9999999999064,-2668160.5109465886,-2135838.437722547,300.7961282830828,13
59500,118.99999999990406,-2667545.450911913,-2136962.933812504,299.813167452525,12.9
60000,119.99999999990173,-2668186.6543491874,-2137581.8152705655,299.82578080308963,12.9
60500,120.9999999998994,-2667744.1416748427,-2136071.535554814,300.42913769569077,12.9
61000,121.99999999989707,-2670139.4211736396,-2139367.799534419,299.9200236515768,12.9
61500,122.99999999989474,-2670555.7636119425,-2139601.6670543915,300.0231336890962,12.9
62000,123.99999999989241,-2668858.8795462325,-2138527.6092088097,299.67119691053466,13
62500,124.99999999989008,-2666735.8528502956,-2136194.3602849734,299.7899859583908,12.9
63000,125.99999999988775,-2665092.0886898823,-2134883.3101097853,299.6019812078547,13
63500,126.99999999988542,-2669764.547315005,-2139829.675888675,299.4472060904845,13
64000,127.99999999988309,-2671128.923044812,-2139820.569998484,300.2233113364327,13
64500,128.99999999988785,-2671121.347267989,-2140052.6757247495,300.08787590781463,13
65000,129.99999999989262,-2669969.253893096,-2141304.4061666755,298.72956120785375,12.9
65500,130.9999999998974,-2668719.4767641705,-2137580.87565319,300.1273906006799,12.9
66000,131.99999999990217,-2666398.0758801512,-2136795.2887328495,299.259557164355,12.9
66500,132.99999999990695,-2668810.7620233893,-2139750.0162205943,298.9532690241517,12.9
67000,133.99999999991172,-2668814.356988525,-2136098.569493146,301.01860210940913,12.9
67500,134.9999999999165,-2665969.787345279,-2133494.2708910806,300.8828335539407,12.9
68000,135.99999999992127,-2665371.1654108763,-2133999.7528671827,300.25894399871225,12.9
68500,136.99999999992605,-2668148.327000117,-2138446.0915220445,299.31575185242957,13
69000,137.99999999993082,-2670466.487385677,-2139780.138301461,299.8718391864112,13
69500,138.9999999999356,-2669653.3169669546,-2138639.3405988733,300.05696962428635,13
70000,139.99999999994037,-2670353.2658069953,-2139741.542669251,299.82967073821544,13
70500,140.99999999994515,-2669347.2547895126,-2137747.5668431185,300.3879342487288,13
71000,141.99999999994992,-2667953.860074671,-2134711.014120788,301.31642395763106,13
71500,142.9999999999547,-2671120.88782076,-2140834.310742581,299.6459423512798,13
72000,143.99999999995947,-2668564.8448831737,-2139087.8837731224,299.18845737957076,13
72500,144.99999999996425,-2672188.521390725,-2142101.0287830047,299.53344685104145,13
73000,145.99999999996902,-2669668.0923904255,-2136095.0673501324,301.5029963276825,13
73500,146.9999999999738,-2670948.667609619,-2138730.2489047907,300.7375568286444,13
74000,147.99999999997857,-2673005.6524007637,-2141540.123792853,300.3121256140344,13
74500,148.99999999998334,-2671774.9210384954,-2139935.3050924363,300.5235089637297,13
75000,149.99999999998812,-2671707.556019863,-2141615.929646846,299.5357826936807,13
75500,150.9999999999929,-2671192.496867031,-2140925.8143857373,299.6347006274853,13
76000,151.99999999999767,-2672287.8336910866,-2140794.946281546,300.32758509245684,13
76500,153.00000000000244,-2669895.6965409312,-2137911.5182151087,300.6051959842676,13
77000,154.00000000000722,-2671680.581195092,-2140137.301477463,300.35605997999323,13
77500,155.000000000012,-2667822.128664067,-2137187.730208736,299.84248374763365,13
78000,156.00000000001677,-2670860.027870452,-2142680.4602792417,298.45534679303546,13
78500,157.00000000002154,-2672033.305837149,-2142655.933766161,299.13218318228195,13
79000,158.00000000002632,-2671165.033456251,-2138360.6031398936,301.06869099110617,13
79500,159.0000000000311,-2673786.18163486,-2143369.410680538,299.7195102453044,13
80000,160.00000000003587,-2670258.800227249,-2136096.20158766,301.8361432417907,13
80500,161.00000000004064,-2669010.5884792116,-2136999.3146492643,300.62050668270444,13
81000,162.00000000004542,-2675064.798403168,-2143967.975156791,300.10378342646584,13
81500,163.0000000000502,-2671805.786702294,-2140155.6928770514,300.4164168046156,13
82000,164.00000000005497,-2668355.138024887,-2136650.97361045,300.4469701569971,13
82500,165.00000000005974,-2669710.468634898,-2139052.970483532,299.8555365581052,13
83000,166.00000000006452,-2672757.973161731,-2141557.947763154,300.16209926451523,13
83500,167.0000000000693,-2669247.4934869036,-2137287.9118375853,300.59129728377513,13
84000,168.00000000007407,-2671260.7256321404,-2138975.2485830975,300.7754490959831,13
84500,169.00000000007884,-2672158.928917935,-2141535.470109879,299.8363021449711,13
85000,170.00000000008362,-2669376.010266727,-2138401.817878368,300.0344891229693,13
85500,171.0000000000884,-2672499.2431024536,-2142502.1205345513,299.48238197987155,13
86000,172.00000000009317,-2671158.4628316127,-2139030.282591245,300.68656630599423,13
86500,173.00000000009794,-2669805.1819355786,-2139757.7803321667,299.51079286113276,13
87000,174.00000000010272,-2669683.759749975,-2138180.2975424044,300.3335605318849,13
87500,175.0000000001075,-2670841.855189169,-2138749.448852705,300.6663517548248,13
88000,176.00000000011227,-2672179.110936621,-2139617.220533705,300.93164037722624,13
88500,177.00000000011704,-2672208.483964592,-2142278.8710196135,299.44423471110576,13
89000,178.00000000012182,-2675740.097023029,-2145592.026497512,299.56767726163133,13
89500,179.0000000001266,-2674064.5503724217,-2143619.5794323166,299.73544504674874,13
90000,180.00000000013137,-2672271.276851373,-2141819.405365407,299.7393442979395,13
90500,181.00000000013614,-2670196.268137226,-2138519.9992855918,300.4312073740702,13
91000,182.00000000014091,-2673831.3289578296,-2142187.1107589994,300.4130966986778,13
91500,183.0000000001457,-2672428.1749394275,-2140641.2392583014,300.4937412337672,13
92000,184.00000000015046,-2670471.21213438,-2141053.078513019,299.1552160737436,13
92500,185.00000000015524,-2671192.926742891,-2140684.18872572,299.7714775369612,13
93000,186.00000000016001,-2673118.1095159035,-2143426.366128682,299.30982314786456,13
93500,187.0000000001648,-2673743.7418267094,-2144053.0854889126,299.30920889518814,13
94000,188.00000000016956,-2671548.74364708,-2140117.7703387067,300.29259965252464,13
94500,189.00000000017434,-2669532.333893897,-2139586.116918779,299.4536170535467,13
95000,190.0000000001791,-2671494.8659642134,-2142185.7012680494,299.09364163892064,13
95500,191.0000000001839,-2673881.6340487786,-2143479.64731039,299.71115621466,13
96000,192.00000000018866,-2671255.338877313,-2141273.1912406906,299.4739201828187,13
96500,193.00000000019344,-2671683.473615,-2138898.6557303434,301.0576087087464,13
97000,194.0000000001982,-2672251.791496042,-2139316.83937084,301.1424441881493,13
97500,195.000000000203,-2673790.998039609,-2144129.0220446116,299.2930026612072,13
98000,196.00000000020776,-2672983.230264526,-2141325.1046343674,300.4209552897608,13
98500,197.00000000021254,-2668525.754884001,-2135488.415694599,301.2002994491777,13
99000,198.0000000002173,-2670678.5841511935,-2140382.403622672,299.6513689169369,13
99500,199.0000000002221,-2672082.697416244,-2140966.830905545,300.11454409273534,13
100000,200.00000000022686,-2672513.235881783,-2139023.7681136653,301.45578110737796,13
100500,201.00000000023164,-2669202.376326056,-2140611.320712657,298.687863929061,13
101000,202.0000000002364,-2669903.5839008708,-2137273.034574286,300.9704370746588,13
101500,203.0000000002412,-2672763.2788330577,-2141536.212940436,300.17737887872755,13
102000,204.00000000024596,-2671543.8962132186,-2140914.5871590097,299.8396079094337,13
102500,205.00000000025074,-2668219.0051436145,-2136946.183502732,300.2032338124523,13
103000,206.0000000002555,-2668732.5585279,-2138800.6552744145,299.4455288823718,13
103500,207.0000000002603,-2670234.9688298944,-2140509.3345305044,299.32897368787997,13
104000,208.00000000026506,-2671296.70269385,-2139640.155015324,300.4200636458378,13
104500,209.00000000026984,-2672648.6264435984,-2143067.154151566,299.24751290344153,13
105000,210.0000000002746,-2671682.8447092734,-2139904.1720537953,300.4890720940716,13
105500,211.00000000027939,-2670244.4631370455,-2140160.3250113837,299.53155135343513,13
106000,212.00000000028416,-2669939.5845474526,-2138997.2204545788,300.01650409372985,13
106500,213.00000000028894,-2671704.5795955323,-2140000.6977452766,300.4468104901036,13
107000,214.0000000002937,-2673195.3097480275,-2142187.419253519,300.0535307152124,13
107500,215.00000000029848,-2671940.2206662633,-2142414.7715076376,299.2158562382933,13
108000,216.00000000030326,-2671841.544472089,-2142871.2583863027,298.9021534796148,13
108500,217.00000000030803,-2672571.0008011106,-2140656.353212309,300.56590665635014,13
109000,218.0000000003128,-2672453.9984490983,-2141669.2858866137,299.92742086321164,13
109500,219.00000000031758,-2672103.7884970084,-2141127.8340364257,300.03548480684054,13
110000,220.00000000032236,-2673029.8855789714,-2140588.933719657,300.8633023399637,13
110500,221.00000000032713,-2672265.634211857,-2138706.4281047108,301.4951877437507,13
111000,222.0000000003319,-2673716.354997929,-2141755.2438995745,300.59216152061913,13
111500,223.00000000033668,-2671239.24894809,-2141381.292029824,299.4037444581413,13
112000,224.00000000034146,-2673486.566272447,-2145980.2634373736,298.0749090051961,13
112500,225.00000000034623,-2671149.236766482,-2140434.0493999794,299.88813466633644,13
113000,226.000000000351,-2668796.5553989727,-2141374.871514024,298.0270938687267,13
113500,227.00000000035578,-2671349.062575983,-2141723.775149431,299.2722712658813,13
114000,228.00000000036056,-2670107.6713123545,-2138831.3897422915,300.20518889444884,13
114500,229.00000000036533,-2671373.405093657,-2138769.2347768676,300.9555312414921,13
115000,230.0000000003701,-2671723.264589699,-2139688.4882555837,300.6337871056182,13
115500,231.00000000037488,-2672308.2073720917,-2139577.574505039,301.0269906969711,13
116000,232.00000000037966,-2672303.6334373653,-2141139.319586483,300.14191994860494,13
116500,233.00000000038443,-2671370.2170445397,-2140341.6587772667,300.06520933298987,13
117000,234.0000000003892,-2671367.0262405314,-2140193.421853615,300.14716969759945,13
117500,235.00000000039398,-2672369.6222228445,-2140456.8707743427,300.56483521541315,13
118000,236.00000000039876,-2671373.3112545684,-2139931.0145405782,300.29899810327436,13
118500,237.00000000040353,-2673461.7456567083,-2142895.098408344,299.8041999683818,13
119000,238.0000000004083,-2672495.180180356,-2140870.598576872,300.40200076230786,13
119500,239.00000000041308,-2669498.310378669,-2138127.8831133745,300.25838725319534,13
120000,240.00000000041786,-2669789.606979534,-2138195.6694351006,300.3846849026414,13
120500,241.00000000042263,-2673150.708488228,-2142449.5190053647,299.880224963894,13
121000,242.0000000004274,-2671565.452670809,-2140441.347844559,300.1191992696404,13
121500,243.00000000043218,-2673122.7880337574,-2141767.6216396606,300.2497638817415,13
122000,244.00000000043696,-2670256.265576659,-2138542.510546094,300.4523894704996,13
122500,245.00000000044173,-2673869.2878038287,-2142800.8681726144,300.0877335613561,13
123000,246.0000000004465,-2671771.343359597,-2139872.794553862,300.5568098109251,13
123500,247.00000000045128,-2673152.832117142,-2142137.6003916347,300.05767898178306,13
124000,248.00000000045605,-2667236.554996254,-2136456.6481722267,299.9247053126185,13
124500,249.00000000046083,-2668250.2668746132,-2137203.8895217637,300.0752782597178,13
125000,250.0000000004656,-2671432.405982325,-2138830.7991437274,300.95408271182595,13
125500,251.00000000047038,-2670297.856027143,-2138131.526397042,300.70812315908256,13
126000,252.00000000047515,-2672253.5165223405,-2141055.4799328023,300.1609754597946,13
126500,253.00000000047993,-2670733.2096461393,-2138191.1894438406,300.9204124388883,13
127000,254.0000000004847,-2669636.392026959,-2137332.9700908596,300.7855891086195,13
127500,255.00000000048948,-2673733.91937566,-2143871.569001481,299.4062270426423,13
128000,256.00000000049425,-2671719.548562646,-2138603.9299678933,301.2445323360677,13
128500,257.000000000499,-2672170.373279929,-2142739.3027986065,299.1625262297267,13
129000,258.0000000005038,-2670787.838793544,-2138288.493842139,300.89629818383895,13
129500,259.0000000005086,-2671500.602564793,-2140482.569002545,300.0592621993239,13
130000,260.00000000051335,-2668661.640310785,-2138078.390598402,299.81358142586413,13
130500,261.0000000005181,-2671420.3635966945,-2142384.4022391723,298.93926422225707,13
131000,262.0000000005229,-2670110.0888056736,-2139001.492353374,300.11043604325016,13
131500,263.0000000005277,-2670797.200271927,-2138689.2511507394,300.67513442551,13
132000,264.00000000053245,-2673126.3854758013,-2141976.8314825166,300.13357968198324,13
132500,265.0000000005372,-2670997.0838426687,-2140075.983830729,300.0044885235737,13
133000,266.000000000542,-2669108.156054085,-2138269.8450576486,299.9577074175849,13
133500,267.0000000005468,-2672531.1412335876,-2142059.3776759105,299.75058459484853,13
134000,268.00000000055155,-2671486.37931131,-2142223.856686756,299.0672858756317,13
134500,269.0000000005563,-2672221.9373914525,-2141019.1841128515,300.1636406917655,13
135000,270.0000000005611,-2672790.888320187,-2142968.0983189135,299.38387289352477,13
135500,271.0000000005659,-2671881.9619922806,-2139379.487476581,300.8980665884765,13
136000,272.00000000057065,-2672237.533461014,-2140924.1736698714,300.22614046851504,13
136500,273.0000000005754,-2673186.109388739,-2144279.2207046053,298.86632987973127,13
137000,274.0000000005802,-2668343.8805662654,-2136143.036638123,300.7276259521162,13
137500,275.000000000585,-2669857.0863954574,-2138452.038920447,300.27794989312065,13
138000,276.00000000058975,-2669538.2241417635,-2137344.443613789,300.723634677792,13
138500,277.0000000005945,-2672092.252358472,-2142161.4288929654,299.44491873287814,13
139000,278.0000000005993,-2672125.4859937765,-2140307.0895144967,300.5115186034334,13
139500,279.0000000006041,-2670530.0876583457,-2138838.707973471,300.4397459644509,13
140000,280.00000000060885,-2673424.1397246215,-2143968.4318555575,299.17644793468014,13
140500,281.0000000006136,-2674023.2999726254,-2143879.677540633,299.5651638033744,13
141000,282.0000000006184,-2673958.532884134,-2141476.1095938366,300.8867363595199,13
141500,283.0000000006232,-2671407.9860889,-2139620.908426353,300.4938214623802,13
142000,284.00000000062795,-2670538.6102891043,-2140463.270873123,299.5265795178889,13
142500,285.0000000006327,-2670598.641585201,-2140282.5739237363,299.6626064231252,13
143000,286.0000000006375,-2668428.63898007,-2136624.4916437753,300.50346692333824,13
143500,287.0000000006423,-2672466.3301825244,-2139872.476118429,300.9497018967686,13
144000,288.00000000064705,-2673133.9848154504,-2140408.462816427,301.0241027285912,13
144500,289.0000000006518,-2670953.196102621,-2139564.0634550033,300.2689569944551,13
145000,290.0000000006566,-2670674.7596273217,-2141175.558614203,299.2010243518469,13
145500,291.0000000006614,-2670719.7641134933,-2139266.5225912817,300.30518262220284,13
146000,292.00000000066615,-2670454.255861914,-2139044.774417137,300.28045537054845,13
146500,293.0000000006709,-2673867.608460296,-2141439.094410197,300.8562741796741,13
147000,294.0000000006757,-2670717.944273131,-2138932.3067744575,300.4930076773823,13
147500,295.0000000006805,-2672145.4173027594,-2141528.0645129904,299.8328518528409,13
148000,296.00000000068525,-2670955.7752755973,-2140364.1077373996,299.8183380375866,13
148500,297.00000000069,-2671956.7389709186,-2141145.292023725,299.9425275060072,13
149000,298.0000000006948,-2672801.0802665297,-2142133.216507974,299.86139379128605,13
149500,299.0000000006996,-2671147.0599064305,-2140311.955018461,299.955895760578,13
150000,300.00000000070435,-2669776.6893377826,-2139569.8269277336,299.600898448825,13
150500,301.0000000007091,-2670718.8646991365,-2137953.9078946,301.04638592407474,13
151000,302.0000000007139,-2671546.3714672066,-2139203.0512392265,300.8081342036408,13
151500,303.00000000071867,-2671423.444901077,-2141171.07047124,299.6266156603236,13
152000,304.00000000072345,-2671631.079606887,-2138239.840133399,301.4002758180081,13
152500,305.0000000007282,-2671672.4307377394,-2141925.8164234967,299.3408287424727,13
153000,306.000000000733,-2674018.9143143315,-2142401.2615666804,300.3980855141662,13
153500,307.00000000073777,-2672540.1491133366,-2142425.580237109,299.5487466801202,13
154000,308.00000000074255,-2673313.3267771658,-2142037.322532109,300.20503218802526,13
154500,309.0000000007473,-2670874.143891543,-2141394.4456572495,299.1900040303977,13
155000,310.0000000007521,-2671416.2692487687,-2139191.7540475405,300.7410017402974,13
155500,311.00000000075687,-2673800.641816195,-2142565.674492541,300.1818436942631,13
156000,312.00000000076164,-2671814.208282329,-2138150.6044374993,301.5541791643143,13
156500,313.0000000007664,-2671968.3887789436,-2137962.789560289,301.7474284949575,13
157000,314.0000000007712,-2672730.7470952254,-2141260.7777480297,300.31463491667444,13
157500,315.00000000077597,-2673838.389892554,-2142543.3542515174,300.2157861479201,13
158000,316.00000000078074,-2673885.375656696,-2142456.9871258438,300.2911390873708,13
158500,317.0000000007855,-2672940.544335874,-2140614.3117100773,300.7984786119661,13
159000,318.0000000007903,-2671722.8247592673,-2140270.805770933,300.30449181211713,13
159500,319.00000000079507,-2668418.8722350616,-2138244.6698962157,299.5824434129331,13
160000,320.00000000079984,-2673066.24396961,-2142713.792269783,299.68316573941337,13
160500,321.0000000008046,-2671690.3333232403,-2139814.0691246684,300.5442175779665,13
161000,322.0000000008094,-2673879.150011666,-2142395.576461279,300.3223221644033,13
161500,323.00000000081417,-2676479.541141864,-2145926.308464199,299.79661987517926,13
162000,324.00000000081894,-2673713.7328612264,-2143292.629211178,299.7219584964012,13
162500,325.0000000008237,-2674762.74276058,-2144938.109499621,299.38491445352133,13
163000,326.0000000008285,-2671323.8764197323,-2139815.0988042695,300.33656407841175,13
163500,327.00000000083327,-2672411.4872395024,-2140691.7951792027,300.45574427325437,13
164000,328.00000000083804,-2671568.127420824,-2142090.667657709,299.1887391505482,13
164500,329.0000000008428,-2669356.6145923585,-2137441.913895785,300.5659366656488,13
165000,330.0000000008476,-2669321.6858887486,-2137888.5359649905,300.2938295798817,13
165500,331.00000000085237,-2672365.6798076686,-2140703.1403123247,300.42344940681005,13
166000,332.00000000085714,-2672273.235513294,-2140373.535390623,300.557460378869,13
166500,333.0000000008619,-2672783.922324965,-2142141.8498055963,299.8468200862276,13
167000,334.0000000008667,-2672891.9883485883,-2141216.154799924,300.4309613999606,13
167500,335.00000000087147,-2674466.5511823427,-2142471.5826716945,300.61129313105545,13
168000,336.00000000087624,-2673348.9775181916,-2141637.7538169455,300.45095910700957,13
168500,337.000000000881,-2671669.251133574,-2140690.9505224344,300.03681053244816,13
169000,338.0000000008858,-2669708.1509381887,-2139306.1971239313,299.71113761041323,13
169500,339.00000000089057,-2669886.1438482925,-2138930.981472818,300.023735944612,13
170000,340.00000000089534,-2671255.126443822,-2140557.8200608,299.8780307633212,13
170500,341.0000000009001,-2673057.989544224,-2140960.8539651106,300.66902408037765,13
171000,342.0000000009049,-2670925.239755435,-2140652.671263949,299.6380266009248,13
171500,343.00000000090967,-2675088.876082681,-2145055.3381287795,299.50295900958616,13
172000,344.00000000091444,-2672077.250983104,-2140940.297628691,300.1264595124897,13
172500,345.0000000009192,-2673158.589658994,-2142287.0311725694,299.9764943827824,13
173000,346.000000000924,-2674348.651433395,-2143121.5012315507,300.17742651884805,13
173500,347.00000000092876,-2674441.087843895,-2142026.137890837,300.8486095944937,13
174000,348.00000000093354,-2674402.4684508517,-2145030.1474798154,299.12932898670107,13
174500,349.0000000009383,-2672193.1428893767,-2139970.2307060696,300.740095932313,13
175000,350.0000000009431,-2675518.6796636563,-2146383.832877175,298.995140834689,13
175500,351.00000000094786,-2671082.6374832727,-2140720.97636452,299.6883696520371,13
176000,352.00000000095264,-2672003.332860036,-2141244.7119083256,299.91267742893297,13
176500,353.0000000009574,-2671268.811175555,-2140887.188401026,299.6996492684076,13
177000,354.0000000009622,-2671451.5707174335,-2138647.7878780626,301.0683251250628,13
177500,355.00000000096696,-2667931.659327019,-2136580.42767982,300.24754049726795,13
178000,356.00000000097174,-2670452.8536249325,-2140111.9570930097,299.67663632810036,13
178500,357.0000000009765,-2673633.123855168,-2143189.534958807,299.7346641033535,13
179000,358.0000000009813,-2671896.180512557,-2140927.042865447,300.03163286982175,13
179500,359.00000000098606,-2671707.037815081,-2140830.047150828,299.9795639118159,13
180000,360.00000000099084,-2672716.843140574,-2140505.637333373,300.7334810786632,13
180500,361.0000000009956,-2672371.114731511,-2142239.5563120646,299.55834686218816,13
181000,362.0000000010004,-2669338.3517244533,-2137111.689581154,300.742214900328,13
181500,363.00000000100516,-2668992.799603587,-2138134.3992286306,299.96905920550114,13
182000,364.00000000100994,-2670910.201698821,-2141437.5862013074,299.1860018296469,13
182500,365.0000000010147,-2673669.524101233,-2141503.3563673072,300.70803167735545,13
183000,366.0000000010195,-2674991.0025972016,-2146202.2724818755,298.7995627066072,13
183500,367.00000000102426,-2672773.688419059,-2143287.5286157136,299.19365523152413,13
184000,368.00000000102904,-2671561.3566744514,-2140103.2260959754,300.3079452527029,13
184500,369.0000000010338,-2669128.669579733,-2137636.564121422,300.32714323983754,13
185000,370.0000000010386,-2670550.853852514,-2139076.694753597,300.31700239523605,13
185500,371.00000000104336,-2671598.265561307,-2140921.2386158113,299.8665715798709,13
186000,372.00000000104814,-2673124.3081605975,-2142064.3360680602,300.0829601599596,13
186500,373.0000000010529,-2675147.2352894135,-2144656.971877981,299.7610381992799,13
187000,374.0000000010577,-2672164.939308552,-2143383.008649027,298.7957205777867,13
187500,375.00000000106246,-2673563.5109657757,-2143566.757821137,299.48217323202306,13
188000,376.00000000106724,-2671209.806579886,-2138218.1626156336,301.17447871489424,13
188500,377.000000001072,-2671477.776529219,-2139263.3602845077,300.73529518185705,13
189000,378.0000000010768,-2673524.8307990674,-2141666.0024468536,300.5343652059876,13
189500,379.00000000108156,-2674920.8566816878,-2142484.1311639273,300.86091418579883,13
190000,380.00000000108633,-2676439.606051028,-2146194.435620752,299.6225449383204,13
190500,381.0000000010911,-2674510.9268182013,-2144648.612476437,299.40620668201586,13
191000,382.0000000010959,-2673787.081293095,-2141921.601379322,300.53812376507193,13
191500,383.00000000110066,-2672787.449419949,-2144086.2802772317,298.750085138657,13
192000,384.00000000110543,-2671347.650259724,-2139921.070383715,300.2901170813304,13
192500,385.0000000011102,-2668694.9425726198,-2137992.583575817,299.88088581431293,13
193000,386.000000001115,-2672387.156470768,-2139719.357802973,300.99148534257904,13
193500,387.00000000111976,-2671901.6576616447,-2139436.0083884,300.8772579635655,13
194000,388.00000000112453,-2669895.296595119,-2137901.001944134,300.6109123571072,13
194500,389.0000000011293,-2670223.934333205,-2140185.5200896263,299.50571442614546,13
195000,390.0000000011341,-2671851.8741746545,-2139106.8153466107,301.0351422905856,13
195500,391.00000000113886,-2673452.5843595173,-2143283.811892807,299.57937518676397,13
196000,392.00000000114363,-2669723.844798466,-2140083.4765344397,299.28079290672963,13
196500,393.0000000011484,-2679301.730110837,-2147569.6637614495,300.4627365405962,13
197000,394.0000000011532,-2670674.064505888,-2139481.1086390624,300.1581045254529,13
197500,395.00000000115796,-2673087.5499275904,-2141629.216933023,300.3080596307825,13
198000,396.00000000116273,-2672546.3617751,-2142486.9021511087,299.51760641647354,13
198500,397.0000000011675,-2671184.083917033,-2139487.596473966,300.44263217557335,13
199000,398.0000000011723,-2672377.854465859,-2141196.1223515524,300.1517623850979,13
199500,399.00000000117706,-2674034.0283561647,-2145125.36634648,298.86733192245487,13
200000,400.00000000118183,-2675275.2272312474,-2144382.037226862,299.9887175784355,13
200500,401.0000000011866,-2672843.263384167,-2141743.952565351,300.10518906451114,13
201000,402.0000000011914,-2672791.1883768234,-2140179.05662645,300.96002996231965,13
201500,403.00000000119616,-2671922.86979373,-2142721.3418879556,299.0328199457416,13
202000,404.00000000120093,-2671631.2297985144,-2140090.7969830786,300.35445129758006,13
202500,405.0000000012057,-2671556.189979991,-2139400.6039666897,300.7020523262173,13
203000,406.0000000012105,-2669118.770880036,-2136548.689539261,300.93626878269515,13
203500,407.00000000121526,-2674335.268651638,-2146059.790284101,298.50954253585894,13
204000,408.00000000122003,-2672347.572986679,-2139773.395479617,300.9385833794812,13
204500,409.0000000012248,-2671617.0971751753,-2138144.3705537682,301.4463212852762,13
205000,410.0000000012296,-2675003.812889345,-2142635.967550003,300.82199246523544,13
205500,411.00000000123435,-2672087.5279455595,-2140082.080703375,300.61721428675065,13
206000,412.00000000123913,-2671233.697665425,-2138814.0720004556,300.8512516717449,13
206500,413.0000000012439,-2672010.3457107823,-2140740.1616038755,300.20174343651655,13
207000,414.0000000012487,-2672567.5585834887,-2139407.5916792527,301.2695919765736,13
207500,415.00000000125345,-2674909.4151491113,-2143806.0662164213,300.10747085795884,13
208000,416.00000000125823,-2671033.1060178876,-2136844.7486177464,301.85069859433605,13
208500,417.000000001263,-2671446.9905879702,-2140225.450546546,300.1742564182298,13
209000,418.0000000012678,-2675726.245493971,-2146137.381312324,299.25168979538057,13
209500,419.00000000127255,-2671571.439709341,-2142100.8952971115,299.1848315335685,13
210000,420.00000000127733,-2671269.215132555,-2140205.0849065045,300.08530977220505,13
210500,421.0000000012821,-2674072.2923372798,-2141786.583460278,300.7755800936554,13
211000,422.0000000012869,-2673407.206836067,-2142285.0644026278,300.11809039178365,13
211500,423.00000000129165,-2673236.934352806,-2141567.742027669,300.4272086825276,13
212000,424.0000000012964,-2673269.342137905,-2143666.7076602015,299.25947089623577,13
212500,425.0000000013012,-2675517.3847845085,-2143929.534219594,300.3812453686369,13
213000,426.000000001306,-2674552.827870613,-2145603.1911077285,298.89048528719354,13
213500,427.00000000131075,-2672532.040573776,-2139738.76682883,301.06238681238756,13
214000,428.0000000013155,-2673211.871718794,-2142987.3364178455,299.61088476617965,13
214500,429.0000000013203,-2672555.428611681,-2142168.1215725094,299.70286124266653,13
215000,430.0000000013251,-2671917.6349478476,-2143160.0186183895,298.78198142114843,13
215500,431.00000000132985,-2671929.736901898,-2142307.1038337834,299.2707713830451,13
216000,432.0000000013346,-2672066.080871146,-2141320.7335341694,299.9051769848953,13
216500,433.0000000013394,-2673515.438165771,-2141916.410370471,300.38756122100153,13
217000,434.0000000013442,-2672073.0089205317,-2139729.180730695,300.8084212346835,13
217500,435.00000000134895,-2672568.3088453896,-2140804.9451845563,300.4804215297824,13
218000,436.0000000013537,-2671293.241704613,-2140739.5140588423,299.79689956391906,13
218500,437.0000000013585,-2671870.963489799,-2144082.6559668574,298.234259748919,13
219000,438.0000000013633,-2672182.4350489695,-2143155.735286691,298.9340308266658,13
219500,439.00000000136805,-2670773.376378618,-2138707.33567997,300.65145347768464,13
220000,440.0000000013728,-2672480.0309753083,-2144336.3336387305,298.435077797522,13
220500,441.0000000013776,-2670076.0469576456,-2140019.085879105,299.51619457797256,13
221000,442.0000000013824,-2671346.8281107936,-2141295.6214477415,299.5129429639845,13
221500,443.00000000138715,-2669593.284092175,-2139730.4100179723,299.4065229667592,13
222000,444.0000000013919,-2671136.863652939,-2138205.388980763,301.14047920405574,13
222500,445.0000000013967,-2672481.3488128018,-2141699.1467728545,299.92600225688807,13
223000,446.0000000014015,-2672004.392505992,-2142613.608356895,299.13976186701166,13
223500,447.00000000140625,-2670898.3983160425,-2140375.9208342833,299.7792412160582,13
224000,448.000000001411,-2671655.4528525043,-2140604.924122395,300.07762405424654,13
224500,449.0000000014158,-2672563.0534495674,-2143040.6855436657,299.214115132793,13
225000,450.0000000014206,-2672140.529047424,-2140721.9485400673,300.28559692475534,13
225500,451.00000000142535,-2671009.6120903883,-2140249.5010104165,299.9135194470161,13
226000,452.0000000014301,-2674891.16826009,-2142816.0270993807,300.6565958226884,13
226500,453.0000000014349,-2672439.7654202525,-2142002.7212927537,299.73096588899534,13
227000,454.0000000014397,-2672064.6347771753,-2140021.109118973,300.63873103513566,13
227500,455.00000000144445,-2672101.3618076146,-2141492.5522630797,299.82802437109893,13
228000,456.0000000014492,-2672955.2210151404,-2142937.376330066,299.4940913057266,13
228500,457.000000001454,-2671302.109003188,-2140273.2293752963,300.0653909223598,13
229000,458.0000000014588,-2672208.2242940087,-2141861.1971561303,299.68010051384084,13
229500,459.00000000146355,-2671282.2242940087,-2140074.0918592173,300.1666802601713,13
230000,460.0000000014683,-2672085.2376994602,-2139453.219969985,300.9712668165132,13
230500,461.0000000014731,-2672010.7312940694,-2140033.725610884,300.6011429809388,13
231000,462.0000000014779,-2675287.6046614144,-2143668.68582811,300.39880093379986,13
231500,463.00000000148265,-2673713.4670396876,-2143906.0113200713,299.37520804045084,13
232000,464.0000000014874,-2670774.51775302,-2140734.552232528,299.5065909971403,13
232500,465.0000000014922,-2673749.4472509064,-2141951.9213292124,300.4997253992199,13
233000,466.00000000149697,-2671284.849768378,-2140619.415652251,299.86002088741367,13
233500,467.00000000150175,-2673518.0913830064,-2143334.716050625,299.587626742874,13
234000,468.0000000015065,-2673906.030755719,-2143286.5785110397,299.83403817957867,13
234500,469.0000000015113,-2673949.294442568,-2143065.4318979103,299.9834469651845,13
235000,470.00000000151607,-2672509.527555544,-2142535.3175241724,299.46943492652855,13
235500,471.00000000152085,-2674279.441041546,-2144093.6980180726,299.5889646402657,13
236000,472.0000000015256,-2671347.5936139803,-2139568.4505145946,300.4893379250661,13
236500,473.0000000015304,-2673892.974756969,-2143096.9218904693,299.93382886264084,13
237000,474.00000000153517,-2672524.5577616654,-2141120.47932008,300.27740232705685,13
237500,475.00000000153995,-2670202.984981371,-2141912.754001025,298.51787870871016,13
238000,476.0000000015447,-2670130.0953071713,-2140121.971382226,299.48859845251246,13
238500,477.0000000015495,-2672066.6215963997,-2141690.6323717795,299.69646595122765,13
239000,478.00000000155427,-2671882.6365746036,-2143084.909710608,298.8046464468897,13
239500,479.00000000155904,-2674762.1957809515,-2143144.1912624137,300.39828428728896,13
240000,480.0000000015638,-2673088.264600441,-2143462.859068202,299.2723380031731,13
240500,481.0000000015686,-2672232.771835156,-2140186.344739614,300.64037053340553,13
241000,482.00000000157337,-2673351.1154058687,-2142748.6200769385,299.8244564341252,13
241500,483.00000000157814,-2669198.4590940382,-2138282.4484459143,300.00161270645435,13
242000,484.0000000015829,-2670289.5522843935,-2139211.9029553575,300.0929489328569,13
242500,485.0000000015877,-2670765.159478305,-2139089.64268492,300.4307824129027,13
243000,486.00000000159247,-2672751.6934656203,-2141171.4916737354,300.37692332108503,13
243500,487.00000000159724,-2670954.5963939317,-2138313.5212292313,300.9763848485937,13
244000,488.000000001602,-2671693.7719746996,-2141501.783801941,299.5924935503371,13
244500,489.0000000016068,-2670395.6791293416,-2139726.590171681,299.86208610739646,13
245000,490.00000000161157,-2673491.7776474655,-2143533.5293877944,299.46041550131685,13
245500,491.00000000161634,-2670332.548277652,-2140697.019453385,299.2780583127386,13
246000,492.0000000016211,-2670551.326650245,-2139256.302230633,300.21577980709526,13
246500,493.0000000016259,-2674416.882228423,-2141913.747029946,300.8984399166386,13
247000,494.00000000163067,-2673784.3002983574,-2145190.7494340707,298.6892739059227,13
247500,495.00000000163544,-2669792.1252530143,-2135930.524503299,301.6660601202191,13
248000,496.0000000016402,-2671960.1382534206,-2140240.9491829546,300.4554600517235,13
248500,497.000000001645,-2668611.131431056,-2135171.900474354,301.4273940854392,13
249000,498.00000000164977,-2674198.3239678685,-2144936.8717251467,299.06668104121474,13
249500,499.00000000165454,-2672368.1705841254,-2142276.2966103335,299.53592260400603,13
250000,500.0000000016593,-2671828.469611788,-2140261.7136790957,300.369325547876,13
250500,501.0000000016641,-2672338.632957734,-2143530.4014188265,298.8105822622566,13
251000,502.00000000166887,-2670792.660881987,-2138544.9742406784,300.7540950907587,13
251500,503.00000000167364,-2669500.879826339,-2137556.934443569,300.582461789861,13
252000,504.0000000016784,-2671055.5178214684,-2140003.2446880993,300.07860975401934,13
252500,505.0000000016832,-2674744.581058953,-2143574.9696826683,300.14491339037755,13
253000,506.00000000168797,-2673907.459669225,-2141638.213422194,300.7662776513828,13
253500,507.00000000169274,-2675009.111281952,-2143693.613210181,300.22734873427504,13
254000,508.0000000016975,-2673813.3328678757,-2142046.730814819,300.4822514291826,13
254500,509.0000000017023,-2672163.903986603,-2141596.9583563036,299.80436857332114,13
255000,510.00000000170706,-2675601.7234483976,-2143386.2626044033,300.73588544747963,13
255500,511.00000000171184,-2671204.705362076,-2141627.80770243,299.24492794260783,13
256000,512.0000000017166,-2673828.087704381,-2141789.5289008203,300.63592444356044,13
256500,513.0000000016929,-2674388.889368346,-2142649.5743357325,300.46683251173704,13
257000,514.0000000016693,-2674550.9876907077,-2142676.4060300477,300.54326683608457,13
257500,515.0000000016456,-2674003.7424653545,-2143898.5766971298,299.5434333207403,13
258000,516.000000001622,-2673421.415243577,-2141625.730590121,300.4986849645191,13
258500,517.0000000015983,-2670659.7069518436,-2139803.8444043924,299.96762517011865,13
259000,518.0000000015747,-2672898.2286065537,-2143050.881823765,299.39774905078815,13
259500,519.000000001551,-2671700.4949572384,-2143237.1672967216,298.61568943990693,13
260000,520.0000000015274,-2675111.1825106964,-2143968.7439356805,300.1295590140943,13
260500,521.0000000015037,-2675142.812068993,-2143432.7015232975,300.4503301026968,13
261000,522.0000000014801,-2672833.74885712,-2142504.732264298,299.6699234002215,13
261500,523.0000000014564,-2672570.104236435,-2141784.2665534606,299.9280566284826,13
262000,524.0000000014328,-2671305.0331672765,-2140322.533610937,300.03918320591504,13
262500,525.0000000014091,-2672057.9567000475,-2140347.9206783255,300.4502879918698,13
263000,526.0000000013855,-2674718.4921806194,-2143248.9147281726,300.31441347099485,13
263500,527.0000000013619,-2676465.6008692402,-2145631.5460044085,299.9553024301297,13
264000,528.0000000013382,-2670921.6886601895,-2138002.60751717,301.13347606484103,13
264500,529.0000000013146,-2674006.781209016,-2143802.9604043667,299.59917974660686,13
265000,530.0000000012909,-2673115.3698704913,-2141386.1175239515,300.46114644842424,13
265500,531.0000000012673,-2672129.8953916486,-2141675.935539958,299.7405243585757,13
266000,532.0000000012436,-2673462.431270173,-2143897.643330505,299.2380851737892,13
266500,533.00000000122,-2672951.629047282,-2142400.0232050004,299.79570060880013,13
267000,534.0000000011963,-2673874.257926427,-2142817.465974723,300.0811631763324,13
267500,535.0000000011727,-2674199.401454486,-2143448.1675585476,299.9085032684249,13
268000,536.000000001149,-2670100.6870580614,-2139012.152991578,300.0990995079435,13
268500,537.0000000011254,-2671835.0567014273,-2140587.3956787083,300.18901644873677,13
269000,538.0000000011017,-2671146.8242283557,-2140028.8208752377,300.1157515458145,13
269500,539.0000000010781,-2670834.137666432,-2140344.927254768,299.76044318684404,13
270000,540.0000000010544,-2672763.6942509543,-2141810.9485550234,300.02237036560155,13
270500,541.0000000010308,-2672120.7874165196,-2141226.1537329555,299.9895333498063,13
271000,542.0000000010072,-2669975.291051576,-2140255.491581351,299.32567663500464,13
271500,543.0000000009835,-2674945.953020919,-2146073.34973721,298.84695642853876,13
272000,544.0000000009599,-2672579.251358554,-2143168.6093956297,299.1509828060176,13
272500,545.0000000009362,-2672142.1190120913,-2142035.3111163676,299.54436122814576,13
273000,546.0000000009126,-2673189.227021599,-2141896.3454180458,300.2145689785265,13
273500,547.0000000008889,-2673483.667000469,-2141638.22083694,300.52680341070067,13
274000,548.0000000008653,-2674383.1222429946,-2143520.7542402493,299.9713011697882,13
274500,549.0000000008416,-2672712.680435188,-2143858.955079867,298.83628918768073,13
275000,550.000000000818,-2671949.6339815147,-2140386.710871578,300.36715975708233,13
275500,551.0000000007943,-2671830.4482813682,-2141074.3538046433,299.9112498084527,13
276000,552.0000000007707,-2673812.682636626,-2144890.156087936,298.8751662766229,13
276500,553.000000000747,-2674914.102865506,-2146250.698933239,298.72874537151466,13
277000,554.0000000007234,-2672643.409619363,-2142470.1658473248,299.5819017611795,13
277500,555.0000000006997,-2673555.3273935206,-2142910.723211771,299.84825063791936,13
278000,556.0000000006761,-2672300.42348817,-2139004.7865550127,301.34625424830034,13
278500,557.0000000006524,-2674573.0161551237,-2143201.6363374833,300.25892550639213,13
279000,558.0000000006288,-2674297.8531983215,-2144237.430556557,299.51815058330817,13
279500,559.0000000006052,-2674381.771356631,-2143882.1106232125,299.76634828918924,13
280000,560.0000000005815,-2671438.0096140783,-2141604.540080184,299.38990751471675,13
280500,561.0000000005579,-2675452.0135993026,-2143680.417757676,300.4850732401558,13
281000,562.0000000005342,-2674174.516967023,-2143729.138020669,299.7356755964592,13
281500,563.0000000005106,-2672422.614110945,-2141925.791317087,299.7647446712384,13
282000,564.0000000004869,-2673541.158732796,-2143066.99789793,299.75193921028387,13
282500,565.0000000004633,-2673102.915296875,-2143687.7013340816,299.1535662793104,13
283000,566.0000000004396,-2673220.733784303,-2141377.274261401,300.52568083127244,13
283500,567.000000000416,-2673482.810329981,-2142499.9643181013,300.0393789755259,13
284000,568.0000000003923,-2672571.6151613872,-2141232.8632792886,300.2404886292111,13
284500,569.0000000003687,-2675582.120240707,-2145141.137779572,299.73319130020616,13
285000,570.000000000345,-2674607.6105295885,-2144590.489636106,299.4936823170344,13
285500,571.0000000003214,-2674644.565894896,-2142995.7145965556,300.4157146971879,13
286000,572.0000000002977,-2672079.474596001,-2141602.7930723904,299.7533635611666,13
286500,573.0000000002741,-2671167.20092747,-2139511.110795109,300.4198051028956,13
287000,574.0000000002505,-2673545.3906432167,-2140811.203366137,301.02899916670816,13
287500,575.0000000002268,-2673367.4856928047,-2142128.3017379157,300.1842263614746,13
288000,576.0000000002032,-2675265.319126902,-2143860.5995118814,300.2777646311894,13
288500,577.0000000001795,-2673320.374884503,-2142835.5673416923,299.7579552834278,13
289000,578.0000000001559,-2672146.5902451985,-2141369.137849539,299.9233184031004,13
289500,579.0000000001322,-2673312.11287608,-2141645.7494060937,300.42561019785154,13
290000,580.0000000001086,-2673902.474293491,-2141530.919257935,300.82408868163225,13
290500,581.0000000000849,-2672971.399723187,-2141372.257614472,300.3876258154162,13
291000,582.0000000000613,-2670688.083618749,-2140606.562013363,299.5300728515879,13
291500,583.0000000000376,-2671473.1148345787,-2142579.519743068,298.85881814690424,13
292000,584.000000000014,-2671554.8915683087,-2139963.83556121,300.38305664915106,13
292500,584.9999999999903,-2671468.597205572,-2140594.4029004835,299.97798378945697,13
293000,585.9999999999667,-2669380.787826555,-2137810.949484759,300.37106730680483,13
293500,586.999999999943,-2672968.4024199676,-2143356.2294143518,299.2648607765542,13
294000,587.9999999999194,-2673747.4134799186,-2141186.569662456,300.9310489892899,13
294500,588.9999999998957,-2676118.7772290353,-2144591.339788153,300.34710807709797,13
295000,589.9999999998721,-2674141.142113777,-2144016.8378541134,299.55424779644096,13
295500,590.9999999998485,-2671819.7735369485,-2142530.1353936438,299.0826078836169,13
296000,591.9999999998248,-2671352.776444018,-2138562.1891169995,301.060868813882,13
296500,592.9999999998012,-2672572.0859086346,-2140915.99140008,300.4198075757261,13
297000,593.9999999997775,-2672782.2362621296,-2141439.914294581,300.242505956568,13
297500,594.9999999997539,-2673398.5200010445,-2140907.9645889048,300.89133153016553,13
298000,595.9999999997302,-2674200.1577847637,-2144561.231000195,299.2799783783423,13
298500,596.9999999997066,-2675743.931086799,-2142072.9624321396,301.55834075443755,13
299000,597.9999999996829,-2672086.5716469716,-2141692.948709663,299.7064301303791,13
299500,598.9999999996593,-2673327.374729907,-2142152.1417654674,300.14808994839944,13
300000,599.9999999996356,-2673594.3137873188,-2143303.921195758,299.64809836116615,13
300500,600.999999999612,-2672880.31168334,-2141829.6189205227,300.0777167432516,13
301000,601.9999999995883,-2670225.019461168,-2140341.181783315,299.41836874796985,13
301500,602.9999999995647,-2672427.3926910646,-2140852.290090838,300.37404195060395,13
302000,603.999999999541,-2674162.1587087084,-2142927.2642910387,300.1818024977037,13
302500,604.9999999995174,-2673063.60805944,-2142229.3379542683,299.9554240547327,13
303000,605.9999999994938,-2671369.1238939725,-2140179.633952163,300.1561460554245,13
303500,606.9999999994701,-2673957.5973042343,-2143314.9720414174,299.8471324217434,13
304000,607.9999999994465,-2671242.495647641,-2142821.6384224487,298.59169091879573,13
304500,608.9999999994228,-2674263.7029069904,-2144758.754768748,299.2042718463109,13
305000,609.9999999993992,-2673615.780684352,-2142627.3236869294,300.04254954239144,13
305500,610.9999999993755,-2675880.528352255,-2144610.706024345,300.20153900816933,13
306000,611.9999999993519,-2672350.1534286663,-2140439.082621684,300.5638855451149,13
306500,612.9999999993282,-2672192.1286311653,-2142758.4559313185,299.1639966501665,13
307000,613.9999999993046,-2674517.5475627333,-2143397.844536703,300.1167119700709,13
307500,614.9999999992809,-2673204.1781042945,-2142394.9261595365,299.94128718878704,13
308000,615.9999999992573,-2671025.7656508703,-2138819.367285954,300.7307645652987,13
308500,616.9999999992336,-2672254.2899623252,-2140942.7392152143,300.2251182425583,13
309000,617.99999999921,-2670725.658183081,-2138143.302559078,300.943204540309,13
309500,618.9999999991863,-2673488.1772854365,-2143122.151462608,299.69083598990477,13
310000,619.9999999991627,-2672372.1850945875,-2142496.9418433905,299.4135123454402,13
310500,620.999999999139,-2671571.0177175906,-2140684.72618997,299.98481949641655,13
311000,621.9999999991154,-2674522.4219205882,-2143380.488158466,300.12927376241754,13
311500,622.9999999990918,-2671398.4006787073,-2139311.3986019753,300.66329800130734,13
312000,623.9999999990681,-2672661.735829141,-2144140.1475886395,298.64861040593905,13
312500,624.9999999990445,-2674170.5632525347,-2143495.2817504024,299.8655852923729,13
313000,625.9999999990208,-2671944.034784876,-2139904.0593264466,300.63672494446206,13
313500,626.9999999989972,-2673712.7157166023,-2143178.416816703,299.7859210758392,13
314000,627.9999999989735,-2674025.0812807623,-2141990.9320730064,300.6334327389851,13
314500,628.9999999989499,-2672376.20319183,-2140934.4619232323,300.2986842409869,13
315000,629.9999999989262,-2672877.0842889138,-2141329.547419724,300.35846554378884,13
315500,630.9999999989026,-2673197.996531723,-2142415.4951247876,299.9261714184455,13
316000,631.9999999988789,-2670333.603907753,-2139182.193135454,300.13462888126804,13
316500,632.9999999988553,-2670925.389519036,-2139390.264427056,300.35145209325265,13
317000,633.9999999988316,-2673966.569689261,-2141799.3812452084,300.7086084440716,13
317500,634.999999998808,-2672024.3629216757,-2142482.7317113644,299.2250001358313,13
318000,635.9999999987843,-2668971.80178928,-2138497.658225988,299.7519294507361,13
318500,636.9999999987607,-2672994.889175689,-2142603.9663377153,299.70490440100065,13
319000,637.999999998737,-2672540.3336984944,-2140343.184766715,300.7255380420783,13
319500,638.9999999987134,-2670656.812505584,-2140881.8461994883,299.3568494370999,13
320000,639.9999999986898,-2672584.5020754617,-2139809.9286486153,301.0518199327389,13
320500,640.9999999986661,-2671165.85376635,-2141279.555801923,299.41975896775045,13
321000,641.9999999986425,-2672999.9287157655,-2143981.343216614,298.9294457473402,13
321500,642.9999999986188,-2671461.3571500406,-2140903.9505068073,299.7989784335515,13
322000,643.9999999985952,-2672550.2578195278,-2141461.172014544,300.09941127559915,13
322500,644.9999999985715,-2671460.397923032,-2141709.849634336,299.34305169046553,13
323000,645.9999999985479,-2673701.442843573,-2143586.7139550066,299.5488370973592,13
323500,646.9999999985242,-2675001.026121689,-2144792.880220513,299.60162370366805,13
324000,647.9999999985006,-2675612.0882083215,-2143266.4921489367,300.8094201944151,13
324500,648.9999999984769,-2673699.411771087,-2144746.9808411747,298.8920641708543,13
325000,649.9999999984533,-2671726.15340901,-2140289.1075708345,300.29603102151196,13
325500,650.9999999984296,-2672389.1054360755,-2140715.0926420465,300.42993255676134,13
326000,651.999999998406,-2673711.9939111937,-2143803.2282035802,299.43245468431314,13
326500,652.9999999983823,-2673016.7378304545,-2142997.663420092,299.4947861794207,13
327000,653.9999999983587,-2672410.9951270353,-2141746.679760253,299.8593887222483,13
327500,654.999999998335,-2672495.6546577476,-2140466.4013626557,300.63066623417933,13
328000,655.9999999983114,-2672117.8752669375,-2140190.657389201,300.5730096761817,13
328500,656.9999999982878,-2673971.0750209633,-2142885.891326688,300.0972063326662,13
329000,657.9999999982641,-2673581.4972346537,-2143051.1143393316,299.78370828197916,13
329500,658.9999999982405,-2673467.4610539414,-2142605.3278034846,299.9711685196819,13
330000,659.9999999982168,-2673036.4238017593,-2142030.4611607883,300.05244135426113,13
330500,660.9999999981932,-2673997.188764259,-2143233.658692641,299.91545139667875,13
331000,661.9999999981695,-2673367.037427962,-2141982.303607703,300.26647137474265,13
331500,662.9999999981459,-2673836.3635217045,-2141460.7690868857,300.8263712014073,13
332000,663.9999999981222,-2674346.1889743917,-2142857.8364956444,300.32502256557063,13
332500,664.9999999980986,-2673523.716847431,-2142803.189707208,299.89115198111995,13
333000,665.9999999980749,-2673471.6962316334,-2144338.661138676,298.99411711159894,13
333500,666.9999999980513,-2674407.892104378,-2143990.7848693733,299.7197002654679,13
334000,667.9999999980276,-2672537.9660975095,-2141188.8927427363,300.24632092355864,13
334500,668.999999998004,-2673988.229337232,-2143575.4014636143,299.7172821516954,13
335000,669.9999999979804,-2673732.0107774734,-2143503.723391151,299.6130049351717,13
335500,670.9999999979567,-2672233.8352563325,-2142165.9237111863,299.5223822942509,13
336000,671.9999999979331,-2673950.335797753,-2142152.8947437927,300.4996774435048,13
336500,672.9999999979094,-2673721.3819230795,-2143956.158234214,299.3513442332213,13
337000,673.9999999978858,-2672179.358120378,-2140624.8011052017,300.3624323767251,13
337500,674.9999999978621,-2673234.070533557,-2142194.114343228,300.0716498908744,13
338000,675.9999999978385,-2674961.715989353,-2143059.435166472,300.5589186400806,13
338500,676.9999999978148,-2671719.487438051,-2142113.7504365356,299.2612240212657,13
339000,677.9999999977912,-2674043.6625850555,-2142402.9092243724,300.4111388428002,13
339500,678.9999999977675,-2673926.6979997475,-2142701.411676758,300.17637330769736,13
340000,679.9999999977439,-2676328.7233981043,-2145272.76692966,300.0806910746813,13
340500,680.9999999977202,-2673772.5896187704,-2140168.51900439,301.52053906910834,13
341000,681.9999999976966,-2672969.529239988,-2143334.1719544586,299.2779613823451,13
341500,682.999999997673,-2671776.191057639,-2141006.7024337365,299.91881836105534,13
342000,683.9999999976493,-2672518.9071790837,-2142371.910923511,299.5670702301817,13
342500,684.9999999976257,-2673213.2444283366,-2140154.60336715,301.2123363735896,13
343000,685.999999997602,-2676082.5628067944,-2145238.304018042,299.9610683018884,13
343500,686.9999999975784,-2672324.7742814384,-2140368.200653276,300.5895975588099,13
344000,687.9999999975547,-2674714.467101829,-2143293.569649102,300.2869061475584,13
344500,688.9999999975311,-2672195.017481126,-2141779.9864180214,299.71852709512507,13
345000,689.9999999975074,-2674662.148318356,-2145110.4985847063,299.2306612443647,13
345500,690.9999999974838,-2675023.9140295107,-2144804.4162884494,299.608038221604,13
346000,691.9999999974601,-2675088.014889067,-2144074.3360898774,300.0568014787689,13
346500,692.9999999974365,-2672020.763698695,-2141211.746813387,299.9411543651149,13
347000,693.9999999974128,-2673613.7161142826,-2145412.676975208,298.4674795953195,13
347500,694.9999999973892,-2671775.3175311927,-2140424.3849190352,300.2473715232815,13
348000,695.9999999973655,-2672233.185513977,-2141423.066485328,299.9417771468224,13
348500,696.9999999973419,-2670802.051919667,-2139839.37321035,300.02798315552513,13
349000,697.9999999973182,-2671421.9146859013,-2139597.671043145,300.5148226259862,13
349500,698.9999999972946,-2673442.7975151613,-2142545.390823209,299.9911002774781,13
350000,699.999999997271,-2674328.2433578316,-2143357.9664167278,300.0322766440319,13
350500,700.9999999972473,-2669723.6510471813,-2140553.127751642,299.015300351521,13
351000,701.9999999972237,-2673583.893001277,-2143983.180622027,299.25838478727655,13
351500,702.9999999972,-2672710.869229434,-2142525.086445667,299.5889871073829,13
352000,703.9999999971764,-2667396.402462572,-2137476.097588775,299.4389750536273,13
352500,704.9999999971527,-2672469.8330499716,-2139986.066474154,300.8874954020316,13
353000,705.9999999971291,-2671756.7104457133,-2141631.5613193116,299.5547252003599,13
353500,706.9999999971054,-2671353.730594877,-2140650.7808891395,299.88121960276413,13
354000,707.9999999970818,-2671023.6333769597,-2138371.6407445036,300.98255391840456,13
354500,708.9999999970581,-2669655.242831614,-2140289.1444268683,299.12581283747056,13
355000,709.9999999970345,-2670015.424222706,-2141460.204100608,298.66761457706014,13
355500,710.9999999970108,-2672925.652882511,-2140770.3732481184,300.70187920247446,13
356000,711.9999999969872,-2673852.118388189,-2142327.69125048,300.34540706264613,13
356500,712.9999999969635,-2672973.1878939923,-2140164.433047803,301.0711346279483,13
357000,713.9999999969399,-2674977.9883705303,-2146170.894427442,298.809939447624,13
357500,714.9999999969162,-2674686.809997823,-2143633.8308755797,300.0790086830337,13
358000,715.9999999968926,-2674721.6722478867,-2145482.732760438,299.0539598899345,13
358500,716.999999996869,-2671253.479734974,-2141307.0672892034,299.45372750700767,13
359000,717.9999999968453,-2667723.821855454,-2136654.095065612,300.0884721898557,13
359500,718.9999999968217,-2669597.647333348,-2138586.829506712,300.0551848456991,13
360000,719.999999996798,-2670238.5852735266,-2138608.1521718074,300.40530723427736,13
360500,720.9999999967744,-2671575.973957153,-2141984.116025792,299.2533814560659,13
361000,721.9999999967507,-2672051.0585086253,-2140845.7906896225,300.16506156844014,13
361500,722.9999999967271,-2670643.9221102167,-2139781.7134707673,299.9712111193003,13
362000,723.9999999967034,-2671844.9040417913,-2140298.139711201,300.3580290099094,13
362500,724.9999999966798,-2673864.2608685717,-2143848.3349586106,299.4930070746677,13
363000,725.9999999966561,-2673882.6616294887,-2143332.4797098953,299.794896001114,13
363500,726.9999999966325,-2675677.9543659445,-2146449.5367402127,299.0480143629201,13
364000,727.9999999966088,-2672235.0902599674,-2140210.3261852334,300.6281295366225,13
364500,728.9999999965852,-2673776.7650178205,-2143362.1607962814,299.7182859022519,13
365000,729.9999999965615,-2672433.916981688,-2138678.15866523,301.60625235395617,13
365500,730.9999999965379,-2674337.5140173174,-2142887.9559492795,300.30310123424266,13
366000,731.9999999965142,-2674566.886968538,-2144767.475923243,299.3706622832657,13
366500,732.9999999964906,-2672566.8506724425,-2140592.634058606,300.5995669777935,13
367000,733.999999996467,-2672008.502582336,-2141266.0326992124,299.9035510388339,13
367500,734.9999999964433,-2672700.5020343103,-2140292.0576445283,300.8449335338075,13
368000,735.9999999964197,-2673512.094447186,-2142706.9246423882,299.93898051777546,13
368500,736.999999996396,-2673167.5690716803,-2143077.18803169,299.53507900061265,13
369000,737.9999999963724,-2673203.7184914183,-2141157.953038508,300.6399966628639,13
369500,738.9999999963487,-2673845.037252672,-2141868.6132626613,300.60081428697004,13
370000,739.9999999963251,-2670806.7425974607,-2139331.1694442355,300.3178014266542,13
370500,740.9999999963014,-2671139.201896254,-2140711.2164148116,299.7258471727175,13
371000,741.9999999962778,-2670090.1530837324,-2139687.338366564,299.71162407579857,13
371500,742.9999999962541,-2673303.922845861,-2141472.485223948,300.5188876858175,13
372000,743.9999999962305,-2675381.71640357,-2145544.924016506,299.3917851399716,13
372500,744.9999999962068,-2670785.566574184,-2139453.845688611,300.23651566502417,13
373000,745.9999999961832,-2676156.5301105212,-2141540.32699736,302.09245887528664,13
373500,746.9999999961595,-2672794.67936128,-2142768.8553754846,299.4986001226327,13
374000,747.9999999961359,-2674238.6289844364,-2143812.3112242194,299.7249048032143,13
374500,748.9999999961123,-2674082.119066786,-2142634.9001791393,300.3017794472261,13
375000,749.9999999960886,-2671920.880645113,-2141213.1435509194,299.88392478442876,13
375500,750.999999996065,-2675402.900017569,-2143637.1074689147,300.48179400725286,13
376000,751.9999999960413,-2672527.2870682236,-2141928.5181869227,299.8223507521038,13
376500,752.9999999960177,-2674569.172762608,-2145137.257882797,299.1630033690541,13
377000,753.999999995994,-2673890.8680851273,-2142105.8374996544,300.49266473248093,13
377500,754.9999999959704,-2674231.3864766397,-2142764.277425317,300.3130186659728,13
378000,755.9999999959467,-2671887.675433539,-2139597.6050226917,300.77804464013957,13
378500,756.9999999959231,-2673387.014868347,-2141594.640665342,300.49681434759617,13
379000,757.9999999958994,-2674923.2672414333,-2145526.723766445,299.1430162556921,13
379500,758.9999999958758,-2678128.9889393207,-2147551.5796280536,299.81028122447924,13
380000,759.9999999958521,-2676278.0259681325,-2145529.9901640275,299.90669614133077,13
380500,760.9999999958285,-2674401.831779016,-2142997.3809056766,300.2776127748954,13
381000,761.9999999958048,-2675484.4889778104,-2144494.1355963335,300.04362112106514,13
381500,762.9999999957812,-2671255.8403958157,-2140602.0837905733,299.8534223444661,13
382000,763.9999999957575,-2671294.911701834,-2140687.760264068,299.82708743438053,13
382500,764.9999999957339,-2670861.7418003418,-2139761.4793481627,300.10572679842363,13
383000,765.9999999957103,-2670586.9164349157,-2139562.284767761,300.06299055196945,13
383500,766.9999999956866,-2674168.207111221,-2142818.860654664,300.24647524359,13
384000,767.999999995663,-2674093.76256215,-2140728.3144227266,301.3857020593378,13
384500,768.9999999956393,-2674183.4646084644,-2142650.699044846,300.3501188083272,13
385000,769.9999999956157,-2672168.0052470285,-2140143.33591761,300.62807599943983,13
385500,770.999999995592,-2671405.2245353535,-2140081.815655188,300.23181884862163,13
386000,771.9999999955684,-2670767.0924410727,-2140668.8805467566,299.5395039357804,13
386500,772.9999999955447,-2673202.899199294,-2143589.9289767332,299.26531125528214,13
387000,773.9999999955211,-2672800.8751248606,-2142588.6815483887,299.60391089993277,13
387500,774.9999999954974,-2673006.102439277,-2142739.923099265,299.6344163203767,13
388000,775.9999999954738,-2672012.1036388166,-2138766.7029118314,301.31786756836306,13
388500,776.9999999954501,-2672592.6140685324,-2142410.979722419,299.5866429739204,13
389000,777.9999999954265,-2673149.3763309177,-2142614.3352592085,299.78634045053366,13
389500,778.9999999954028,-2670910.387196835,-2138364.1610191483,300.92278908486276,13
390000,779.9999999953792,-2673747.944316551,-2141328.564960754,300.8511124912579,13
390500,780.9999999953556,-2672149.955120679,-2140495.8671823465,300.41867373479715,13
391000,781.9999999953319,-2671555.272234492,-2142143.5141354227,299.15161349455764,13
391500,782.9999999953083,-2673146.0842329096,-2141073.9849514877,300.6548769657062,13
392000,783.9999999952846,-2670578.1024793833,-2139387.3533929843,300.156857552912,13
392500,784.999999995261,-2672501.661707256,-2142063.697905446,299.73148556399286,13
393000,785.9999999952373,-2671695.584244592,-2138534.6359710004,301.27014651323,13
393500,786.9999999952137,-2670953.517840652,-2141104.948966679,299.3984396107235,13
394000,787.99999999519,-2672429.125920361,-2142344.1476682737,299.53202607877284,13
394500,788.9999999951664,-2673999.8580092434,-2144653.4022077895,299.11471350622594,13
395000,789.9999999951427,-2674291.8298004456,-2141488.918496553,301.0678326515947,13
395500,790.9999999951191,-2674607.2678357735,-2146175.4119832646,298.5979058489662,13
396000,791.9999999950954,-2674102.974836612,-2143959.774594885,299.5649252387843,13
396500,792.9999999950718,-2674435.5465289727,-2142299.2375785634,300.6911595487537,13
397000,793.9999999950481,-2672358.415800631,-2140983.4192202534,300.26096920941154,13
397500,794.9999999950245,-2670452.8444927037,-2137698.02418713,301.0406581517435,13
398000,795.9999999950008,-2675090.4692445416,-2143156.1652058265,300.5770138118245,13
398500,796.9999999949772,-2672787.1283312384,-2142398.5181170753,299.70359762015624,13
399000,797.9999999949536,-2673121.033746818,-2141190.80574109,300.57471059164465,13
399500,798.9999999949299,-2673743.7573938556,-2142410.0514158485,300.23763736962434,13
400000,799.9999999949063,-2674841.5103892237,-2143810.508330321,300.0665902320686,13
400500,800.9999999948826,-2678206.825220993,-2147244.760857148,300.02763601091334,13
401000,801.999999994859,-2671866.0168355666,-2141510.879232201,299.6846834472565,13
401500,802.9999999948353,-2675849.2146729194,-2145803.616748881,299.509773666552,13
402000,803.9999999948117,-2672189.984944081,-2141737.1179889864,299.73990680187234,13
402500,804.999999994788,-2671709.382145915,-2140054.5243077576,300.4191087775995,13
403000,805.9999999947644,-2673809.7263849676,-2143993.2128067883,299.38032631174434,13
403500,806.9999999947407,-2675649.8296154235,-2145648.2146860845,299.4849204523394,13
404000,807.9999999947171,-2675126.5526430644,-2144280.112403514,299.9623009615643,13
404500,808.9999999946934,-2673776.890752597,-2143897.7923185746,299.4156907711074,13
405000,809.9999999946698,-2672903.7541076113,-2142023.06946538,299.9816512464008,13
405500,810.9999999946461,-2673781.948204361,-2143380.5703169717,299.7108121747778,13
406000,811.9999999946225,-2673723.569360351,-2142974.513239626,299.90727268569077,13
406500,812.9999999945989,-2675782.846454384,-2144785.0291482736,300.04783871741233,13
407000,813.9999999945752,-2673023.145293176,-2142106.988641035,300.00169520809254,13
407500,814.9999999945516,-2672156.4048197363,-2142960.168379755,299.02982992803703,13
408000,815.9999999945279,-2671262.91243664,-2139706.0354798776,300.3637432925823,13
408500,816.9999999945043,-2675147.1449297704,-2144277.2837739,299.97553528210847,13
409000,817.9999999944806,-2673487.2874391414,-2142652.7294492796,299.9555867280552,13
409500,818.999999994457,-2671985.882764749,-2141257.86045581,299.89538723237877,13
410000,819.9999999944333,-2672776.2722884677,-2140780.8116215216,300.61157123094347,13
410500,820.9999999944097,-2672926.5830623675,-2142251.8775285585,299.8652598333125,13
411000,821.999999994386,-2674354.126586413,-2144058.3979892824,299.6511135467028,13
411500,822.9999999943624,-2675891.287306143,-2147174.996439812,298.7586298827971,13
412000,823.9999999943387,-2675652.4052989744,-2145629.0694261687,299.4971941791416,13
412500,824.9999999943151,-2672155.0392659977,-2142084.408722832,299.523918702599,13
413000,825.9999999942914,-2671381.956525026,-2139145.7242977703,300.74762261183616,13
413500,826.9999999942678,-2671807.555445073,-2140594.3517998834,300.1695458194451,13
414000,827.9999999942441,-2675369.3119386397,-2144719.8754738783,299.85098118788875,13
414500,828.9999999942205,-2674115.0767657105,-2141881.831596599,300.7459347323177,13
415000,829.9999999941969,-2674913.334798744,-2144065.874244979,299.9628775045645,13
415500,830.9999999941732,-2672197.8308971785,-2142676.867670346,299.2133213989863,13
416000,831.9999999941496,-2672980.6823000647,-2141337.8127918136,300.4123346019607,13
416500,832.9999999941259,-2670408.508097077,-2137623.8307559537,301.0575292926319,13
417000,833.9999999941023,-2673496.2484805025,-2141781.2194426116,300.45310936638657,13
417500,834.9999999940786,-2671066.3992039245,-2138698.4981014123,300.8220239750047,13
418000,835.999999994055,-2673767.12443625,-2143010.495855483,299.91155161150755,13
418500,836.9999999940313,-2671823.12717632,-2139994.0611524098,300.51754758077055,13
419000,837.9999999940077,-2672893.7803092413,-2141640.4135452863,300.19224055864925,13
419500,838.999999993984,-2670931.687804198,-2139339.150770181,300.3838935243912,13
420000,839.9999999939604,-2670590.3022858873,-2139159.9880000902,300.2922272624825,13
420500,840.9999999939367,-2673150.9773554895,-2145235.1370713385,298.30632394225347,13
421000,841.9999999939131,-2673251.0703912135,-2139855.3705509948,301.40279621141394,13
421500,842.9999999938894,-2673400.008860724,-2141530.519384534,300.54038942511454,13
422000,843.9999999938658,-2674147.3733830005,-2144367.191955125,299.3597963155384,13
422500,844.9999999938422,-2673113.6972098816,-2142565.5594844073,299.7937409002693,13
423000,845.9999999938185,-2672614.980952628,-2141725.5590830576,299.9865883404794,13
423500,846.9999999937949,-2673264.4546476454,-2143595.026119867,299.29721382042675,13
424000,847.9999999937712,-2670761.4578266423,-2141699.7161971605,298.9538317301278,13
424500,848.9999999937476,-2672413.7969258204,-2141234.922673851,300.15014750950013,13
425000,849.9999999937239,-2673131.4160792325,-2141519.44116104,300.394877176199,13
425500,850.9999999937003,-2671750.115537161,-2141147.5755994692,299.82448164093756,13
426000,851.9999999936766,-2674264.325021375,-2144862.288483579,299.14612018864574,13
426500,852.999999993653,-2674493.5596804507,-2145466.858488491,298.93403163452746,13
427000,853.9999999936293,-2674543.7656275593,-2142338.362863479,300.7302019869427,13
427500,854.9999999936057,-2673892.3081836905,-2143641.57147069,299.6256902452257,13
428000,855.999999993582,-2674064.171946125,-2141899.178049665,300.7073683838669,13
428500,856.9999999935584,-2674183.281629747,-2141978.678921571,300.7297499040202,13
429000,857.9999999935347,-2671835.1700909454,-2141313.669996595,299.7786889294574,13
429500,858.9999999935111,-2672978.129866598,-2142151.098177281,299.9513338853157,13
430000,859.9999999934874,-2669541.5984539073,-2138552.695480939,300.042801547191,13
430500,860.9999999934638,-2674577.055323215,-2143536.000075495,300.0722709288224,13
431000,861.9999999934402,-2674619.841430757,-2143317.017659835,300.22018694103764,13
431500,862.9999999934165,-2675626.16410866,-2145345.860719959,299.642397314168,13
432000,863.9999999933929,-2672407.412511982,-2138637.529338472,301.6142338045246,13
432500,864.9999999933692,-2673166.27885847,-2140373.695258543,301.0619968361679,13
433000,865.9999999933456,-2673196.663488012,-2144081.1616034494,298.9842097238222,13
433500,866.9999999933219,-2675489.7105578687,-2144220.136322777,300.2013988198081,13
434000,867.9999999932983,-2673477.125913849,-2141663.2996207783,300.5089361549755,13
434500,868.9999999932746,-2672695.9013608433,-2139691.542708992,301.18166332923687,13
435000,869.999999993251,-2674969.461366387,-2142642.785146269,300.79872927122125,13
435500,870.9999999932273,-2674259.3119867407,-2143790.4207317904,299.74896155950404,13
436000,871.9999999932037,-2672667.7147807404,-2143252.7240307783,299.153440149738,13
436500,872.99999999318,-2672040.000788849,-2139961.2667831266,300.65862601065874,13
437000,873.9999999931564,-2674277.6560697835,-2142688.748645346,300.38184256208166,13
437500,874.9999999931327,-2672825.7497457135,-2142029.7962903176,299.93377268898826,13
438000,875.9999999931091,-2670911.645367617,-2137836.78603218,301.2215007392007,13
438500,876.9999999930855,-2674241.556022987,-2143050.6876985235,300.15692493006935,13
439000,877.9999999930618,-2673914.3521737326,-2143314.0355184423,299.82322534372196,13
439500,878.9999999930382,-2674296.0949156787,-2142720.5416508317,300.3742966050319,13
440000,879.9999999930145,-2673583.1159702875,-2144110.014334889,299.18627652874534,13
440500,880.9999999929909,-2676790.254462354,-2145875.836695452,300.0007126263549,13
441000,881.9999999929672,-2675614.001544295,-2143173.030132866,300.863313388163,13
441500,882.9999999929436,-2675676.8110785466,-2141731.518326142,301.7133514719092,13
442000,883.9999999929199,-2673902.8594238777,-2142417.3288764413,300.3234279933084,13
442500,884.9999999928963,-2672911.9862421267,-2143023.4597051395,299.421018254245,13
443000,885.9999999928726,-2673453.7768949866,-2142592.9047289584,299.9704559260614,13
443500,886.999999992849,-2675116.4016146846,-2144469.5960926344,299.8494945364402,13
444000,887.9999999928253,-2673897.3188676573,-2144644.6410599845,299.0617229223926,13
444500,888.9999999928017,-2677349.309374422,-2147439.0713331387,299.43328664730996,13
445000,889.999999992778,-2672973.814830655,-2141201.641067925,300.48539980266213,13
445500,890.9999999927544,-2675741.1899506953,-2145534.823351004,299.60061828415866,13
446000,891.9999999927307,-2672808.1359222494,-2138997.7528787497,301.6371188297783,13
446500,892.9999999927071,-2673235.129776612,-2143679.6678934237,299.2328153534638,13
447000,893.9999999926835,-2671053.5530298594,-2140438.7937281537,299.83138636567185,13
447500,894.9999999926598,-2671618.2522457857,-2140252.8734185053,300.2555345617798,13
448000,895.9999999926362,-2674811.4969540834,-2143918.5665683243,299.9885708772528,13
448500,896.9999999926125,-2671962.320075752,-2138373.028114187,301.5121881819826,13
449000,897.9999999925889,-2674657.1726080608,-2142889.5049693715,300.48285355343944,13
449500,898.9999999925652,-2671969.3761376813,-2141691.779722153,299.6408677006298,13
450000,899.9999999925416,-2674216.6291719563,-2143053.310073833,300.141357849467,13
450500,900.9999999925179,-2675349.9762800373,-2144538.191774713,299.9427182480108,13
451000,901.9999999924943,-2673106.6345508024,-2141552.3756330446,300.36226393255595,13
451500,902.9999999924706,-2673293.528685089,-2143404.7784679355,299.4211446478919,13
452000,903.999999992447,-2670964.945695795,-2140936.659712423,299.4999913092397,13
452500,904.9999999924233,-2672521.181028176,-2142160.0210288092,299.68808648742913,13
453000,905.9999999923997,-2676302.813012805,-2143886.6317872233,300.8493053424752,13
453500,906.999999992376,-2672785.721046649,-2142098.840900018,299.8721392707517,13
454000,907.9999999923524,-2671036.280730348,-2141643.726760819,299.14076192911756,13
454500,908.9999999923288,-2673571.766337175,-2142090.574057075,300.3209765938943,13
455000,909.9999999923051,-2671275.289606277,-2139356.698212823,300.5681351590364,13
455500,910.9999999922815,-2672933.462550778,-2141720.478986362,300.1694214596861,13
456000,911.9999999922578,-2672803.5535311084,-2140524.608391066,300.77175814827194,13
456500,912.9999999922342,-2671059.729264632,-2139595.5572665436,300.3113590424365,13
457000,913.9999999922105,-2673805.635084482,-2140391.4863529485,301.4132210187961,13
457500,914.9999999921869,-2674184.9263926763,-2141205.9552637683,301.1673177497613,13
458000,915.9999999921632,-2672868.194300985,-2141243.556603241,300.40203245916416,13
458500,916.9999999921396,-2674195.219106257,-2143684.7954116175,299.77243005289387,13
459000,917.9999999921159,-2674322.8322987054,-2142579.214204797,300.46926401747817,13
459500,918.9999999920923,-2673238.9830667507,-2143197.7919403934,299.5072835430962,13
460000,919.9999999920686,-2673024.243717294,-2141992.244562951,300.0671536549722,13
460500,920.999999992045,-2672841.45869812,-2142262.859938405,299.8109533391742,13
461000,921.9999999920213,-2671433.148005223,-2138607.422662318,301.08072404751937,13
461500,922.9999999919977,-2674125.7456983645,-2143480.1732827364,299.8487977521882,13
462000,923.999999991974,-2674571.5558705684,-2145978.547194928,298.6889675345474,13
462500,924.9999999919504,-2673832.698167011,-2142414.669564941,300.28528506285517,13
463000,925.9999999919268,-2672638.2442406397,-2141246.6743869567,300.27033417226755,13
463500,926.9999999919031,-2670703.8767188825,-2140468.0697344197,299.61725399062254,13
464000,927.9999999918795,-2671802.9141909145,-2139375.167969929,300.8558403069565,13
464500,928.9999999918558,-2674628.140097443,-2143557.9337906917,300.0887431476781,13
465000,929.9999999918322,-2676720.0464387685,-2144893.417204119,300.51617063847954,13
465500,930.9999999918085,-2673834.7351371273,-2142477.330047469,300.2510288883817,13
466000,931.9999999917849,-2670105.289300395,-2138676.9730076306,300.2910982682162,13
466500,932.9999999917612,-2670014.2160262316,-2140433.6198084145,299.24701786529573,13
467000,933.9999999917376,-2670233.785957059,-2135949.46873198,301.9049220527721,13
467500,934.9999999917139,-2673838.4699822944,-2143086.8453024006,299.9087240864348,13
468000,935.9999999916903,-2673565.5973195247,-2146586.9078116124,297.77677362057943,13
468500,936.9999999916666,-2672652.854330752,-2142725.548994285,299.44293076422684,13
469000,937.999999991643,-2672363.779305719,-2141919.254948397,299.7351926988208,13
469500,938.9999999916193,-2676799.572482204,-2144116.4135595085,301.000164872202,13
470000,939.9999999915957,-2674206.5642464515,-2144252.9966279436,299.45777063872237,13
470500,940.999999991572,-2673651.5418411233,-2142628.7428587554,300.06195496746903,13
471000,941.9999999915484,-2673278.5184246656,-2142151.210737918,300.1210090913359,13
471500,942.9999999915248,-2675694.684885027,-2143300.069498442,300.8371192596513,13
472000,943.9999999915011,-2673346.2501021717,-2142598.728193567,299.9064057573986,13
472500,944.9999999914775,-2675067.929523235,-2146036.3396966113,298.93679402679624,13
473000,945.9999999914538,-2677773.3061857503,-2146034.9272170383,300.46630357556916,13
473500,946.9999999914302,-2672793.0130715184,-2141834.45649103,300.0256538882371,13
474000,947.9999999914065,-2674602.132769048,-2144807.1716648075,299.36814778103565,13
474500,948.9999999913829,-2672582.653381303,-2142422.0679047457,299.5747490120021,13
475000,949.9999999913592,-2673109.498030925,-2140542.636226083,300.9344495383086,13
475500,950.9999999913356,-2672621.1304751057,-2143321.3259178437,299.0883525598395,13
476000,951.9999999913119,-2674466.596001573,-2144257.2019167496,299.6023290075195,13
476500,952.9999999912883,-2674955.48060227,-2145477.025169175,299.1893017679748,13
477000,953.9999999912646,-2673984.4884416535,-2144157.964802587,299.3859826384499,13
477500,954.999999991241,-2672940.312007053,-2140051.7993266243,301.1162029220248,13
478000,955.9999999912174,-2676277.195603108,-2145010.3056278974,300.19988204073735,13
478500,956.9999999911937,-2676341.3173210192,-2146006.1932966635,299.67337449092685,13
479000,957.9999999911701,-2675253.7698062174,-2144571.673676691,299.86943599411694,13
479500,958.9999999911464,-2673000.042884765,-2142965.734631863,299.5033942779484,13
480000,959.9999999911228,-2674872.3593830448,-2146862.586648625,298.3594018039135,13
480500,960.9999999910991,-2674808.862029521,-2143975.058482833,299.95516041925214,13
481000,961.9999999910755,-2673822.6433457006,-2143374.1247180896,299.7374497178301,13
481500,962.9999999910518,-2672482.751279477,-2142042.3560072077,299.7328595008198,13
482000,963.9999999910282,-2675126.6365537047,-2144561.086106493,299.80358020535346,13
482500,964.9999999910045,-2674149.3030506726,-2141853.300125324,300.78139689149793,13
483000,965.9999999909809,-2674120.3223229647,-2143160.5277973777,300.0263534066517,13
483500,966.9999999909572,-2671587.1898733936,-2141365.6978109633,299.60916514114484,13
484000,967.9999999909336,-2671975.0792390835,-2141247.9871244803,299.89486161289204,13
484500,968.9999999909099,-2672145.0409643725,-2141934.7900161482,299.60281319032254,13
485000,969.9999999908863,-2673025.4169726428,-2143051.6161932154,299.4692036729203,13
485500,970.9999999908626,-2676176.896976391,-2144789.94217201,300.2677263732832,13
486000,971.999999990839,-2674912.5564807076,-2144567.5237808167,299.678973528403,13
486500,972.9999999908154,-2672994.3496902287,-2142101.6715212585,299.9884283585833,13
487000,973.9999999907917,-2676679.1254168935,-2146009.0199416485,299.8626605050572,13
487500,974.9999999907681,-2674237.1321925614,-2144279.7772817463,299.45991070189086,13
488000,975.9999999907444,-2672524.4488484114,-2142324.408758826,299.59704340000275,13
488500,976.9999999907208,-2671514.219546959,-2139938.2767678318,300.3745167055936,13
489000,977.9999999906971,-2675048.055063013,-2142360.3723483114,301.0027211049586,13
489500,978.9999999906735,-2674637.738921635,-2143029.4246812146,300.39280865836724,13
490000,979.9999999906498,-2676784.3443823196,-2147625.385494718,299.0087657189959,13
490500,980.9999999906262,-2674504.0390614755,-2144967.334777481,299.22221610632164,13
491000,981.9999999906025,-2675922.126163345,-2144618.848755429,300.22044327504716,13
491500,982.9999999905789,-2673418.549662972,-2141406.5811700434,300.6208992118626,13
492000,983.9999999905552,-2674309.911268661,-2143529.2294234056,299.9251432493424,13
492500,984.9999999905316,-2672833.9870167132,-2142945.80836089,299.4208216790655,13
493000,985.999999990508,-2672919.4881051164,-2142686.665663996,299.6155675321284,13
493500,986.9999999904843,-2671516.1848431397,-2139604.5106698936,300.56422648576955,13
494000,987.9999999904607,-2671950.0644750036,-2140964.7307044137,300.04078471882616,13
494500,988.999999990437,-2671556.6989737675,-2141499.0111536067,299.5166052336199,13
495000,989.9999999904134,-2674139.4052544627,-2143801.486350988,299.6749537769648,13
495500,990.9999999903897,-2672561.929883778,-2140661.2853923393,300.55799400781893,13
496000,991.9999999903661,-2675305.9609135855,-2143514.877692718,300.4960848598514,13
496500,992.9999999903424,-2674335.0144870207,-2143111.2054658034,300.17553853740395,13
497000,993.9999999903188,-2675593.106098624,-2144372.118455589,300.1739442776949,13
497500,994.9999999902951,-2674214.906910863,-2142473.932114532,300.4677703847372,13
498000,995.9999999902715,-2677145.094842186,-2145401.5478853453,300.46922382047063,13
498500,996.9999999902478,-2673284.226661483,-2142716.1620110525,299.8050008914981,13
499000,997.9999999902242,-2671398.5278761648,-2139748.5834700433,300.4163323732245,13
499500,998.9999999902005,-2674036.6822265238,-2144678.8012988935,299.12116943561875,13
500000,999.9999999901769,-2674401.939193202,-2142463.278313049,300.5794757067976,13
