#"Step","Time (ps)","Potential Energy (kJ/mole)","Total Energy (kJ/mole)","Temperature (K)","Speed (ns/day)"
500,1.0000000000000007,-124821.484375,-70383.89589140727,300.05404142186114,0
1000,2.0000000000000013,-124922.921875,-69854.31106607988,303.5321675515476,77.6
1500,2.999999999999891,-125213.0390625,-70296.69831617025,302.6928715992376,79.5
2000,3.999999999999781,-124729.8125,-69392.526188571,305.01307757354715,80.3
2500,4.999999999999671,-125036.84375,-70521.83530424722,300.48077179658844,79.7
3000,5.999999999999561,-126084.625,-72030.71033787983,297.93927322717326,80.2
3500,6.999999999999451,-126070.515625,-71432.85101319896,301.15683918592885,79.7
4000,7.999999999999341,-125838.96875,-71420.31529640942,299.94967360479114,80
4500,8.999999999999675,-126716.765625,-72399.57569037355,299.39041777127375,80.2
5000,10.000000000000009,-125666.4921875,-71244.7956512419,299.966446744054,80
5500,11.000000000000343,-125847.3046875,-71377.79863804893,300.2299675584686,79
6000,12.000000000000677,-126150.9453125,-72186.98610141361,297.44344860704433,78.9
6500,13.00000000000101,-125373.15625,-70786.24034115032,300.87711787861815,78.9
7000,14.000000000001345,-126151.203125,-71744.88837823132,299.88166400056434,79.2
7500,15.000000000001679,-125532.8046875,-71766.00740322052,296.3567136027786,79.1
8000,16.00000000000201,-126441.828125,-72453.23634929629,297.5792206125629,78.7
8500,17.000000000001457,-126038.875,-72009.64536446356,297.8032120570263,78.9
9000,18.000000000000902,-126519.359375,-71727.22734172898,302.0082467403625,78.9
9500,19.000000000000348,-126206.40625,-70972.78786627087,304.44167127986924,79.1
10000,19.999999999999794,-125585.09375,-70794.80472791579,301.9980882640157,79
10500,20.99999999999924,-125992.6484375,-71823.21065152436,298.5760240670999,78.7
11000,21.999999999998685,-125536.28125,-71098.15388635662,300.05701166983766,78.9
11500,22.99999999999813,-126400.2421875,-71528.83618210675,302.44519621548494,79
12000,23.999999999997577,-125981.1484375,-71834.3106621704,298.4514552770521,79
12500,24.999999999997023,-126072.546875,-71386.56155863137,301.42317763136214,79.2
13000,25.99999999999647,-126044.984375,-71499.12763326586,300.65080423443186,79.1
13500,26.999999999995914,-126346.3984375,-71599.70524918975,301.75779279029217,79.2
14000,27.99999999999536,-126342.421875,-72223.7756341307,298.29606661851074,79.1
14500,28.999999999994806,-126425.984375,-72053.4553344429,299.6954408783896,79.1
15000,29.99999999999425,-126609.484375,-72139.23625427927,300.2340577742494,79.2
15500,30.999999999993697,-126598.53125,-72635.31884641701,297.4393322856605,79.2
16000,31.999999999993143,-126236.8828125,-71643.96417437374,300.9102042667035,79.2
16500,32.999999999994365,-126440.0078125,-71871.57388248434,300.77524723009935,79.3
17000,33.99999999999559,-127066.8046875,-72430.81331057334,301.1476164980712,79.4
17500,34.99999999999681,-126750.421875,-72297.52702965366,300.13840841591013,79.3
18000,35.99999999999803,-126050.25,-70913.15850193781,303.90962562985004,79.4
18500,36.999999999999254,-126826.75,-72652.52843068633,298.60239175831936,79.3
19000,38.000000000000476,-126976.375,-72563.87333775056,299.9157656028882,79.4
19500,39.0000000000017,-127171.5625,-72366.6289178934,302.0788074792118,79.4
20000,40.00000000000292,-127035.7578125,-72596.76348409685,300.0617902848937,79.4
20500,41.00000000000414,-126883.359375,-73113.71239770483,296.3724207994048,79.4
21000,42.000000000005365,-126634.109375,-72730.24109261902,297.11223397184267,79.5
21500,43.00000000000659,-126500.5078125,-71989.19081553665,300.46042493408356,79.3
22000,44.00000000000781,-126040.75,-71765.46409959998,299.15944731185834,79.3
22500,45.00000000000903,-126577.515625,-71721.25164406141,302.361735030677,79
23000,46.00000000001025,-127401.21875,-72662.95096529135,301.71135288595957,78.8
23500,47.000000000011475,-126579.109375,-72656.96465037041,297.2129717251537,78.6
24000,48.0000000000127,-127036.359375,-72463.54182105628,300.799409286361,78.3
24500,49.00000000001392,-126624.4296875,-71903.61037628911,301.61517880596296,78.2
25000,50.00000000001514,-126328.671875,-71810.20752069319,300.4998203870441,78
25500,51.000000000016364,-126347.078125,-71964.311398827,299.7518698832266,77.8
26000,52.000000000017586,-126992.578125,-72212.22144239233,301.9433422937454,77.7
26500,53.00000000001881,-126715.3828125,-72120.5106304218,300.920971987578,77.6
27000,54.00000000002003,-126172.1796875,-71880.26977948332,299.251077025976,77.5
27500,55.00000000002125,-126717.390625,-72398.11400124198,299.4019193738347,77.4
28000,56.000000000022474,-126670.6015625,-72505.0010936649,298.55487319417716,77.3
28500,57.0000000000237,-126605.890625,-72102.5874661624,300.41625353369807,77.3
29000,58.00000000002492,-126320.265625,-71264.1535058741,303.4632761386526,77.2
29500,59.00000000002614,-127402.734375,-73157.31967451447,298.9948005208058,77.1
30000,60.00000000002736,-126731.40625,-72423.85268763686,299.3373031399538,77.1
30500,61.000000000028585,-127021.109375,-73044.1445605536,297.5151340721431,77
31000,62.00000000002981,-125812.671875,-70765.16501478013,303.41584489152797,77
31500,63.00000000003103,-127309.46875,-73343.73032675468,297.4532554301183,76.9
32000,64.00000000003224,-126586.296875,-72250.1336194902,299.4949966434983,76.8
32500,65.00000000002991,-126716.8359375,-71829.0393214256,302.5355394711884,76.8
33000,66.00000000002758,-127100.3125,-72821.00649752893,299.1816056753522,76.8
33500,67.00000000002525,-127039.640625,-72651.48788378062,299.7815570098398,76.7
34000,68.00000000002292,-127388.7109375,-73790.46330106258,295.4276863548048,76.7
34500,69.00000000002059,-127012.484375,-72232.2887546164,301.9424545363594,76.6
35000,70.00000000001826,-126933.796875,-72817.37884273054,298.283784976099,76.6
35500,71.00000000001593,-127336.453125,-73283.78209919413,297.93241843965313,76.5
36000,72.0000000000136,-126866.328125,-72004.04027276905,302.39493795124395,76.5
36500,73.00000000001127,-126356.234375,-72409.80247091688,297.3468400053764,76.4
37000,74.00000000000894,-127228.6796875,-72827.46177718497,299.85357079476694,76.4
37500,75.00000000000661,-127548.7734375,-73228.79390101251,299.40579375201935,76.4
38000,76.00000000000428,-127149.9140625,-73339.23985009035,296.5985584378892,76.3
38500,77.00000000000195,-127012.671875,-72098.99244940351,302.6782026900559,76.3
39000,77.99999999999962,-127528.90625,-73070.65022717352,300.16795864057116,76.2
39500,78.99999999999729,-127343.21875,-72708.0493574246,301.14308581011363,76.2
40000,79.99999999999496,-126783.2265625,-72206.28248676955,300.8221542237033,76.2
40500,80.99999999999262,-127588.0703125,-73516.13312037906,298.0386114439094,76.1
41000,81.9999999999903,-126814.609375,-72081.76414250629,301.6814643704644,76
41500,82.99999999998796,-127512.859375,-72871.70718645205,301.17606232800455,75.9
42000,83.99999999998563,-127617.390625,-73381.80562268809,298.94062029818554,75.9
42500,84.9999999999833,-127175.0703125,-72648.39111788897,300.5450996894816,75.9
43000,85.99999999998097,-126788.015625,-72158.79022888403,301.11032315090097,75.8
43500,86.99999999997864,-126392.46875,-71991.22808619449,299.8536962095211,75.8
44000,87.99999999997631,-127372.8984375,-72769.66123187658,300.96707908363516,75.8
44500,88.99999999997398,-126864.5078125,-72564.50428160792,299.29568819118657,75.7
45000,89.99999999997165,-127136.2109375,-72756.23293336842,299.7364987519507,75.7
45500,90.99999999996932,-127490.015625,-73229.37208023726,299.07874024699225,75.7
46000,91.99999999996699,-126566.7421875,-72228.12452115631,299.50852508791576,75.6
46500,92.99999999996466,-127257.3125,-72871.26163479476,299.7699716988409,75.6
47000,93.99999999996233,-127701.984375,-73876.74973858427,296.67881390455364,75.6
47500,94.99999999996,-128062.78125,-73452.83273600024,301.00407108231923,75.6
48000,95.99999999995767,-127016.0390625,-72207.39840115397,302.0992404950497,75.6
48500,96.99999999995534,-126701.1328125,-72821.07300676173,296.9810042492238,75.5
49000,97.999999999953,-126615.484375,-71995.34233461192,301.0602566863174,75.5
49500,98.99999999995067,-127180.46875,-73246.8693661457,297.27610855559067,75.5
50000,99.99999999994834,-126592.59375,-72437.74556866521,298.49560775996406,75.5
