#"Step","Time (ps)","Potential Energy (kJ/mole)","Total Energy (kJ/mole)","Temperature (K)","Speed (ns/day)"
500,1.0000000000000007,-1810328.8662754744,-1433061.4455362437,300.48732087719026,0
1000,2.0000000000000013,-1816342.627504224,-1439268.5871474443,300.33329657019056,18.4
1500,2.999999999999891,-1822816.3509124927,-1446842.9122623536,299.45668533900266,18.9
2000,3.999999999999781,-1824900.2816051226,-1447380.1282421025,300.6886182722103,18.7
2500,4.999999999999671,-1828137.8928654082,-1450354.3306123768,300.8984191383959,18.8
3000,5.999999999999561,-1828215.010013761,-1451077.7043630797,300.3836863404807,18.8
3500,6.999999999999451,-1829547.3192271404,-1452546.9234026568,300.2746399065339,18.8
4000,7.999999999999341,-1834008.668828478,-1457431.3626497276,299.9376559340295,18.8
4500,8.999999999999675,-1833138.5951212086,-1456446.1938982247,300.0293272514737,18.7
5000,10.000000000000009,-1834612.4649305865,-1458173.3009970358,299.8276278985349,18.7
5500,11.000000000000343,-1833943.347879324,-1459669.4502956443,298.1030287185066,18.8
6000,12.000000000000677,-1836652.7324510366,-1460126.7437954238,299.896782367445,18.8
6500,13.00000000000101,-1836570.7003163584,-1460833.3859864224,299.2686161857406,18.6
7000,14.000000000001345,-1833581.985366676,-1456313.4889900102,300.48817760478806,18.5
7500,15.000000000001679,-1836927.1840099245,-1460163.2017325014,300.0863403888177,18.5
8000,16.00000000000201,-1839081.1218675673,-1460773.1614344963,301.3160936990145,18.5
8500,17.000000000001457,-1837889.237928884,-1460687.7094086804,300.4348388040674,18.5
9000,18.000000000000902,-1837173.9239810128,-1460913.4552509114,299.68530009606286,18.5
9500,19.000000000000348,-1837848.4256481323,-1462094.7331659459,299.2816611157297,18.5
10000,19.999999999999794,-1837542.9838095885,-1459347.8225918089,301.22625097171635,18.5
10500,20.99999999999924,-1838059.8330906294,-1462202.0094360856,299.36459988881563,18.4
11000,21.999999999998685,-1841225.3792123627,-1464381.878078266,300.1496758556178,18.4
11500,22.99999999999813,-1841042.4978329223,-1463625.6428618457,300.6063427950827,18.3
12000,23.999999999997577,-1840539.4248967003,-1461930.7483122747,301.5556091877573,18.3
12500,24.999999999997023,-1842151.4814828597,-1466674.1340136165,299.06155683952585,18.3
13000,25.99999999999647,-1841725.5300434344,-1465992.4407541594,299.26525101006143,18.3
13500,26.999999999995914,-1842688.7428210322,-1466279.9387020688,299.80344680351806,18.3
14000,27.99999999999536,-1841649.3986623045,-1465684.3060878313,299.4500378264457,18.3
14500,28.999999999994806,-1841978.3811029606,-1465351.2851398808,299.97731268167763,18.2
15000,29.99999999999425,-1840646.5850305036,-1464939.515833592,299.24452643270996,18.2
15500,30.999999999993697,-1843177.2842409015,-1465963.4761971626,300.44461924342113,18.2
16000,31.999999999993143,-1840689.7513548993,-1463013.0275526892,300.8133240623592,18.2
16500,32.999999999994365,-1840284.3728737086,-1463043.2367570302,300.46638560587644,18.2
17000,33.99999999999559,-1843008.6187549215,-1467349.8941597727,299.20602074930366,18.2
17500,34.99999999999681,-1842702.4562811032,-1467123.549471425,299.142447190613,18.2
18000,35.99999999999803,-1845151.4587961435,-1469595.4130442943,299.1242387325225,18.1
18500,36.999999999999254,-1843042.664865302,-1465832.95886843,300.4413520302845,18.1
19000,38.000000000000476,-1847276.2678801995,-1469577.9670206127,300.83050983512175,18.1
19500,39.0000000000017,-1845376.3169394955,-1468718.3704339117,300.00188463344193,18.1
20000,40.00000000000292,-1844665.0111606624,-1467986.7526626955,300.0180628026593,18.1
20500,41.00000000000414,-1844170.7776893973,-1467223.8674322662,300.23203952824565,18.1
21000,42.000000000005365,-1844852.37069883,-1469058.0116747348,299.31405135023107,18.1
21500,43.00000000000659,-1843313.4412014354,-1466443.3006265177,300.1708937338705,18.1
22000,44.00000000000781,-1844520.0417720173,-1466849.0966230077,300.8087214597409,18.1
22500,45.00000000000903,-1846793.6294557918,-1470220.834526543,299.9340627976967,18.1
23000,46.00000000001025,-1844884.8435520288,-1470189.789409214,298.4384730192003,18.1
23500,47.000000000011475,-1847134.3296942264,-1470435.2296365674,300.0346627635636,18.1
24000,48.0000000000127,-1842704.5376628935,-1466813.411213826,299.3911250191452,18.1
24500,49.00000000001392,-1846714.7475170605,-1470492.4037374188,299.6549341975186,18.1
25000,50.00000000001514,-1846760.8363104053,-1469785.112967352,300.2549886792165,18.1
25500,51.000000000016364,-1848217.894029446,-1469957.3134522333,301.27835641991805,18.1
26000,52.000000000017586,-1845621.0377889182,-1468009.395544433,300.7614876676848,18.1
26500,53.00000000001881,-1846021.4107767418,-1470223.9973513167,299.3164841308583,18.1
27000,54.00000000002003,-1843183.527298553,-1466618.0642168333,299.9282231012374,18.1
27500,55.00000000002125,-1846978.1645608433,-1469849.186090761,300.3770538775349,18.1
28000,56.000000000022474,-1847658.2761317324,-1471314.510702374,299.751644552599,18.1
28500,57.0000000000237,-1844255.6196343526,-1465898.4437844395,301.3552929723677,18.1
29000,58.00000000002492,-1844477.5110285599,-1467484.34157555,300.2688842200251,18
29500,59.00000000002614,-1845551.1307926737,-1469524.387225101,299.4991418325896,18
30000,60.00000000002736,-1846044.007105466,-1469643.5483631485,299.796799847719,18
30500,61.000000000028585,-1846113.5107501876,-1469670.7828164787,299.8304665662815,18
31000,62.00000000002981,-1846880.5941615272,-1471488.0089619807,298.994045080141,18
31500,63.00000000003103,-1847531.7325687539,-1470980.4296750608,299.91694474342205,18
32000,64.00000000003224,-1845838.3460640758,-1470873.9419132152,298.65300588858327,18
32500,65.00000000002991,-1844131.0208027735,-1466717.680689156,300.60354326869066,18
33000,66.00000000002758,-1843791.8786768485,-1467105.0312392823,300.02490375236084,17.9
33500,67.00000000002525,-1845075.8402265776,-1466900.311189402,301.2106142614457,18
34000,68.00000000002292,-1844868.659502076,-1470081.3328023925,298.5119665992967,18
34500,69.00000000002059,-1843295.3817069158,-1466965.5827561165,299.74052048120114,18
35000,70.00000000001826,-1844529.9441450555,-1467478.144509202,300.3155822002817,18
35500,71.00000000001593,-1846152.2492838688,-1470382.3949494925,299.2945337662632,18
36000,72.0000000000136,-1846196.3531005103,-1470505.091896426,299.2319356253623,18
36500,73.00000000001127,-1844231.0021215193,-1467545.0319680166,300.02420500997454,18
37000,74.00000000000894,-1842565.096673794,-1465293.9562547365,300.490283541243,18
37500,75.00000000000661,-1846749.3868749812,-1470134.3291200022,299.9677244461146,18
38000,76.00000000000428,-1847568.641572237,-1469729.402133339,300.94276510493137,18
38500,77.00000000000195,-1847958.1283841021,-1472129.4854843142,299.3413578956412,18
39000,77.99999999999962,-1844646.1099691559,-1467541.618471075,300.35755040543904,18
39500,78.99999999999729,-1848213.3374437261,-1472827.6233155641,298.9885723843332,18
40000,79.99999999999496,-1846886.6684388835,-1470030.000364767,300.1601631076658,18
40500,80.99999999999262,-1847288.2176826969,-1471548.8322574669,299.27026577921714,18
41000,81.9999999999903,-1847173.992366789,-1468635.4249282149,301.49976840149316,17.9
41500,82.99999999998796,-1847582.5892103687,-1470584.2680322605,300.2729874846791,17.9
42000,83.99999999998563,-1845270.2378824763,-1468469.522358787,300.1155978177682,17.9
42500,84.9999999999833,-1847435.1334419902,-1469298.2309072698,301.17984888495266,17.9
43000,85.99999999998097,-1846710.7915204037,-1469284.0544559036,300.61421372062307,17.9
43500,86.99999999997864,-1846862.7500772737,-1470591.5994394287,299.69380806060826,17.9
44000,87.99999999997631,-1846164.8242420573,-1468861.719074723,300.5157429396541,17.9
44500,88.99999999997398,-1845711.436139442,-1467888.2955640792,300.92994262382945,17.9
45000,89.99999999997165,-1846980.6668381765,-1471758.4048450554,298.8583854361631,17.9
45500,90.99999999996932,-1847596.5683831368,-1469948.4462328232,300.79054331512646,17.9
46000,91.99999999996699,-1848555.871155003,-1470925.202955241,300.7766415294124,17.9
46500,92.99999999996466,-1843533.9129037354,-1468538.8819262183,298.6773996543396,17.9
47000,93.99999999996233,-1845326.606256269,-1466951.7440845687,301.3693798379643,17.9
47500,94.99999999996,-1848634.7730087992,-1472361.5873301972,299.6954289372366,17.9
48000,95.99999999995767,-1846686.1622196417,-1470308.389437317,299.7787308521869,17.9
48500,96.99999999995534,-1849157.438808661,-1472229.8764416683,300.216629250674,17.9
49000,97.999999999953,-1847764.8082055375,-1472815.5354282432,298.6409539973937,17.9
49500,98.99999999995067,-1847916.0550747272,-1470805.822903535,300.3621227575384,17.9
50000,99.99999999994834,-1845688.5574989207,-1467784.0853128675,300.99472191951054,17.9
50500,100.99999999994601,-1847637.2450267673,-1471932.030498514,299.2430492195038,17.9
51000,101.99999999994368,-1849104.781937385,-1471667.8216260285,300.6223563692846,17.9
51500,102.99999999994135,-1845197.9161763191,-1468808.7627211139,299.7877953717177,17.9
52000,103.99999999993902,-1846547.2914978787,-1470839.221938804,299.24532320478676,17.9
52500,104.99999999993669,-1847349.1583520882,-1470248.6244491837,300.35439824570744,17.9
53000,105.99999999993436,-1845175.186184127,-1467411.4753205734,300.88260783184785,17.9
53500,106.99999999993203,-1846897.153230494,-1470705.810434008,299.6302424222396,17.9
54000,107.9999999999297,-1845465.319505958,-1469202.4925563252,299.68717837929125,17.9
54500,108.99999999992737,-1845620.4162687268,-1468579.3942391002,300.30699801346225,17.9
55000,109.99999999992504,-1845384.046430966,-1467410.147558372,301.0500191381125,17.9
55500,110.99999999992271,-1846384.8162756395,-1470714.9048844273,299.2149308491252,17.9
56000,111.99999999992038,-1847179.3510180283,-1470952.7522359064,299.65832323729603,17.9
56500,112.99999999991805,-1845457.1520599257,-1468466.1729444168,300.26713965208376,17.9
57000,113.99999999991572,-1847240.5585006773,-1470165.732876439,300.33392202285836,17.9
57500,114.99999999991338,-1848774.8886957392,-1470419.4099360623,301.35394126779323,17.9
58000,115.99999999991105,-1849092.6050777715,-1472404.515645892,300.02589298048747,17.9
58500,116.99999999990872,-1850653.0336888507,-1473481.3378104642,300.4110775935267,17.9
59000,117.9999999999064,-1849412.6171567086,-1473541.0010721192,299.37558533342326,17.9
59500,118.99999999990406,-1846809.4919052757,-1470509.1778825496,299.71703621896194,17.9
60000,119.99999999990173,-1847291.0812081136,-1471241.9196337746,299.516997407766,17.9
60500,120.9999999998994,-1847863.7817215174,-1470577.2800150588,300.5025185550359,17.9
61000,121.99999999989707,-1847929.9786229748,-1472513.3007096278,299.0132345320381,17.9
61500,122.99999999989474,-1848252.2522683851,-1471284.1254756362,300.24893815133254,17.9
62000,123.99999999989241,-1845953.949073311,-1470018.0290180377,299.42680239275666,17.9
62500,124.99999999989008,-1849056.7849611752,-1470200.6980173523,301.752667486369,17.8
63000,125.99999999988775,-1848365.657624092,-1473253.1215036917,298.77099057588015,17.8
63500,126.99999999988542,-1845957.8420121577,-1468738.5106252185,300.4490184958064,17.8
64000,127.99999999988309,-1849724.9926937819,-1473757.3071820606,299.4521030584908,17.9
64500,128.99999999988785,-1848236.5491567217,-1473445.4898772766,298.51493953793624,17.8
65000,129.99999999989262,-1846881.9097832553,-1468779.9325740868,301.1520314352367,17.8
65500,130.9999999998974,-1844824.1376942042,-1467834.1994796498,300.26631059152385,17.8
66000,131.99999999990217,-1848818.7325035874,-1472561.7012881492,299.6825621719409,17.8
66500,132.99999999990695,-1846866.5689068697,-1470971.4980121008,299.39426670553524,17.8
67000,133.99999999991172,-1846445.4938880038,-1469153.3577973477,300.50700624975644,17.8
67500,134.9999999999165,-1848257.3705682643,-1471384.2531444668,300.17326474524174,17.8
68000,135.99999999992127,-1846629.844067229,-1468795.1937892786,300.93910991340823,17.8
68500,136.99999999992605,-1847650.722744003,-1471345.785912016,299.7207182108154,17.8
69000,137.99999999993082,-1848948.1094319057,-1471084.9520455552,300.961815358295,17.8
69500,138.9999999999356,-1850286.3488081247,-1473071.5760859558,300.44538759398915,17.8
70000,139.99999999994037,-1851042.5035201684,-1474600.089073483,299.8302168790024,17.8
70500,140.99999999994515,-1847437.175324725,-1470366.4670224567,300.3306426433522,17.8
71000,141.99999999994992,-1847820.7608267479,-1469667.8769150544,301.19257778993244,17.8
71500,142.9999999999547,-1851615.8401067406,-1474974.6317658764,299.98855295941854,17.8
72000,143.99999999995947,-1849396.235963598,-1472068.0237251115,300.5357403105664,17.8
72500,144.99999999996425,-1849493.7018929478,-1473418.1124400212,299.5380467801654,17.8
73000,145.99999999996902,-1848745.8582213037,-1472405.3822233637,299.7490245743558,17.8
73500,146.9999999999738,-1849672.9291861467,-1475334.5009719771,298.1544263086626,17.8
74000,147.99999999997857,-1846214.992732659,-1469735.43680673,299.8597994588325,17.8
74500,148.99999999998334,-1847274.4954698216,-1469624.1468219338,300.79231668397364,17.8
75000,149.99999999998812,-1847285.2959367726,-1471833.9184572436,299.0408721681139,17.8
75500,150.9999999999929,-1845954.33889856,-1471106.8249432656,298.55990476250753,17.8
76000,151.99999999999767,-1846651.5274960604,-1469217.1617083293,300.620289873716,17.8
76500,153.00000000000244,-1848547.316712642,-1471175.2753641743,300.5706494787339,17.8
77000,154.00000000000722,-1847171.8773594704,-1472368.3811559577,298.5248453442359,17.8
77500,155.000000000012,-1850090.7981347516,-1470687.4986867104,302.1885132824914,17.8
78000,156.00000000001677,-1844250.0957150906,-1467733.4239384974,299.889361625919,17.8
78500,157.00000000002154,-1848145.0079730991,-1470847.9459682712,300.5109296597064,17.8
79000,158.00000000002632,-1847098.057547519,-1470833.556254247,299.68851196657374,17.8
79500,159.0000000000311,-1846155.7555749714,-1468812.8736098444,300.54742450754145,17.8
80000,160.00000000003587,-1848250.9182321057,-1472907.843173984,298.9546110634856,17.8
80500,161.00000000004064,-1849537.2551883757,-1472240.689348775,300.51053447223035,17.8
81000,162.00000000004542,-1848459.5511595365,-1471710.6723132222,300.0743107533375,17.8
81500,163.0000000000502,-1847717.0393531546,-1471405.9003510696,299.72565813770507,17.9
82000,164.00000000005497,-1846755.0509597398,-1470489.3901146606,299.6894355305945,17.9
82500,165.00000000005974,-1850277.164103631,-1473830.1495360476,299.83388079994626,17.9
83000,166.00000000006452,-1848975.2825896647,-1471298.2964497716,300.8135330100265,17.9
83500,167.0000000000693,-1849021.7388070151,-1471406.7280609268,300.7641706240346,17.8
84000,168.00000000007407,-1847335.3579954524,-1470325.0563675077,300.28252971673095,17.8
84500,169.00000000007884,-1849251.0450399965,-1471840.2708482319,300.6014995539655,17.8
85000,170.00000000008362,-1848056.5810752362,-1470481.2613315359,300.732557390782,17.8
85500,171.0000000000884,-1847912.14928923,-1470388.1225298448,300.69170336896786,17.9
86000,172.00000000009317,-1847874.2675607055,-1472407.6651003012,299.05299861599184,17.9
86500,173.00000000009794,-1849971.2292936835,-1473942.8559766137,299.50043990136834,17.9
87000,174.00000000010272,-1846901.4450872038,-1471134.9557225462,299.29185362300143,17.9
87500,175.0000000001075,-1849795.280054303,-1471702.9466346959,301.14435031481884,17.9
88000,176.00000000011227,-1848938.4347413965,-1472746.7700797427,299.63049878257345,17.9
88500,177.00000000011704,-1849498.998363167,-1472241.6117657009,300.4793288476366,17.9
89000,178.00000000012182,-1850520.7322871163,-1473712.683267139,300.12143882743715,17.9
89500,179.0000000001266,-1848552.9711320978,-1471339.13771358,300.44463945401714,17.9
90000,180.00000000013137,-1848021.211506758,-1471425.840696771,299.95204411690577,17.9
90500,181.00000000013614,-1848017.9257451668,-1470448.5480596432,300.7278246387767,17.9
91000,182.00000000014091,-1849583.918780068,-1474389.2113006632,298.83643871733824,17.9
91500,183.0000000001457,-1849594.3547618147,-1473330.7160839941,299.6878249074967,17.9
92000,184.00000000015046,-1850096.3894361164,-1473330.0878646753,300.0881876685122,17.9
92500,185.00000000015524,-1849092.5963763166,-1471579.457426432,300.68303140704586,17.9
93000,186.00000000016001,-1849889.7357060239,-1474722.4696642722,298.8145820617458,17.9
93500,187.0000000001648,-1850966.9935604874,-1474954.4074657317,299.4878656373941,17.9
94000,188.00000000016956,-1848577.9679847062,-1472569.6510391668,299.48446532997303,17.9
94500,189.00000000017434,-1849118.48857042,-1470249.1652182303,301.7632100688174,17.9
95000,190.0000000001791,-1849711.0313852336,-1471959.8142139623,300.87265681059506,17.9
95500,191.0000000001839,-1851428.9184551034,-1473839.0806324272,300.74412080287607,17.9
96000,192.00000000018866,-1849868.727428386,-1471743.4337062659,301.170602655872,17.9
96500,193.00000000019344,-1848211.2983451653,-1470476.1696014428,300.85984264158526,17.9
97000,194.0000000001982,-1849785.81001902,-1475011.3100194982,298.5017503427228,17.9
97500,195.000000000203,-1850408.5919059385,-1475713.8914523658,298.4381913115124,17.9
98000,196.00000000020776,-1847650.6573020704,-1472689.1472677237,298.6507007721864,17.9
98500,197.00000000021254,-1849708.2356660347,-1474579.290254145,298.78406030776307,17.9
99000,198.0000000002173,-1850707.682942111,-1473983.9125312609,300.0543122957734,17.9
99500,199.0000000002221,-1849155.7830016855,-1471493.9668048506,300.80145039886855,17.9
100000,200.00000000022686,-1849670.0138284191,-1471726.5536091737,301.0257752493137,17.9
100500,201.00000000023164,-1849032.2135206517,-1471682.8128449498,300.5526165537362,17.9
101000,202.0000000002364,-1847178.790100012,-1469922.2794261521,300.4786311888321,17.9
101500,203.0000000002412,-1844315.023579456,-1466659.5030366434,300.79643601356423,17.9
102000,204.00000000024596,-1848275.8441495672,-1472759.1444851104,299.09290021841383,17.9
102500,205.00000000025074,-1848254.3942718878,-1472426.5881978846,299.34069137761117,17.9
103000,206.0000000002555,-1847703.3408710472,-1471176.732686835,299.8972758118264,17.9
103500,207.0000000002603,-1847474.8254636433,-1469601.0352360317,300.97028424219053,17.9
104000,208.00000000026506,-1851015.0405347329,-1474682.9476117743,299.74234759245,17.9
104500,209.00000000026984,-1850000.6957969386,-1472856.7530049044,300.38897271485007,17.9
105000,210.0000000002746,-1848874.4147580806,-1472086.3144958545,300.1055499686542,17.9
105500,211.00000000027939,-1846081.4334906675,-1468476.8929149657,300.75583130482585,17.9
106000,212.00000000028416,-1848505.9920122065,-1471528.8606139794,300.25611017209803,17.9
106500,213.00000000028894,-1847230.217526544,-1470452.3747240175,300.0973800700231,17.9
107000,214.0000000002937,-1849107.7625058666,-1472592.348205173,299.8883600669627,17.9
107500,215.00000000029848,-1847830.649288753,-1472219.2592244616,299.16831957082803,17.9
108000,216.00000000030326,-1848384.164749166,-1474022.1837129728,298.173185745603,17.9
108500,217.00000000030803,-1849810.0286592003,-1473826.6813439112,299.4645774284881,17.9
109000,218.0000000003128,-1847902.0440875106,-1470977.8104275418,300.2139779900544,17.9
109500,219.00000000031758,-1848570.8423677534,-1471025.3873729438,300.708770607483,17.9
110000,220.00000000032236,-1849012.0657205507,-1472306.335462486,300.0399436095825,17.9
110500,221.00000000032713,-1848633.5657251365,-1471014.5097199902,300.767392606612,17.9
111000,222.0000000003319,-1849134.5960321818,-1473013.2113846175,299.5745219025566,17.9
111500,223.00000000033668,-1849024.9593073055,-1473686.236254205,298.95114476277337,17.9
112000,224.00000000034146,-1848484.3289294858,-1472656.124838962,299.3410083912501,17.9
112500,225.00000000034623,-1849811.7923257034,-1473573.0505686137,299.66799491795274,17.9
113000,226.000000000351,-1848210.4715592023,-1473365.9888271352,298.55749044285926,17.9
113500,227.00000000035578,-1849230.629885478,-1471294.638130601,301.01982673977983,17.9
114000,228.00000000036056,-1847377.9430012908,-1469978.5373269992,300.59244471601744,17.9
114500,229.00000000036533,-1849021.7848272305,-1473221.1962216916,299.31901310980874,17.9
115000,230.0000000003701,-1849326.6257532425,-1472287.1710688707,300.3057496486403,17.9
115500,231.00000000037488,-1848027.7180621978,-1471616.18744492,299.80561841476475,17.9
116000,232.00000000037966,-1848337.2501281127,-1474615.6221951353,297.6631549880472,17.9
116500,233.00000000038443,-1848067.1956914961,-1471023.3737240825,300.3092281180459,17.9
117000,234.0000000003892,-1849376.9534053002,-1472625.7086985444,300.0761951224259,17.9
117500,235.00000000039398,-1847954.7241310775,-1472311.6663612155,299.1935423795895,17.9
118000,236.00000000039876,-1847900.812195871,-1470854.6172274898,300.311118174446,17.9
118500,237.00000000040353,-1848051.2240848616,-1471906.2961009054,299.5932737843466,17.9
119000,238.0000000004083,-1846631.5090990178,-1469155.6183267427,300.65336384371494,17.9
119500,239.00000000041308,-1849486.3328863624,-1472124.9891823276,300.5621289801733,17.9
120000,240.00000000041786,-1850178.0491699409,-1473484.0607844049,300.03059140044826,17.9
120500,241.00000000042263,-1849445.4339811988,-1473412.4357091407,299.50412360225846,17.9
121000,242.0000000004274,-1849755.5679375231,-1473990.7306658712,299.2905377579843,17.9
121500,243.00000000043218,-1847989.262366509,-1472147.9753305672,299.3514287429735,17.9
122000,244.00000000043696,-1850609.8489307389,-1474093.7322798022,299.8889194774267,17.9
122500,245.00000000044173,-1846464.665183125,-1471382.5569461547,298.7467552651451,17.9
123000,246.0000000004465,-1848575.4847196788,-1471971.6800451367,299.958761551875,17.9
123500,247.00000000045128,-1849842.626672972,-1473559.241625158,299.7035525677455,17.9
124000,248.00000000045605,-1849024.4944096338,-1472139.273713061,300.18290480375254,17.9
124500,249.00000000046083,-1848887.1909425743,-1472405.25661301,299.861693818369,17.9
125000,250.0000000004656,-1849715.5107906759,-1472849.9777164878,300.16722393501163,17.8
125500,251.00000000047038,-1850768.99772284,-1473443.455154006,300.53361396241814,17.8
126000,252.00000000047515,-1849592.129013719,-1473364.994822446,299.6587496819147,17.8
126500,253.00000000047993,-1847894.830505753,-1471566.4805982315,299.739366341966,17.9
127000,254.0000000004847,-1851268.6519520488,-1474056.5276067592,300.44327820518583,17.8
127500,255.00000000048948,-1847901.4083837457,-1472461.3167221004,299.0318831990342,17.8
128000,256.00000000049425,-1849849.149267638,-1473510.670881226,299.7474335094953,17.8
128500,257.000000000499,-1845539.8823046647,-1470154.7602076693,298.98810084120674,17.8
129000,258.0000000005038,-1848737.3916184101,-1472188.353343796,299.91514101142064,17.8
129500,259.0000000005086,-1848252.0106566157,-1471365.7948397268,300.18369740078396,17.8
130000,260.00000000051335,-1847762.0859596506,-1471586.1585880574,299.6179642888212,17.8
130500,261.0000000005181,-1848405.8598763198,-1470938.1974172513,300.64681012702795,17.8
131000,262.0000000005229,-1848158.1018123217,-1472409.288387145,299.2777750267418,17.8
131500,263.0000000005277,-1850997.2515061758,-1473745.2649033333,300.4750278403723,17.8
132000,264.00000000053245,-1846879.4920781888,-1471278.9037384978,299.159716174119,17.8
132500,265.0000000005372,-1848901.937813798,-1472637.3944693191,299.6885454596712,17.8
133000,266.000000000542,-1851285.1467491612,-1475074.3094658516,299.64576946166966,17.8
133500,267.0000000005468,-1848263.4281047266,-1471656.0806175126,299.96158334413605,17.8
134000,268.00000000055155,-1848787.964891361,-1471836.067153715,300.23601197477933,17.8
134500,269.0000000005563,-1848687.4119102042,-1471481.1959509973,300.438572272452,17.8
135000,270.0000000005611,-1849945.329432616,-1474132.0020421303,299.3291593433541,17.8
135500,271.0000000005659,-1849017.5275507718,-1472049.63493601,300.24875163240176,17.8
136000,272.00000000057065,-1850509.8604729958,-1473546.7441006256,300.24494743357303,17.8
136500,273.0000000005754,-1850142.7347993273,-1472686.420031336,300.6377718769633,17.8
137000,274.0000000005802,-1848776.7733959313,-1472237.725858016,299.9071835532912,17.8
137500,275.000000000585,-1850414.8596347068,-1475492.4039449873,298.61959462641136,17.8
138000,276.00000000058975,-1850587.923908271,-1475566.7508345498,298.6982214057515,17.8
138500,277.0000000005945,-1850583.1939653251,-1474263.0033641327,299.7328675881267,17.8
139000,278.0000000005993,-1849838.495533526,-1473018.0006382423,300.13135176325164,17.8
139500,279.0000000006041,-1850549.7836683001,-1475001.299736568,299.11821586666383,17.8
140000,280.00000000060885,-1848223.498341566,-1469784.5369879317,301.42043378641296,17.8
140500,281.0000000006136,-1847818.7654962894,-1472057.2636511796,299.2878811453786,17.8
141000,282.0000000006184,-1846545.7069677785,-1470800.079042895,299.2752378279374,17.8
141500,283.0000000006232,-1848318.3379217777,-1470934.2053853085,300.58027991192023,17.8
142000,284.00000000062795,-1852286.7169323396,-1473967.7832333772,301.32483372555197,17.8
142500,285.0000000006327,-1851887.1135950312,-1476565.8282166112,298.93725594052404,17.8
143000,286.0000000006375,-1851485.9463359434,-1474246.585273378,300.4649718043513,17.8
143500,287.0000000006423,-1849722.1758428495,-1471643.5292173894,301.1334490074743,17.8
144000,288.00000000064705,-1851230.1779762805,-1474665.5008131186,299.92759712997963,17.8
144500,289.0000000006518,-1846885.7564639915,-1470108.7692186672,300.096698632726,17.8
145000,290.0000000006566,-1849699.6309172548,-1472664.3357154562,300.30243668890415,17.8
145500,291.0000000006614,-1849889.0670205262,-1472522.6550865404,300.5661657423102,17.8
146000,292.00000000066615,-1847847.8411706649,-1473488.7451602733,298.1708878698094,17.8
146500,293.0000000006709,-1847226.01741435,-1469975.9678875166,300.47348499106096,17.8
147000,294.0000000006757,-1847690.251848109,-1472060.1302618957,299.18323892121145,17.8
147500,295.0000000006805,-1846551.1814747397,-1472288.646049375,298.0939789455238,17.8
148000,296.00000000068525,-1848275.0805357546,-1472952.6504937331,298.9381676463326,17.8
148500,297.00000000069,-1851378.5582219549,-1474979.4805836393,299.7956998210043,17.8
149000,298.0000000006948,-1852633.9563474208,-1475131.8179134117,300.6742696763424,17.8
149500,299.0000000006996,-1849394.8415447325,-1474062.48158175,298.94607666572335,17.8
150000,300.00000000070435,-1848153.5932826456,-1470991.0105672106,300.4038191085118,17.8
150500,301.0000000007091,-1848750.2879785504,-1472267.1939263637,299.8626175184412,17.8
151000,302.0000000007139,-1846921.8736484554,-1470039.6499804682,300.18051771957613,17.8
151500,303.00000000071867,-1848308.8567234352,-1473372.658433881,298.6305403820724,17.8
152000,304.00000000072345,-1848973.712245129,-1471258.1103980197,300.8442897882887,17.8
152500,305.0000000007282,-1849912.651080398,-1475441.4930178698,298.2601434587297,17.8
153000,306.000000000733,-1848376.175640436,-1471715.4453749633,300.0041018525947,17.8
153500,307.00000000073777,-1849392.9994353354,-1472286.5984254666,300.35907130029995,17.8
154000,308.00000000074255,-1848098.9410790522,-1470830.6132915628,300.4880433262706,17.8
154500,309.0000000007473,-1850245.6081490163,-1473625.5480070827,299.97170876538337,17.8
155000,310.0000000007521,-1851438.7798864078,-1476802.1530644097,298.3919366152249,17.8
155500,311.00000000075687,-1848416.5999471657,-1471884.0313303627,299.9020231987515,17.8
156000,312.00000000076164,-1848688.4244658854,-1471232.2678838214,300.63764588446315,17.8
156500,313.0000000007664,-1848013.0534275454,-1471886.877868379,299.5783377851713,17.8
157000,314.0000000007712,-1850806.6288327798,-1473997.1282576807,300.1225949673146,17.8
157500,315.00000000077597,-1848086.0566089042,-1471589.7141443775,299.87316966185756,17.8
158000,316.00000000078074,-1849006.131101124,-1472747.4006391237,299.6839155939935,17.8
158500,317.0000000007855,-1848430.9052680396,-1473074.5061954062,298.9652234227932,17.8
159000,318.0000000007903,-1850532.5517495759,-1476206.31461119,298.144716316494,17.8
159500,319.00000000079507,-1849046.0745695364,-1471697.4774926407,300.55197650045005,17.8
160000,320.00000000079984,-1850144.3842341006,-1474318.3709768392,299.3392634284429,17.8
160500,321.0000000008046,-1849868.6029210333,-1473388.7948278072,299.86000030595415,17.8
161000,322.0000000008094,-1849771.80548691,-1473093.9662210615,300.01772889114403,17.8
161500,323.00000000081417,-1849934.774288306,-1472853.7275613556,300.33887702926546,17.8
162000,324.00000000081894,-1849852.9406272192,-1474055.2321005433,299.31671917417077,17.8
162500,325.0000000008237,-1851643.2523055281,-1474861.0787787824,300.10082942092555,17.8
163000,326.0000000008285,-1850693.1004284695,-1474871.6471329473,299.3356314936112,17.8
163500,327.00000000083327,-1849022.758296037,-1471431.2595020377,300.745443739328,17.8
164000,328.00000000083804,-1849443.8849841636,-1472730.0972728422,300.04636123911797,17.8
164500,329.0000000008428,-1851104.523823686,-1474779.120329598,299.73701957192935,17.8
165000,330.0000000008476,-1848771.1046085376,-1470673.3471048211,301.14867050896413,17.8
165500,331.00000000085237,-1851162.9960712325,-1473921.6209651818,300.4665759569967,17.8
166000,332.00000000085714,-1852095.200475296,-1475936.3353325597,299.60437450302067,17.8
166500,333.0000000008619,-1849259.7065746784,-1473506.6222493572,299.2811767287483,17.8
167000,334.0000000008667,-1849268.6556968372,-1472504.7675273828,300.086265433362,17.8
167500,335.00000000087147,-1849242.8865312245,-1472713.685151461,299.89934124960575,17.8
168000,336.00000000087624,-1851044.6187816635,-1473532.2011977816,300.6824568508409,17.8
168500,337.000000000881,-1849907.8468188345,-1473779.417616431,299.58013277509457,17.8
169000,338.0000000008858,-1851185.4768979978,-1473627.1016821903,300.7190613518711,17.8
169500,339.00000000089057,-1849242.802728394,-1472250.1460785246,300.2684757807234,17.8
170000,340.00000000089534,-1847800.1587672401,-1471885.675496855,299.4097283447336,17.8
170500,341.0000000009001,-1848484.2792917266,-1472554.2941155103,299.4220753588027,17.8
171000,342.0000000009049,-1848168.2447526064,-1471308.6155982243,300.16252155959387,17.8
171500,343.00000000090967,-1849868.4064162076,-1473668.218397684,299.63728749670537,17.8
172000,344.00000000091444,-1849194.47914912,-1472224.9176154095,300.250080899007,17.8
172500,345.0000000009192,-1850228.7087459285,-1474067.7862939488,299.60601311613374,17.8
173000,346.000000000924,-1851586.8790379763,-1476243.9635396474,298.9544839767243,17.8
173500,347.00000000092876,-1851360.7483753823,-1474653.4867371856,300.0411633287729,17.8
174000,348.00000000093354,-1850622.4587479364,-1473919.2463305788,300.03793819070205,17.8
174500,349.0000000009383,-1849868.8173118513,-1472656.765612777,300.4432203436653,17.8
175000,350.0000000009431,-1848517.9431584384,-1470987.9841251385,300.6964283279687,17.8
175500,351.00000000094786,-1847625.7883296162,-1473222.0033585646,298.2064818949581,17.8
176000,352.00000000095264,-1850630.6839879155,-1473303.1347487937,300.5352122424324,17.8
176500,353.0000000009574,-1851114.7488588523,-1473391.884753448,300.85007405806294,17.8
177000,354.0000000009622,-1850143.6718816701,-1471954.762823451,301.2212712290385,17.8
177500,355.00000000096696,-1848234.3936704732,-1472190.5302023706,299.5127775529333,17.8
178000,356.00000000097174,-1849394.1273837723,-1472147.0829062678,300.47109151849384,17.8
178500,357.0000000009765,-1849827.455904305,-1473360.1529370246,299.85004017797564,17.8
179000,358.0000000009813,-1849249.4573589768,-1473916.4863734192,298.94656333519583,17.8
179500,359.00000000098606,-1849369.3245395832,-1471905.0085838772,300.6441446919163,17.8
180000,360.00000000099084,-1850422.7726335377,-1473659.0090631968,300.086166192209,17.8
180500,361.0000000009956,-1848786.7296082005,-1472785.51457,299.47880877710867,17.8
181000,362.0000000010004,-1849656.934663795,-1472663.6895242434,300.2689445031157,17.8
181500,363.00000000100516,-1848432.6722255405,-1471112.4800409917,300.52935246897573,17.8
182000,364.00000000100994,-1850135.0208196584,-1472559.8739163652,300.7324197262287,17.8
182500,365.0000000010147,-1848964.1190647446,-1473367.5969839282,299.1564774655317,17.8
183000,366.0000000010195,-1848621.587470116,-1471530.8313592132,300.346610394541,17.8
183500,367.00000000102426,-1848470.3475696854,-1471727.7253980525,300.06932741444,17.8
184000,368.00000000102904,-1850544.6032502372,-1473587.463430492,300.24018720730476,17.8
184500,369.0000000010338,-1848554.3910053503,-1470880.7289206695,300.81088545449893,17.8
185000,370.0000000010386,-1849058.3105174266,-1473432.1628871593,299.1800737303949,17.8
185500,371.00000000104336,-1850658.5570265409,-1473539.881413631,300.3688478205608,17.8
186000,372.00000000104814,-1851616.4297857545,-1474539.6592414414,300.3354711198397,17.8
186500,373.0000000010529,-1850114.9828139879,-1473503.0954704457,299.96519926533716,17.8
187000,374.0000000010577,-1852961.280401675,-1477221.8381730998,299.2703110221512,17.8
187500,375.00000000106246,-1850168.0090725292,-1473211.2600532868,300.23987594110554,17.8
188000,376.00000000106724,-1851686.3457150962,-1475834.3039936938,299.3599946737782,17.8
188500,377.000000001072,-1849638.0995482188,-1472904.7851390322,300.0619139341151,17.8
189000,378.0000000010768,-1849203.7261737846,-1472773.064870185,299.8208556930542,17.8
189500,379.00000000108156,-1852499.9314094707,-1475862.0574282967,299.98589719654296,17.8
190000,380.00000000108633,-1851544.538041586,-1475788.7001929884,299.2833698649345,17.8
190500,381.0000000010911,-1848807.7760018762,-1471795.1741134361,300.28436183653656,17.8
191000,382.0000000010959,-1849542.01569389,-1474126.3162678182,299.01245518295116,17.8
191500,383.00000000110066,-1849305.1076377798,-1472864.2160264265,299.82900396560484,17.9
192000,384.00000000110543,-1851847.624857625,-1475443.3218694543,299.79986172657135,17.9
192500,385.0000000011102,-1850772.3576453552,-1475135.396200109,299.1886867568923,17.9
193000,386.000000001115,-1850824.9761123415,-1474407.3958482095,299.81043685938914,17.9
193500,387.00000000111976,-1850045.6495303567,-1473988.6715952314,299.5232230110983,17.9
194000,388.00000000112453,-1849208.2156779133,-1474276.568135347,298.62691578663885,17.9
194500,389.0000000011293,-1851182.8530443255,-1475128.6792979839,299.52098952066547,17.9
195000,390.0000000011341,-1850817.4949594568,-1473628.3944098554,300.42494012905627,17.9
195500,391.00000000113886,-1848750.2776281647,-1472924.8841862972,299.3387697556347,17.9
196000,392.00000000114363,-1849858.914182052,-1473846.3106152723,299.48787955357517,17.9
196500,393.0000000011484,-1850333.7739616781,-1475108.0184973623,298.8611679287457,17.9
197000,394.0000000011532,-1850171.3178605158,-1473190.509887624,300.25903850359526,17.9
197500,395.00000000115796,-1848281.2215060368,-1471141.7890155623,300.3853803335379,17.9
198000,396.00000000116273,-1849083.3782858737,-1471373.719246162,300.8395564395412,17.9
198500,397.0000000011675,-1851195.8972651046,-1473187.963935153,301.0771270259044,17.9
199000,398.0000000011723,-1849784.0782805253,-1473744.7095184238,299.5091975932279,17.9
199500,399.00000000117706,-1849315.4239122532,-1473075.1416519333,299.66922190354177,17.9
200000,400.00000000118183,-1850955.622681005,-1471942.306558452,301.8778979517714,17.9
200500,401.0000000011866,-1849179.686836023,-1473334.5043669504,299.3545313916538,17.9
201000,402.0000000011914,-1849301.2812687345,-1472198.7835050453,300.3559624286539,17.9
201500,403.00000000119616,-1848550.921494577,-1473149.2506551715,299.0012816434635,17.9
202000,404.00000000120093,-1852786.9148765896,-1476084.4214469155,300.0373655287892,17.9
202500,405.0000000012057,-1850614.7953496426,-1473525.0243716394,300.34582575232326,17.9
203000,406.0000000012105,-1850916.2996463738,-1474801.537813228,299.5692469393558,17.9
203500,407.00000000121526,-1848839.7821236663,-1470896.3656649748,301.0257403947493,17.9
204000,408.00000000122003,-1849014.1095928196,-1472928.3807640285,299.5461226269556,17.9
204500,409.0000000012248,-1849118.321353184,-1472304.8243520414,300.1257780551958,17.9
205000,410.0000000012296,-1849727.5440163221,-1473278.8956835535,299.83518206715485,17.9
205500,411.00000000123435,-1848280.5433061626,-1471661.6563825512,299.9707743162074,17.9
206000,412.00000000123913,-1848801.4333331212,-1472724.0565732943,299.5394703408348,17.9
206500,413.0000000012439,-1849628.137203494,-1474927.710923219,298.44275183869007,17.9
207000,414.0000000012487,-1851394.3690883294,-1475020.2512671459,299.7758197355073,17.9
207500,415.00000000125345,-1849868.652794363,-1473735.9708255928,299.583520033844,17.9
208000,416.00000000125823,-1847967.923752917,-1471421.647783157,299.91294088085175,17.9
208500,417.000000001263,-1848377.4270400424,-1471373.760321132,300.2772451203667,17.9
209000,418.0000000012678,-1847637.576580787,-1469302.2453334555,301.33789410423174,17.9
209500,419.00000000127255,-1849678.642168235,-1472648.2686764514,300.29851662749627,17.9
210000,420.00000000127733,-1848858.9571891315,-1470253.0569834288,301.55339784758235,17.9
210500,421.0000000012821,-1848592.971686596,-1470519.345178593,301.1294505661505,17.9
211000,422.0000000012869,-1850514.9168022182,-1471931.4355728696,301.5355415001451,17.9
211500,423.00000000129165,-1848913.5161991417,-1473664.2398054744,298.8799019636949,17.9
212000,424.0000000012964,-1850164.1302693803,-1473017.6689353473,300.39097869229767,17.9
212500,425.0000000013012,-1852359.06480957,-1474591.803174131,300.88543596349206,17.9
213000,426.000000001306,-1849389.568628244,-1472006.4240056959,300.57949305466445,17.9
213500,427.00000000131075,-1850524.1895351037,-1473729.3882977678,300.1108871855653,17.9
214000,428.0000000013155,-1850611.5411166549,-1475125.4207550136,299.0685443046185,17.9
214500,429.0000000013203,-1850269.640704235,-1473830.4937935024,299.82761434013906,17.9
215000,430.0000000013251,-1848024.9298619628,-1471711.2916816783,299.72764869220384,17.9
215500,431.00000000132985,-1849293.7543756682,-1473463.3179160177,299.34278643669285,17.9
216000,432.0000000013346,-1850692.6457345448,-1474493.205739094,299.6366917085809,17.9
216500,433.0000000013394,-1848491.1874214578,-1470717.4362513043,300.8906047715919,17.9
217000,434.0000000013442,-1849018.4882669542,-1471048.1143591073,301.04721156143137,17.9
217500,435.00000000134895,-1850203.6432927474,-1473271.989814043,300.21988775413894,17.9
218000,436.0000000013537,-1851148.4256929215,-1475030.104851117,299.5720816314549,17.9
218500,437.0000000013585,-1849481.721495986,-1473667.5099204849,299.3298635822358,17.9
219000,438.0000000013633,-1849408.6922220774,-1472315.9186901988,300.3482172373023,17.9
219500,439.00000000136805,-1850061.3584622424,-1472934.1026895063,300.37568177731714,17.9
220000,440.0000000013728,-1852265.03463047,-1475334.6956118955,300.2188408081766,17.9
220500,441.0000000013776,-1849807.6858554762,-1473979.319741951,299.3411374399167,17.9
221000,442.0000000013824,-1845082.1700076517,-1468595.1075610819,299.86577827956404,17.9
221500,443.00000000138715,-1849392.4203160573,-1472880.805042448,299.88533420411903,17.9
222000,444.0000000013919,-1848172.2167705446,-1470288.147647338,300.978471214161,17.9
222500,445.0000000013967,-1847893.0771470852,-1471424.0948194212,299.8513777610129,17.9
223000,446.0000000014015,-1847360.6787196733,-1470732.9236601037,299.9778376412356,17.9
223500,447.00000000140625,-1847920.6704628877,-1471894.0817465247,299.4990184961376,17.9
224000,448.000000001411,-1851473.078541005,-1476187.4029362933,298.90889333906307,17.9
224500,449.0000000014158,-1849504.3563515153,-1473216.0780964915,299.7074499271361,17.9
225000,450.0000000014206,-1848046.1497877184,-1470479.4866780625,300.7256625235636,17.9
225500,451.00000000142535,-1848876.2109618708,-1472538.915378421,299.7464914263104,17.9
226000,452.0000000014301,-1849844.6225380357,-1472329.258383712,300.68480374593213,17.9
226500,453.0000000014349,-1850495.7895334791,-1472848.5070983851,300.7898744957088,17.9
227000,454.0000000014397,-1848799.4307564963,-1472447.268834872,299.75833222115176,17.9
227500,455.00000000144445,-1851996.8137455042,-1476358.366181915,299.1898704258096,17.9
228000,456.0000000014492,-1851994.2995620556,-1475465.7469106803,299.898824548071,17.9
228500,457.000000001454,-1851976.6462931857,-1476745.796603969,298.8652253954343,17.9
229000,458.0000000014588,-1849998.5536129493,-1474340.7629654072,299.20527687533314,17.9
229500,459.00000000146355,-1849305.293966459,-1472339.8163427517,300.2468281315852,17.9
230000,460.0000000014683,-1848984.473324079,-1472316.441667773,300.0099172907948,17.9
230500,461.0000000014731,-1851979.772673089,-1473085.051527456,301.7834389952722,17.9
231000,462.0000000014779,-1849170.4677440803,-1472474.8816268863,300.03186396754256,17.9
231500,463.00000000148265,-1846911.6283448413,-1471518.679712367,298.994334548515,17.9
232000,464.0000000014874,-1848666.8934520837,-1471729.3812327445,300.22455414508676,17.9
232500,465.0000000014922,-1848511.2429508623,-1471560.5887727356,300.23502149999206,17.9
233000,466.00000000149697,-1848526.262442736,-1471614.5890548164,300.20397393910804,17.9
233500,467.00000000150175,-1850947.3499697316,-1474650.5900367904,299.71420544466514,17.9
234000,468.0000000015065,-1851132.5703595001,-1474944.517261102,299.62762223159865,17.9
234500,469.0000000015113,-1850502.5449346453,-1474530.1091349376,299.4558865850611,17.9
235000,470.00000000151607,-1850432.941846313,-1473798.1778493887,299.9834201450304,17.9
235500,471.00000000152085,-1850741.5501928795,-1472916.1406302894,300.93174983498915,17.9
236000,472.0000000015256,-1850765.6299041025,-1473526.8438497987,300.46451381968984,17.9
236500,473.0000000015304,-1851183.11096989,-1474096.6774955858,300.34316748529614,17.9
237000,474.00000000153517,-1850301.3677727766,-1474268.0032226848,299.5044153367126,17.9
237500,475.00000000153995,-1850399.8488280512,-1472574.3060738796,300.9318559199023,17.9
238000,476.0000000015447,-1849583.8918863814,-1472039.9798365997,300.7075416770423,17.9
238500,477.0000000015495,-1848488.1600237824,-1472880.4838996788,299.16536147830374,17.9
239000,478.00000000155427,-1850146.9584457558,-1473095.021222609,300.31569178630707,17.9
239500,479.00000000155904,-1851239.8388861492,-1475636.3058313658,299.16206159145474,17.9
240000,480.0000000015638,-1848522.716149643,-1471407.0112802226,300.366481672033,17.9
240500,481.0000000015686,-1848976.2271694392,-1471416.5075709024,300.7201321306939,17.9
241000,482.00000000157337,-1847807.5195971485,-1470006.492128573,300.91232989649205,17.9
241500,483.00000000157814,-1851106.2107175272,-1475153.5971624514,299.4400984919055,17.9
242000,484.0000000015829,-1847742.4973569345,-1470722.868044301,300.2899590647956,17.9
242500,485.0000000015877,-1848017.2420304623,-1472776.044488226,298.8734672908639,17.9
243000,486.00000000159247,-1848462.2094119173,-1472647.9516977745,299.32990033090806,17.9
243500,487.00000000159724,-1850062.994116176,-1471517.849999821,301.50500661761777,17.9
244000,488.000000001602,-1852085.458901273,-1477193.520813574,298.5952878562887,17.9
244500,489.0000000016068,-1849746.206190033,-1470432.9199177418,302.11681926244637,17.9
245000,490.00000000161157,-1849526.2578788362,-1472350.8305103856,300.41404966424005,17.9
245500,491.00000000161634,-1852347.417392606,-1474016.924748996,301.33404023562514,17.9
246000,492.0000000016211,-1852989.2042288817,-1476646.750157365,299.7506000775583,17.9
246500,493.0000000016259,-1848058.0800970402,-1469816.8955415958,301.2629078062918,17.9
247000,494.00000000163067,-1851885.9738276396,-1475391.6844231612,299.8715344331588,17.9
247500,495.00000000163544,-1851664.2480345424,-1475516.308360264,299.5956725463561,17.9
248000,496.0000000016402,-1849481.971960213,-1472673.4779084148,300.12179328799266,17.9
248500,497.000000001645,-1849306.5245610084,-1473217.051681278,299.54910470220034,17.9
249000,498.00000000164977,-1847474.8541996256,-1470956.2355191163,299.8909123029973,17.9
249500,499.00000000165454,-1851164.30863042,-1474462.4991556292,300.036820769928,17.9
250000,500.0000000016593,-1850964.8939825986,-1475625.4415015867,298.9517257401564,17.9
250500,501.0000000016641,-1850375.5472760424,-1474244.611944173,299.58212886616303,17.9
251000,502.00000000166887,-1851460.876011312,-1474451.541488661,300.28175943320605,17.9
251500,503.00000000167364,-1851193.555385068,-1473892.546729636,300.5140731022656,17.9
252000,504.0000000016784,-1850280.0701580811,-1474857.8736285204,299.0176300194558,17.9
252500,505.0000000016832,-1850047.5867448226,-1473180.9426780269,300.16810882242515,17.9
253000,506.00000000168797,-1848208.2764051668,-1471868.8041217672,299.74822513216543,17.9
253500,507.00000000169274,-1850204.889127273,-1474270.5217396936,299.42556571837173,17.9
254000,508.0000000016975,-1850140.7619395573,-1472596.010198044,300.7082104777521,17.9
254500,509.0000000017023,-1848183.399717141,-1470900.3895077128,300.4997376348428,17.9
255000,510.00000000170706,-1851950.8001754694,-1475005.6491469073,300.23063833150707,17.9
255500,511.00000000171184,-1850581.1936760321,-1474032.5411026163,299.9148338067341,17.9
256000,512.0000000017166,-1851195.975332873,-1472733.4976256317,301.4391641768566,17.9
256500,513.0000000016929,-1847963.929896919,-1471037.8753236886,300.2154283176405,17.9
257000,514.0000000016693,-1849880.530609494,-1472063.2683824357,300.9252606156939,17.9
257500,515.0000000016456,-1848999.812358193,-1471787.7256806889,300.4432482034118,17.9
258000,516.000000001622,-1848330.2591148466,-1470952.9552472266,300.57484098903717,17.9
258500,517.0000000015983,-1850076.2073136382,-1472558.2786476903,300.6868463374334,17.9
259000,518.0000000015747,-1849366.4717695005,-1472404.878659451,300.243734180086,17.9
259500,519.000000001551,-1848843.6473548468,-1471515.1391389214,300.53597605174826,17.9
260000,520.0000000015274,-1851377.8653184157,-1474763.1408418666,299.9674589953042,17.9
260500,521.0000000015037,-1850602.407463966,-1474700.1382673117,299.40000003507663,17.9
261000,522.0000000014801,-1851386.8690601233,-1473324.2481885396,301.12068475701784,17.9
261500,523.0000000014564,-1850528.8875007406,-1473571.2422249918,300.2405897947321,17.9
262000,524.0000000014328,-1851081.5525853392,-1473572.756321054,300.6795725291002,17.9
262500,525.0000000014091,-1850151.2720208578,-1474183.3439947078,299.4522962172607,17.9
263000,526.0000000013855,-1848895.4894755054,-1471028.326063635,300.9650060920017,17.9
263500,527.0000000013619,-1850074.9755710457,-1473080.6736656274,300.2697861998185,17.9
264000,528.0000000013382,-1850480.3986998163,-1474476.2495471877,299.4811457511892,17.9
264500,529.0000000013146,-1850099.4346819278,-1473856.719622117,299.6711595884862,17.9
265000,530.0000000012909,-1848605.9657152575,-1472117.0802377204,299.8672302938678,17.9
265500,531.0000000012673,-1849416.1533138417,-1472243.3999409901,300.411919870546,17.9
266000,532.0000000012436,-1849539.6051819008,-1470959.2905063846,301.5330193918866,17.9
266500,533.00000000122,-1848241.5319795143,-1471270.7250851686,300.2510728083536,17.9
267000,534.0000000011963,-1849298.3238395657,-1473043.9078909494,299.68047915475626,17.9
267500,535.0000000011727,-1850050.7195817549,-1472920.3651061384,300.3781498434037,17.9
268000,536.000000001149,-1847998.1737482361,-1471544.8352270084,299.83891772543603,17.9
268500,537.0000000011254,-1849288.1556084827,-1473560.4570810576,299.2609573565501,17.9
269000,538.0000000011017,-1850535.7058418486,-1473743.3367662143,300.10895000860944,17.9
269500,539.0000000010781,-1851653.6899918076,-1473180.0091131292,301.4480873193955,17.9
270000,540.0000000010544,-1848901.9150867648,-1473340.7529124452,299.12831387921176,17.9
270500,541.0000000010308,-1848669.1504109148,-1472266.9744980496,299.79816754593253,17.9
271000,542.0000000010072,-1847305.8167320378,-1471851.5713509533,299.0431564047257,17.9
271500,543.0000000009835,-1848193.0745282788,-1471993.4412644678,299.63684564366383,17.9
272000,544.0000000009599,-1850317.1264017038,-1473398.3570964811,300.20962572100683,17.9
272500,545.0000000009362,-1849016.5859508477,-1472379.73674312,299.98508098127905,17.9
273000,546.0000000009126,-1850661.2184606437,-1473467.187203417,300.42886735691343,17.9
273500,547.0000000008889,-1849907.6582191847,-1472869.926853254,300.3043770537305,17.9
274000,548.0000000008653,-1850319.2471035086,-1473469.3534358526,300.1547674038865,17.9
274500,549.0000000008416,-1849737.6737460326,-1471486.0972706438,301.2711848003051,17.9
275000,550.000000000818,-1848904.741713792,-1471413.4228184067,300.66565209105545,17.9
275500,551.0000000007943,-1849482.3017652687,-1471533.9374902286,301.0296812494244,17.9
276000,552.0000000007707,-1850634.81990844,-1474293.107877077,299.7500090547306,17.9
276500,553.000000000747,-1851536.3913688827,-1475061.6485075932,299.85596593168634,17.9
277000,554.0000000007234,-1848708.3009708002,-1469022.2248463293,302.41374027330966,17.9
277500,555.0000000006997,-1850315.616002243,-1472994.3092418532,300.5302402103759,17.9
278000,556.0000000006761,-1851329.7556308731,-1474773.8529559271,299.92060839384436,17.9
278500,557.0000000006524,-1851340.505892044,-1474117.2413576315,300.45215118334295,17.9
279000,558.0000000006288,-1852629.5150669534,-1476126.4103438193,299.87855569007075,17.9
279500,559.0000000006052,-1850081.1827051193,-1472973.3122931,300.3602416550435,17.9
280000,560.0000000005815,-1850702.1509738378,-1473533.1167701331,300.4089576132416,17.9
280500,561.0000000005579,-1850905.0153373461,-1472740.7988597495,301.2016039930439,17.9
281000,562.0000000005342,-1848684.3619306944,-1470087.289200656,301.5463669078119,17.9
281500,563.0000000005106,-1852341.2438612767,-1475035.082749134,300.5181769496369,17.9
282000,564.0000000004869,-1851103.1476367526,-1472703.2171500195,301.3893463402623,17.9
282500,565.0000000004633,-1847708.1398644075,-1472777.793669839,298.62587928427513,17.9
283000,566.0000000004396,-1849794.5319374856,-1472503.2261648732,300.5063449150353,17.9
283500,567.000000000416,-1846492.3618721832,-1467729.49531496,301.67841897541734,17.9
284000,568.0000000003923,-1849608.683347959,-1471940.1544183958,300.8067969805304,17.9
284500,569.0000000003687,-1849214.6314869653,-1473013.146640726,299.6383203987387,17.9
285000,570.000000000345,-1848297.1422646232,-1469657.5475000704,301.5802350117804,17.9
285500,571.0000000003214,-1849635.8471114058,-1472321.281596809,300.52487091852527,17.9
286000,572.0000000002977,-1850794.5244081132,-1474517.7721662563,299.69826964644784,17.9
286500,573.0000000002741,-1849943.9218969848,-1473498.9917093674,299.8322206254463,17.9
287000,574.0000000002505,-1850160.949085515,-1473699.8725054422,299.8450809625546,17.9
287500,575.0000000002268,-1848415.2579984851,-1471889.9390537462,299.8962489537041,17.9
288000,576.0000000002032,-1847895.1759649161,-1473409.2851405626,298.27187786219713,17.9
288500,577.0000000001795,-1851706.4017622527,-1473917.8654296016,300.9023809113362,17.9
289000,578.0000000001559,-1850169.2188396342,-1474755.8855997873,299.01057055438184,17.9
289500,579.0000000001322,-1847925.1070995424,-1472361.3450900526,299.13038460533875,17.9
290000,580.0000000001086,-1846962.6431231406,-1470236.9641985171,300.0558323957318,17.9
290500,581.0000000000849,-1849858.9857761469,-1474924.8409641194,298.6289048208588,17.9
291000,582.0000000000613,-1850415.8166920058,-1472484.1253224965,301.01640155327595,17.9
291500,583.0000000000376,-1850035.850662943,-1474058.2480328956,299.4600018807925,17.9
292000,584.000000000014,-1848775.186387688,-1472863.2915319672,299.4076667148522,17.9
292500,584.9999999999903,-1851239.7837580554,-1474542.6993896803,300.0330573000666,17.9
293000,585.9999999999667,-1849119.7735225651,-1471001.4929656957,301.1650167846273,17.9
293500,586.999999999943,-1850543.0357515607,-1474489.5485635307,299.5204426882163,17.9
294000,587.9999999999194,-1849876.0265561678,-1473772.3040004373,299.5604543357209,17.9
294500,588.9999999998957,-1850689.928245157,-1473257.781833957,300.61852217666313,17.9
295000,589.9999999998721,-1848903.8803122789,-1472462.6331811661,299.8292871312696,17.9
295500,590.9999999998485,-1850100.3791354708,-1473415.054165683,300.02369113171386,17.9
296000,591.9999999998248,-1851050.9046403505,-1473137.4703665974,301.00186007556226,17.9
296500,592.9999999998012,-1850058.7619882282,-1474235.276661715,299.33724997301033,17.9
297000,593.9999999997775,-1849567.5856860839,-1473782.286043938,299.3068357009035,17.9
297500,594.9999999997539,-1848540.8590195924,-1471245.4082039325,300.5096463739258,17.9
298000,595.9999999997302,-1849526.9942020401,-1472569.5708191078,300.2404130607385,17.9
298500,596.9999999997066,-1852472.162557738,-1477271.7341611902,298.8409953341325,17.9
299000,597.9999999996829,-1848987.4286645781,-1472345.5846076198,299.98905929687425,17.9
299500,598.9999999996593,-1848983.440390667,-1473777.5634692037,298.8453349949795,17.9
300000,599.9999999996356,-1849258.5699177608,-1471288.768828945,301.04675532045604,17.9
300500,600.999999999612,-1848038.9377596527,-1471213.351979855,300.13540656937704,17.9
301000,601.9999999995883,-1849643.5187336188,-1474560.4276296126,298.7475381026395,17.9
301500,602.9999999995647,-1850769.1363479588,-1474700.1499325521,299.5327875689403,17.9
302000,603.999999999541,-1851192.7129254006,-1476202.6417664262,298.6734492401134,17.9
302500,604.9999999995174,-1850455.0585237034,-1473759.1705833434,300.03210436475035,17.9
303000,605.9999999994938,-1852015.0282058474,-1475596.0834229914,299.81152367620166,17.9
303500,606.9999999994701,-1851021.3850454371,-1474356.55389551,300.0073681398891,17.9
304000,607.9999999994465,-1851895.1040763631,-1474818.27663089,300.33551644068166,17.9
304500,608.9999999994228,-1851178.0497299153,-1474311.8305778126,300.16777038483247,17.9
305000,609.9999999993992,-1850353.2717851717,-1475184.1971417689,298.81602258333544,17.9
305500,610.9999999993755,-1849202.9644364994,-1471949.1618348926,300.4764742536416,17.9
306000,611.9999999993519,-1847060.913832318,-1469860.3217439651,300.43409295143715,17.9
306500,612.9999999993282,-1848952.2540329248,-1472489.3629287907,299.84652620124706,17.9
307000,613.9999999993046,-1849620.8776849862,-1473255.4389217743,299.7689070079981,17.9
307500,614.9999999992809,-1851362.2510027606,-1474293.535310067,300.3290555624654,17.9
308000,615.9999999992573,-1849385.151036052,-1472832.973896844,299.91764106565427,17.9
308500,616.9999999992336,-1848413.3614534754,-1472036.533411994,299.77797838158017,17.9
309000,617.99999999921,-1850721.08639412,-1474656.2845246335,299.5294546466589,17.9
309500,618.9999999991863,-1851425.8990922142,-1473357.0193425342,301.1256698508992,17.9
310000,619.9999999991627,-1849716.250831131,-1472285.8511850606,300.6171309068497,17.9
310500,620.999999999139,-1852211.6208823193,-1474660.9398360844,300.7129330718392,17.9
311000,621.9999999991154,-1851832.8315936346,-1475114.841555423,300.04970832365063,17.9
311500,622.9999999990918,-1852374.0617843699,-1476472.7250493416,299.39925734466556,17.9
312000,623.9999999990681,-1851735.060673276,-1476476.0201982432,298.88767889456426,17.9
312500,624.9999999990445,-1851121.3567652386,-1476869.1256090032,298.085771763949,17.9
313000,625.9999999990208,-1850353.0024258029,-1472896.5873759103,300.63785174985486,17.9
313500,626.9999999989972,-1849556.982774675,-1475338.9092508731,298.0585657692269,17.9
314000,627.9999999989735,-1849331.113781346,-1471455.7310570958,300.9715526396778,17.9
314500,628.9999999989499,-1848733.5730736721,-1472143.111422236,299.94813405253325,17.9
315000,629.9999999989262,-1850077.6923024468,-1472341.9490187664,300.8603321125954,17.9
315500,630.9999999989026,-1851462.416823579,-1476613.7585608235,298.5608161846563,17.9
316000,631.9999999988789,-1850154.6462270878,-1474687.4271485633,299.0534897422241,17.9
316500,632.9999999988553,-1851357.4586900491,-1475479.370382983,299.3807403526092,17.9
317000,633.9999999988316,-1849108.0371718872,-1471960.776014289,300.39161573866625,17.9
317500,634.999999998808,-1851270.9552174713,-1474193.599279312,300.33593737644946,17.9
318000,635.9999999987843,-1852142.7660424225,-1475545.0761962933,299.9538911912066,17.9
318500,636.9999999987607,-1852084.5772508178,-1475601.4376052078,299.8626538328561,17.9
319000,637.999999998737,-1849724.2557063084,-1472910.7942909251,300.1257497117213,17.9
319500,638.9999999987134,-1850886.9802691117,-1473757.72537486,300.377274044858,17.9
320000,639.9999999986898,-1847409.9662127066,-1472244.872229312,298.8128520528433,17.9
320500,640.9999999986661,-1850958.8820146713,-1473366.88008651,300.7458444774465,17.9
321000,641.9999999986425,-1849804.495407613,-1472372.2017808382,300.618639431457,17.9
321500,642.9999999986188,-1850166.3641025834,-1472891.1155334725,300.4935556154678,17.9
322000,643.9999999985952,-1849155.6848820485,-1472330.0646214667,300.1354340327569,17.9
322500,644.9999999985715,-1849380.2305788156,-1472635.873739963,300.07070904846626,17.9
323000,645.9999999985479,-1849399.949862333,-1471833.0059603485,300.72588617005374,17.9
323500,646.9999999985242,-1850374.9630096015,-1473591.3991495331,300.1019367986429,17.9
324000,647.9999999985006,-1848258.4959195033,-1471024.746109271,300.46050253378195,17.9
324500,648.9999999984769,-1848898.9120857548,-1470627.0381945148,301.2873513595533,17.9
325000,649.9999999984533,-1851487.3151675034,-1473826.6679749452,300.80051930611074,17.9
325500,650.9999999984296,-1849772.2008563392,-1472982.6030603955,300.1067427297303,17.9
326000,651.999999998406,-1850125.3514265437,-1472359.1625487648,300.88458152958776,17.9
326500,652.9999999983823,-1848786.5340246148,-1471151.5559940543,300.7800742390472,17.9
327000,653.9999999983587,-1848889.7889457364,-1470577.8080103141,301.3192959632803,17.9
327500,654.999999998335,-1849369.7952694371,-1472969.7464675521,299.7964733368795,17.9
328000,655.9999999983114,-1849844.9962949678,-1473405.3378761793,299.82802174792704,17.9
328500,656.9999999982878,-1853618.4075097516,-1478676.123231819,298.63538777212557,17.9
329000,657.9999999982641,-1849902.7725891583,-1471339.9609188368,301.5190785349529,17.9
329500,658.9999999982405,-1849504.6750102397,-1473357.080385887,299.5953977197421,17.9
330000,659.9999999982168,-1849745.8578549512,-1472949.6093597212,300.11203990277147,17.9
330500,660.9999999981932,-1850124.1488419026,-1474757.6636061561,298.97325688649886,17.9
331000,661.9999999981695,-1852014.934665911,-1474251.4863784816,300.88239869426593,17.9
331500,662.9999999981459,-1851824.9564813245,-1475528.8305866448,299.71370044357553,17.9
332000,663.9999999981222,-1851237.0449602045,-1473581.3560694056,300.7965700999779,17.9
332500,664.9999999980986,-1850724.2481628507,-1474945.831086243,299.3013538501906,17.9
333000,665.9999999980749,-1849499.7017751597,-1471660.3114966545,300.94288524620777,17.9
333500,666.9999999980513,-1849280.5167365298,-1473494.8516972675,299.3071267337213,17.9
334000,667.9999999980276,-1852083.2573608942,-1475200.4523442357,300.1809807542702,17.9
334500,668.999999998004,-1850484.3194592502,-1471962.8805929231,301.48612577426906,17.9
335000,669.9999999979804,-1853392.2248948999,-1477146.5796289693,299.67349344966317,17.9
335500,670.9999999979567,-1849780.3014359456,-1472026.584554388,300.8746477888922,17.9
336000,671.9999999979331,-1848691.9507919122,-1471368.9368223168,300.5315999745436,17.9
336500,672.9999999979094,-1850092.9578076825,-1474704.3321490865,298.9908913706322,17.9
337000,673.9999999978858,-1853202.650274124,-1474549.7435338434,301.59083778239386,17.9
337500,674.9999999978621,-1852684.8198345266,-1475378.445084372,300.5183471088139,17.9
338000,675.9999999978385,-1851704.3398149442,-1474300.105204889,300.59629088425385,17.9
338500,676.9999999978148,-1852144.705803359,-1476070.5969314205,299.53686752166055,17.9
339000,677.9999999977912,-1851587.032401422,-1474385.539828056,300.43481017300013,17.9
339500,678.9999999977675,-1851600.7228581253,-1474365.5142897281,300.46166441076537,17.9
340000,679.9999999977439,-1851314.2144757118,-1475182.3032564053,299.58290614452125,17.9
340500,680.9999999977202,-1850036.2265312131,-1473364.2885798756,300.0130285908011,17.9
341000,681.9999999976966,-1849854.2121766657,-1473025.4280489313,300.1379540011188,17.9
341500,682.999999997673,-1851575.3056695927,-1472767.4332472156,301.7142654098043,17.9
342000,683.9999999976493,-1850338.7295042165,-1473586.7770655504,300.0767588192996,17.9
342500,684.9999999976257,-1849976.6098588575,-1473880.997187219,299.5539949458835,17.9
343000,685.999999997602,-1848922.463902263,-1472479.1615392356,299.8309240898245,17.9
343500,686.9999999975784,-1852004.5596559905,-1477364.8842101723,298.39436479416025,17.9
344000,687.9999999975547,-1852262.538391782,-1474935.6298529871,300.5347019351169,17.9
344500,688.9999999975311,-1851552.1759452336,-1475952.735558752,299.1588018481913,17.9
345000,689.9999999975074,-1849743.5333454218,-1472441.4360196784,300.5149402103358,17.9
345500,690.9999999974838,-1852283.1599832904,-1476766.5126630305,299.0928585271183,17.9
346000,691.9999999974601,-1852153.3042404074,-1475011.7406805481,300.38707769539525,17.9
346500,692.9999999974365,-1852552.8643873017,-1477414.0646897,298.79190908491665,17.9
347000,693.9999999974128,-1849601.300219765,-1470483.2368561837,301.9613274134626,17.9
347500,694.9999999973892,-1851332.7307461165,-1474553.3669816921,300.0985914912612,17.9
348000,695.9999999973655,-1852231.1708266083,-1476167.0326655318,299.528926013782,17.9
348500,696.9999999973419,-1851245.125460824,-1475365.9054329456,299.38164174969836,17.9
349000,697.9999999973182,-1852803.0140990596,-1477139.2216030348,299.21005724933775,17.9
349500,698.9999999972946,-1849997.1558628231,-1473393.9878662438,299.9582544483065,17.9
350000,699.999999997271,-1849032.3136925641,-1471396.4473305773,300.7807817804773,17.9
350500,700.9999999972473,-1848320.7681312617,-1470301.257781652,301.0863479324274,17.9
351000,701.9999999972237,-1851818.1926451363,-1476884.6772000627,298.62840354038923,17.9
351500,702.9999999972,-1852009.3573310208,-1474048.4487419229,301.0396725900924,17.9
352000,703.9999999971764,-1849857.2548464518,-1473254.1599888667,299.9581961942958,17.9
352500,704.9999999971527,-1852397.8440190647,-1475641.4293284246,300.080312929904,17.9
353000,705.9999999971291,-1851034.7832186315,-1474137.818609656,300.19225863761267,17.9
353500,706.9999999971054,-1853234.5887945332,-1476975.0212037452,299.68458235336055,17.9
354000,707.9999999970818,-1849774.045867145,-1473076.0698462073,300.03376748672713,17.9
354500,708.9999999970581,-1851477.6806949116,-1474350.2950983192,300.37578517989215,17.9
355000,709.9999999970345,-1849569.3590372782,-1474681.0555975162,298.59239291874337,17.9
355500,710.9999999970108,-1851998.7040727884,-1476173.886751929,299.3383108846885,17.9
356000,711.9999999969872,-1851660.7101909667,-1474118.4489709528,300.7062268181732,17.9
356500,712.9999999969635,-1850238.4232336488,-1473387.1431409342,300.15587166873564,17.9
357000,713.9999999969399,-1851677.163162332,-1474157.0728622563,300.68856804360803,17.9
357500,714.9999999969162,-1851637.5843965784,-1475363.8134549046,299.6958950896865,17.9
358000,715.9999999968926,-1852796.3317458257,-1476541.7885562016,299.68058050013457,17.9
358500,716.999999996869,-1850544.7870821767,-1473807.5100452346,300.0650701022135,17.9
359000,717.9999999968453,-1853027.8499509487,-1477869.2386815418,298.8076886773407,17.9
359500,718.9999999968217,-1851472.9341001976,-1473265.1358750653,301.2363161410751,17.9
360000,719.999999996798,-1852004.2021678556,-1475127.5393247707,300.17608861362925,17.9
360500,720.9999999967744,-1848668.7898411863,-1473722.9582500746,298.63821314896666,17.9
361000,721.9999999967507,-1850543.6828518026,-1473387.863285846,300.3984323707344,17.9
361500,722.9999999967271,-1850120.2087356467,-1475012.8469420588,298.76686930933107,17.9
362000,723.9999999967034,-1848585.4371418208,-1471893.8336776206,300.02869184966994,17.9
362500,724.9999999966798,-1848616.9125204366,-1470204.2766937693,301.39946593540293,17.9
363000,725.9999999966561,-1851211.4403203633,-1475203.7838175525,299.48393929815813,17.9
363500,726.9999999966325,-1851342.1974232122,-1474868.3886016733,299.85522198432494,17.9
364000,727.9999999966088,-1852873.3332784008,-1475548.0691375248,300.5333921991103,17.9
364500,728.9999999965852,-1852068.8283740021,-1474408.8469304717,300.79998904791523,17.9
365000,729.9999999965615,-1850998.706909977,-1473647.8723038503,300.5537586558313,17.9
365500,730.9999999965379,-1850226.0611950904,-1471542.450041552,301.61529334460727,17.9
366000,731.9999999965142,-1850118.8362492993,-1472954.2243072176,300.40543535429674,17.9
366500,732.9999999964906,-1849081.8794589546,-1472426.024531325,300.000218725862,17.9
367000,733.999999996467,-1851300.006315332,-1474484.2338175424,300.12759045100177,17.9
367500,734.9999999964433,-1850577.1658168975,-1474458.8521501527,299.5720759166375,17.9
368000,735.9999999964197,-1849617.5713490136,-1471017.4346098946,301.54880734085555,17.9
368500,736.999999996396,-1850624.8559423406,-1473999.6115189875,299.975837960614,17.9
369000,737.9999999963724,-1849187.2775509153,-1472661.6694766865,299.89647924060677,17.9
369500,738.9999999963487,-1848944.7178920489,-1472956.8129060895,299.4682075385211,17.9
370000,739.9999999963251,-1851134.8614052143,-1472958.3628889048,301.2113864356956,17.9
370500,740.9999999963014,-1848273.3493187316,-1473019.500936734,298.88354347750976,17.9
371000,741.9999999962778,-1850272.8112506624,-1472915.83091828,300.55865362612536,17.9
371500,742.9999999962541,-1848978.7500700168,-1473270.443529061,299.24551195697336,17.9
372000,743.9999999962305,-1851535.995367067,-1474389.2400176236,300.39121287075614,17.9
372500,744.9999999962068,-1848786.5529778898,-1473533.1070517297,298.8832229280275,17.9
373000,745.9999999961832,-1851947.286089372,-1472253.1767533612,302.420138594715,17.9
373500,746.9999999961595,-1850327.3268635087,-1472176.9902078812,301.19054894220056,17.9
374000,747.9999999961359,-1850166.0560033545,-1473849.4209059598,299.7300356875919,17.9
374500,748.9999999961123,-1851502.6989123262,-1476545.475714769,298.6472863769031,17.9
375000,749.9999999960886,-1851665.713779753,-1472768.1311917708,301.7857180872322,17.9
375500,750.999999996065,-1849861.3968293238,-1472174.0176191796,300.82181092024047,17.9
376000,751.9999999960413,-1850045.69126218,-1472841.675567153,300.4368197980737,17.9
376500,752.9999999960177,-1850995.256260898,-1475071.9254033188,299.41677530300774,17.9
377000,753.999999995994,-1849150.199652996,-1473195.928756974,299.4414185368214,17.9
377500,754.9999999959704,-1849690.0901455209,-1473814.5267897216,299.3787292702847,17.9
378000,755.9999999959467,-1851419.8689423315,-1474957.7659552752,299.8458984789043,17.9
378500,756.9999999959231,-1850866.302036386,-1472916.6514584264,301.03070576862984,17.9
379000,757.9999999958994,-1850665.5851657782,-1474981.4273740302,299.2262778737921,17.9
379500,758.9999999958758,-1849465.3733296841,-1473318.1648525111,299.59509015983866,17.9
380000,759.9999999958521,-1850762.4929807559,-1474694.7386421887,299.5318062399194,17.9
380500,760.9999999958285,-1851330.2836759351,-1474793.8785682293,299.9050789009129,17.9
381000,761.9999999958048,-1849329.1142192967,-1472068.2641884868,300.482087415563,17.9
381500,762.9999999957812,-1851767.0516921878,-1475172.7916931354,299.95115937419183,17.9
382000,763.9999999957575,-1848580.8000956327,-1472727.3346633287,299.3611286361904,17.9
382500,764.9999999957339,-1851238.2297876514,-1475056.5577082033,299.62253985452793,17.9
383000,765.9999999957103,-1852025.7817096636,-1474730.6179289457,300.5094177552963,17.9
383500,766.9999999956866,-1850666.1263755858,-1472841.0349085352,300.9314964771026,17.9
384000,767.999999995663,-1850876.220963763,-1472994.016388825,300.9769861320069,17.9
384500,768.9999999956393,-1849737.6561546978,-1473402.4581649275,299.7448207273039,17.9
385000,769.9999999956157,-1848234.5085426588,-1471620.2916721455,299.9670546954114,17.9
385500,770.999999995592,-1848508.2278416026,-1471551.000755069,300.2402567138722,17.9
386000,771.9999999955684,-1850982.8791325465,-1474723.4521757113,299.68447034072096,17.9
386500,772.9999999955447,-1849180.7586136535,-1472576.160481051,299.95939352822296,17.9
387000,773.9999999955211,-1849938.6239787154,-1472770.3061752727,300.40838701216774,17.9
387500,774.9999999954974,-1848306.4175663348,-1472265.1450804844,299.5107138780102,17.9
388000,775.9999999954738,-1850813.2772018388,-1475015.778946321,299.31655169663776,17.9
388500,776.9999999954501,-1847123.9532611202,-1469765.2451549687,300.5600297696311,17.9
389000,777.9999999954265,-1849875.2180009931,-1472015.0596509413,300.95942667500816,17.9
389500,778.9999999954028,-1851015.850035224,-1475410.3366205627,299.1636389156587,17.9
390000,779.9999999953792,-1850693.7090813015,-1475870.861827676,298.5402581386755,17.9
390500,780.9999999953556,-1851892.7360384222,-1473854.6801515892,301.10111914904485,17.9
391000,781.9999999953319,-1849976.7671647314,-1473304.6030763197,300.0132087052765,17.9
391500,782.9999999953083,-1851931.1355069093,-1475933.7992217499,299.4757194138466,17.9
392000,783.9999999952846,-1851614.117737567,-1474521.3546839338,300.3482088915516,17.9
392500,784.999999995261,-1852226.5218034703,-1473084.804468757,301.98016741401085,17.9
393000,785.9999999952373,-1850686.9655314926,-1471983.288986234,301.6312751004359,17.9
393500,786.9999999952137,-1849806.3357954286,-1471934.775844119,300.96850786364865,17.9
394000,787.99999999519,-1848776.4623435345,-1472374.1681405006,299.79826176211435,17.9
394500,788.9999999951664,-1850794.4039084353,-1473293.0993125755,300.6736055379149,17.9
395000,789.9999999951427,-1849635.9067744706,-1473634.1671178108,299.47922662711835,17.9
395500,790.9999999951191,-1848439.8723218627,-1469780.8924547634,301.5956749284255,17.9
396000,791.9999999950954,-1851231.5787531883,-1474364.495229045,300.1684588430042,17.9
396500,792.9999999950718,-1850778.6619880833,-1474057.992282411,300.05184263488945,17.9
397000,793.9999999950481,-1851723.1968554705,-1474704.650363049,300.2890966162338,17.9
397500,794.9999999950245,-1848950.5151886623,-1471279.3488428767,300.80889763934977,17.9
398000,795.9999999950008,-1849135.8071281202,-1474109.8662338827,298.7020188966946,17.9
398500,796.9999999949772,-1848346.0560167227,-1471977.1311578748,299.7716836260689,17.9
399000,797.9999999949536,-1850232.7749311142,-1474681.6571463905,299.1203136874284,17.9
399500,798.9999999949299,-1850651.1001992319,-1474354.9685159754,299.71370505408214,17.9
400000,799.9999999949063,-1849248.0780774169,-1473835.8568065164,299.0096848893304,17.9
400500,800.9999999948826,-1851428.4027414192,-1475464.6500154422,299.4489706590656,17.9
401000,801.999999994859,-1850665.998248767,-1472413.3487809505,301.272039421198,17.9
401500,802.9999999948353,-1851523.216548629,-1475785.5823488224,299.2688709568531,17.9
402000,803.9999999948117,-1850455.7989533022,-1473228.5248664198,300.45534472620767,17.9
402500,804.999999994788,-1849151.1133027188,-1473012.963755884,299.58787487021215,17.9
403000,805.9999999947644,-1850984.6661640164,-1473530.004639467,300.63645509564225,17.9
403500,806.9999999947407,-1849357.6177410632,-1475443.772476215,297.81625294431103,17.9
404000,807.9999999947171,-1850658.9024907816,-1472264.3461867345,301.3850658917834,17.9
404500,808.9999999946934,-1849179.0708373971,-1471472.8013368235,300.83685672713926,17.9
405000,809.9999999946698,-1849761.4458332304,-1473964.8051894053,299.31586862297235,17.9
405500,810.9999999946461,-1850665.7111002114,-1473796.9099479713,300.16982690564794,17.9
406000,811.9999999946225,-1851457.1469993107,-1476035.2525095642,299.01738944969145,17.9
406500,812.9999999945989,-1849089.261874346,-1473233.232906155,299.3631704505331,17.9
407000,813.9999999945752,-1851709.8785882276,-1475336.8037720318,299.77498899911905,17.9
407500,814.9999999945516,-1849525.98832337,-1472223.0052571897,300.515645688085,17.9
408000,815.9999999945279,-1850654.0391652565,-1476166.5999228964,298.2731111517759,17.9
408500,816.9999999945043,-1849600.1574565098,-1473667.3064216531,299.4243579682662,17.9
409000,817.9999999944806,-1848055.557096148,-1471477.2488787915,299.93845404136545,17.9
409500,818.999999994457,-1850277.9311056603,-1472125.8453506299,301.1919420712242,17.9
410000,819.9999999944333,-1851342.901303053,-1474369.442239336,300.2531852178147,17.9
410500,820.9999999944097,-1850628.8865155224,-1475106.8301251084,299.0971667628943,17.9
411000,821.999999994386,-1852022.7066365369,-1473667.797144227,301.35348785566015,17.9
411500,822.9999999943624,-1851329.949590031,-1475307.5240237298,299.49570261530704,17.9
412000,823.9999999943387,-1847423.1209449247,-1470972.5647380152,299.8367016576567,17.9
412500,824.9999999943151,-1849736.8742036708,-1472653.901492775,300.34041104392963,17.9
413000,825.9999999942914,-1851192.3025478162,-1474224.1050900447,300.2489944348656,17.9
413500,826.9999999942678,-1849152.943214666,-1472429.5667489618,300.0539985249176,17.9
414000,827.9999999942441,-1847536.2129896302,-1472514.3196955426,298.6987950494761,17.9
414500,828.9999999942205,-1851162.3009385094,-1474220.8840253209,300.22766416977777,17.9
415000,829.9999999941969,-1851028.8226840496,-1473832.8103506248,300.43044525165465,17.9
415500,830.9999999941732,-1851036.8831726443,-1475233.7288526758,299.32105665932494,17.9
416000,831.9999999941496,-1851576.713282153,-1474471.799465612,300.3578867751749,17.9
416500,832.9999999941259,-1848238.3403354343,-1473139.0152250458,298.76046822280574,17.9
417000,833.9999999941023,-1851255.8948441725,-1473424.3098751837,300.93666844503105,17.9
417500,834.9999999940786,-1850207.1022798158,-1474566.0051877624,299.1919807318313,17.9
418000,835.999999994055,-1851331.0212552398,-1476605.6031084536,298.462657450993,17.9
418500,836.9999999940313,-1851099.511536004,-1474720.5856166573,299.77964930693616,17.9
419000,837.9999999940077,-1850627.8162487466,-1474090.0391660624,299.9061716565099,17.9
419500,838.999999993984,-1850148.685032025,-1473472.61968674,300.0163159924725,17.9
420000,839.9999999939604,-1849122.685032025,-1472527.1084759992,299.9522079902555,17.9
420500,840.9999999939367,-1850346.9580918811,-1474707.6226563957,299.19057760123144,17.9
421000,841.9999999939131,-1849053.772296844,-1473734.0207882605,298.93603423832445,17.9
421500,842.9999999938894,-1850163.2794626392,-1474503.8427403327,299.20658794691985,17.9
422000,843.9999999938658,-1847804.813900916,-1471154.9700214183,299.9954310244874,17.9
422500,844.9999999938422,-1851153.5720554292,-1474630.471085872,299.89448237280294,17.9
423000,845.9999999938185,-1850451.578336576,-1475151.469811847,298.9203889234417,17.9
423500,846.9999999937949,-1847615.737061724,-1471095.296244367,299.8923636051495,17.9
424000,847.9999999937712,-1850685.1409747805,-1474592.4278961224,299.55168546757085,17.9
424500,848.9999999937476,-1850225.8206113447,-1473283.3380402403,300.22851294885197,17.9
425000,849.9999999937239,-1851101.0978344027,-1473465.715714423,300.78039608965065,17.9
425500,850.9999999937003,-1850812.7367219664,-1474239.9824713997,299.93403039779287,17.9
426000,851.9999999936766,-1849495.983175693,-1471484.4419016517,301.08000069427294,17.9
426500,852.999999993653,-1849485.4084027037,-1473785.093953625,299.23914638670567,17.9
427000,853.9999999936293,-1850850.1966856644,-1472641.9464541683,301.23667615674003,17.9
427500,854.9999999936057,-1852635.2375311088,-1477408.383368304,298.86204302409516,17.9
428000,855.999999993582,-1852264.0731685422,-1476227.1863438834,299.5072207707095,17.9
428500,856.9999999935584,-1848632.911606377,-1472222.9998371021,299.8043290288474,17.9
429000,857.9999999935347,-1848465.4898876287,-1471551.7119788886,300.20565015546896,17.9
429500,858.9999999935111,-1852050.9104013164,-1476166.4750978106,299.38579563130793,17.9
430000,859.9999999934874,-1849283.158751499,-1472149.726957527,300.3806008770665,17.9
430500,860.9999999934638,-1851269.6759243459,-1474869.1683247634,299.79683876173027,17.9
431000,861.9999999934402,-1851951.7510126736,-1475574.8699259837,299.77802063122,17.9
431500,862.9999999934165,-1851852.6579527669,-1474450.8483221405,300.59435942786075,17.9
432000,863.9999999933929,-1849024.2989378236,-1473518.1304166063,299.0845123353265,17.9
432500,864.9999999933692,-1849720.9924652185,-1473994.9619430297,299.25962881770187,17.9
433000,865.9999999933456,-1852275.0371363107,-1475329.6888065215,300.23079547870265,17.9
433500,866.9999999933219,-1849855.3041605,-1474206.060289558,299.1984695077695,17.9
434000,867.9999999932983,-1849591.062383676,-1471868.528769738,300.84981082702336,17.9
434500,868.9999999932746,-1850826.308169974,-1473364.5581426877,300.6421009719606,17.9
435000,869.999999993251,-1851863.635464022,-1476120.057086323,299.2736053971771,17.9
435500,870.9999999932273,-1852520.2167457435,-1477259.6919571871,298.8888611259725,17.9
436000,871.9999999932037,-1851607.9877383932,-1476106.828723057,299.08052234594936,17.9
436500,872.99999999318,-1849196.5820887089,-1473493.4469135879,299.2413930487942,17.9
437000,873.9999999931564,-1847916.8074419647,-1470847.4628925112,300.3295564365739,17.9
437500,874.9999999931327,-1850032.3032022342,-1473590.4456410063,299.82977332885747,17.9
438000,875.9999999931091,-1851959.2691429947,-1474870.9652727712,300.34465722500823,17.9
438500,876.9999999930855,-1850215.6169939693,-1474895.5766365542,298.93626430168734,17.9
439000,877.9999999930618,-1852884.0172696728,-1476449.3154081781,299.8240739312322,17.9
439500,878.9999999930382,-1850765.7777463961,-1472809.5920951928,301.0359108474224,17.9
440000,879.9999999930145,-1853431.6404774282,-1474957.6145898788,301.4483621133099,17.9
440500,880.9999999929909,-1852369.7025772445,-1475525.8271437949,300.1499739789214,17.9
441000,881.9999999929672,-1849839.4430340733,-1475200.205627832,298.39401590281255,17.9
441500,882.9999999929436,-1851123.4277084377,-1473616.2377410224,300.6782931399549,17.9
442000,883.9999999929199,-1852364.5165796876,-1474382.334658524,301.0566164506197,17.9
442500,884.9999999928963,-1850987.1543158703,-1476215.8264668842,298.49922377678183,17.9
443000,885.9999999928726,-1850853.773133712,-1474586.9126457004,299.69039102653954,17.9
443500,886.999999992849,-1850668.6113921553,-1473265.8805095085,300.5950931900046,17.9
444000,887.9999999928253,-1850622.9720936548,-1474060.264229479,299.92602861559493,17.9
444500,888.9999999928017,-1848592.982970601,-1472021.557310048,299.93297219760944,17.9
445000,889.999999992778,-1851685.3021369278,-1476272.9071495782,299.00982325163665,17.9
445500,890.9999999927544,-1853094.22656768,-1475364.9816155005,300.85515629799943,17.9
446000,891.9999999927307,-1851392.0633234289,-1473380.5320904166,301.0799926967577,17.9
446500,892.9999999927071,-1852480.1105939504,-1476563.1959387907,299.41166490287975,17.9
447000,893.9999999926835,-1851497.587053189,-1473829.3586370628,300.8065576265003,17.9
447500,894.9999999926598,-1848811.9952322189,-1472972.1705551075,299.35026399811875,17.9
448000,895.9999999926362,-1848467.6430498492,-1471460.903014331,300.27969296670324,17.9
448500,896.9999999926125,-1848246.4010257944,-1471882.1313240107,299.7679758697201,17.9
449000,897.9999999925889,-1848938.716032844,-1472684.867570241,299.6800271614421,17.9
449500,898.9999999925652,-1848424.8916917872,-1471269.9534983172,300.39773037198614,17.9
450000,899.9999999925416,-1849046.064078521,-1474740.106194782,298.12856422234734,17.9
450500,900.9999999925179,-1851006.0352552012,-1472457.802189405,301.50746691524984,17.9
451000,901.9999999924943,-1850975.4584848396,-1473026.5638614572,301.0301036631919,17.9
451500,902.9999999924706,-1852562.8562236764,-1475347.8813056718,300.44554863966033,17.9
452000,903.999999992447,-1852728.3073817547,-1476126.1309494725,299.95746468358607,17.9
452500,904.9999999924233,-1850690.7836913131,-1473362.2238109673,300.5360172016128,17.9
453000,905.9999999923997,-1851289.1703155544,-1473457.611555449,300.93664757008474,17.9
453500,906.999999992376,-1851338.9710366316,-1474345.8721105643,300.26882804647056,17.9
454000,907.9999999923524,-1850959.0461864509,-1473701.3734010663,300.4795567916258,17.9
454500,908.9999999923288,-1851291.6658557188,-1474071.6806926562,300.4495392177797,17.9
455000,909.9999999923051,-1852270.2371960152,-1476536.1305341101,299.2660613306965,17.9
455500,910.9999999922815,-1850289.8460013084,-1474621.8205817644,299.21342870358444,17.9
456000,911.9999999922578,-1851492.7756045647,-1474936.2801426107,299.9210805389862,17.9
456500,912.9999999922342,-1850595.242404893,-1472943.9107651985,300.79309962084614,17.9
457000,913.9999999922105,-1849675.770660907,-1474432.4995433243,298.8751188596617,17.9
457500,914.9999999921869,-1850677.0250991434,-1473460.0900319824,300.44710986635556,17.9
458000,915.9999999921632,-1850175.1276714709,-1474407.0452467105,299.29312246927856,17.9
458500,916.9999999921396,-1850306.65778194,-1474114.9877587364,299.63050305296,17.9
459000,917.9999999921159,-1850558.15716286,-1474275.10856665,299.70328458955413,17.9
459500,918.9999999920923,-1852681.6831218544,-1476884.5388126685,299.316269784182,17.9
460000,919.9999999920686,-1851781.3983378783,-1476139.7413115855,299.1924267102811,17.9
460500,920.999999992045,-1851804.2123503517,-1476219.850185784,299.1467922914224,17.9
461000,921.9999999920213,-1850790.636256259,-1474214.116402804,299.9370296388119,17.9
461500,922.9999999919977,-1850230.1041846648,-1473411.1051207525,300.1301603580664,17.9
462000,923.999999991974,-1849867.5466238707,-1475262.4739650802,298.36680424109574,17.9
462500,924.9999999919504,-1851682.3067546897,-1475121.9051163031,299.9241917445305,17.9
463000,925.9999999919268,-1852151.261043189,-1472975.4058241383,302.00735767969786,17.9
463500,926.9999999919031,-1850147.9779213574,-1475336.7012323956,298.5310423734496,17.9
464000,927.9999999918795,-1853179.4444725327,-1476197.680216195,300.25980016769586,17.9
464500,928.9999999918558,-1849689.9948298223,-1474564.1172469365,298.7816168322132,17.9
465000,929.9999999918322,-1849804.845051229,-1472980.8117844148,300.13417001821625,17.9
465500,930.9999999918085,-1851159.0815853328,-1473787.3817570624,300.5703774634909,17.9
466000,931.9999999917849,-1850318.1827557199,-1471795.1865365189,301.4873661803232,17.9
466500,932.9999999917612,-1850963.5423607528,-1472957.1795965484,301.075876096013,17.9
467000,933.9999999917376,-1848920.2555996384,-1472861.0160057817,299.52502438523135,17.9
467500,934.9999999917139,-1851031.5350960921,-1475968.5572419346,298.7315182285955,17.9
468000,935.9999999916903,-1850841.6215585247,-1477852.923303598,297.0793885050646,17.9
468500,936.9999999916666,-1852903.011714263,-1474937.3075707522,301.0434921706295,17.9
469000,937.999999991643,-1851964.309814671,-1474492.0683748752,300.6504572101723,17.9
469500,938.9999999916193,-1848989.134919634,-1471389.1924660155,300.75216897590525,17.9
470000,939.9999999915957,-1849423.9504502863,-1473594.5388699307,299.34197013712213,17.9
470500,940.999999991572,-1852743.973594563,-1476459.4699589037,299.7044435046417,17.9
471000,941.9999999915484,-1851278.6099227425,-1474463.1589926397,300.1273343276066,17.9
471500,942.9999999915248,-1851271.8914897386,-1474643.4086571487,299.97841730052517,17.9
472000,943.9999999915011,-1851185.9908192065,-1475033.0612522792,299.5996469141151,17.9
472500,944.9999999914775,-1849519.4668042418,-1474279.8627461183,298.87219810686975,17.9
473000,945.9999999914538,-1850131.6956430469,-1474044.1518644858,299.54756820471806,17.9
473500,946.9999999914302,-1853073.4586533569,-1475017.9947746254,301.1149843294444,17.9
474000,947.9999999914065,-1852489.5665785559,-1477693.1072498388,298.5192405887272,17.9
474500,948.9999999913829,-1853032.5448407624,-1475637.8072456508,300.588726667415,17.9
475000,949.9999999913592,-1854337.553192433,-1477709.9341343162,299.9777293183062,17.9
475500,950.9999999913356,-1852584.1829400156,-1473277.1309464495,302.1118537615609,17.9
476000,951.9999999913119,-1852063.5617821869,-1473882.9467499147,301.2146651732302,17.9
476500,952.9999999912883,-1849338.3086387012,-1472839.5054982058,299.8751295499602,17.9
477000,953.9999999912646,-1850092.3083886895,-1472483.116000686,300.7595363971264,17.9
477500,954.999999991241,-1852154.737019645,-1476382.2317558778,299.2966451881002,17.9
478000,955.9999999912174,-1850176.737019645,-1475159.1004363587,298.69540464904895,17.9
478500,956.9999999911937,-1848915.8867129218,-1470903.1880450875,301.0809225394704,17.9
479000,957.9999999911701,-1850837.7530249804,-1472533.972592715,301.31276439684245,17.9
479500,958.9999999911464,-1851695.7251928449,-1473570.4429947939,301.17059347713956,17.9
480000,959.9999999911228,-1851171.8634829465,-1473820.414617892,300.55424790300566,17.9
480500,960.9999999910991,-1852341.3989888802,-1476647.6840038367,299.23389002170273,17.9
481000,961.9999999910755,-1852071.3352470212,-1476061.9233136394,299.4853374698534,17.9
481500,962.9999999910518,-1851584.799132498,-1473404.9287140158,301.21407210054343,17.9
482000,963.9999999910282,-1848946.117446823,-1471993.024652101,300.2369638181652,17.9
482500,964.9999999910045,-1851326.2272246517,-1475362.9658347513,299.44857931792893,17.9
483000,965.9999999909809,-1851947.405712176,-1473710.8646029106,301.2592093774712,17.9
483500,966.9999999909572,-1850491.4116998482,-1474059.9449372375,299.82149722796294,17.9
484000,967.9999999909336,-1850266.2710476276,-1474453.0063616459,299.3291094002438,17.9
484500,968.9999999909099,-1851521.4508769624,-1475052.6664099186,299.85122016826983,17.9
485000,969.9999999908863,-1851785.2508339249,-1475226.43299701,299.9229302726014,17.9
485500,970.9999999908626,-1850927.7048370335,-1473372.56412701,300.7164851209963,17.9
486000,971.999999990839,-1848712.0140282083,-1471818.8262594568,300.18925044624,17.9
486500,972.9999999908154,-1849931.657054942,-1473414.034940632,299.89011855434376,17.9
487000,973.9999999907917,-1850438.7015893627,-1474156.1560530826,299.7028839105603,17.9
487500,974.9999999907681,-1851898.2219349407,-1475684.8175886394,299.6478140852932,17.9
488000,975.9999999907444,-1850402.7696924638,-1473971.8224940652,299.82108340357854,17.9
488500,976.9999999907208,-1851409.315804502,-1474213.9623676974,300.4299204512896,17.9
489000,977.9999999906971,-1851884.5470021274,-1474327.277043611,300.7181810325432,17.9
489500,978.9999999906735,-1850416.9248041455,-1474139.9715622885,299.69842973965547,17.9
490000,979.9999999906498,-1850918.037354011,-1474590.4467369865,299.7387615795227,17.9
490500,980.9999999906262,-1854180.827476753,-1476398.9305577609,300.8970927271121,17.9
491000,981.9999999906025,-1853169.5264528412,-1475987.6458983999,300.4191895211767,17.9
491500,982.9999999905789,-1850846.814945465,-1472033.4537131772,301.7186371569899,17.9
492000,983.9999999905552,-1848539.0014179274,-1471127.1428884703,300.6023632111758,17.9
492500,984.9999999905316,-1848856.051052751,-1471913.3070963058,300.22872113799457,17.9
493000,985.999999990508,-1850874.3978302479,-1474436.5504834193,299.82657925877675,17.9
493500,986.9999999904843,-1854059.1402330343,-1476530.8642788809,300.6950877829977,17.9
494000,987.9999999904607,-1851038.4593775216,-1474745.3968135968,299.71126055080754,17.9
494500,988.999999990437,-1850392.5814009681,-1473524.796162351,300.16901774708833,17.9
495000,989.9999999904134,-1852068.1387188695,-1474614.3995070974,300.6357204886228,17.9
495500,990.9999999903897,-1850269.1978929415,-1473671.265690977,299.9540842236596,17.9
496000,991.9999999903661,-1851828.814824514,-1474880.0870482577,300.2334871524575,17.9
496500,992.9999999903424,-1852001.1373904794,-1473924.018218709,301.13223241563054,17.9
497000,993.9999999903188,-1850250.0117274243,-1474914.0095549636,298.9489776259124,17.9
497500,994.9999999902951,-1852501.1303537358,-1475837.5180582542,300.00639734228844,17.9
498000,995.9999999902715,-1852083.358633861,-1475834.6304812632,299.6759489183951,17.9
498500,996.9999999902478,-1852352.0311168581,-1474708.2625986799,300.7870757184443,17.9
499000,997.9999999902242,-1852741.718765311,-1476894.8604786773,299.3558661528908,17.9
499500,998.9999999902005,-1851359.8861063235,-1475506.9544913496,299.3607034594311,17.9
500000,999.9999999901769,-1852888.5902434848,-1475355.7940892663,300.6986880483075,17.9
