#"Step","Time (ps)","Potential Energy (kJ/mole)","Total Energy (kJ/mole)","Temperature (K)","Speed (ns/day)"
500,1.0000000000000007,-2179062.905201055,-1733230.431665101,300.1033043203177,0
1000,2.0000000000000013,-2184196.963297734,-1740050.744342931,298.9682354283746,16
1500,2.999999999999891,-2190166.1861778665,-1745107.9519269792,299.5821404716183,15.8
2000,3.999999999999781,-2191480.518529553,-1745946.4780816515,299.9024199945691,15.7
2500,4.999999999999671,-2191683.0795061477,-1745024.840869716,300.6591517517088,16
3000,5.999999999999561,-2195986.9500432927,-1751000.6938021085,299.53368989918914,16.1
3500,6.999999999999451,-2197458.812339021,-1753351.4369978965,298.942088618735,16.2
4000,7.999999999999341,-2201776.5290475544,-1754587.0375017533,301.0167541315154,16.3
4500,8.999999999999675,-2199734.369952172,-1754443.162682653,299.7389616474163,16.4
5000,10.000000000000009,-2203981.261036046,-1757579.4936360756,300.4865132157252,16.4
5500,11.000000000000343,-2202185.512359537,-1755615.7662824334,300.5995847371048,16.4
6000,12.000000000000677,-2202907.859498279,-1757755.3229713463,299.64561818202765,16.4
6500,13.00000000000101,-2203303.05213082,-1757369.5571902955,300.17130487908867,16.3
7000,14.000000000001345,-2203318.6781375,-1757571.3419775974,300.04599578092024,16.3
7500,15.000000000001679,-2203677.650225099,-1756483.6170660486,301.0198112285732,16.2
8000,16.00000000000201,-2204147.8888719343,-1757677.846224749,300.5324713468815,16.2
8500,17.000000000001457,-2204034.3335958775,-1760994.2147942213,298.2236860055031,16.2
9000,18.000000000000902,-2204772.56351424,-1758009.807334637,300.72950566697295,16.2
9500,19.000000000000348,-2204733.2868017647,-1758084.991362953,300.6524586850562,16.1
10000,19.999999999999794,-2203773.7803531606,-1755644.3091515529,301.6494828299527,16.1
10500,20.99999999999924,-2206499.1114173755,-1762324.9799187926,298.98702420469203,16.1
11000,21.999999999998685,-2205074.74477051,-1759329.2504025705,300.0447560151187,16
11500,22.99999999999813,-2208832.212667737,-1764578.9735268313,299.0402739481883,16
12000,23.999999999997577,-2208006.2880638335,-1763009.3138690223,299.5409044775118,16
12500,24.999999999997023,-2209456.871644102,-1763578.0902104857,300.1344755649655,15.9
13000,25.99999999999647,-2208932.807510255,-1763008.9374349588,300.1648260915839,15.9
13500,26.999999999995914,-2209987.9099700116,-1762505.9137765819,301.2136478449459,15.9
14000,27.99999999999536,-2207113.5015249997,-1759672.8297957673,301.18583109988805,15.9
14500,28.999999999994806,-2205144.023362128,-1762295.4219890498,298.0947698395376,15.9
15000,29.99999999999425,-2207623.389361877,-1761949.2059907066,299.9967544292425,15.9
15500,30.999999999993697,-2206273.458926758,-1762062.0226113847,299.0121352036666,15.9
16000,31.999999999993143,-2208168.010742506,-1761190.0416966616,300.8743719477511,15.8
16500,32.999999999994365,-2211442.3817391694,-1765309.0684449128,300.305808648505,15.8
17000,33.99999999999559,-2210057.4070279114,-1765471.519706089,299.2641894864115,15.8
17500,34.99999999999681,-2207015.898592461,-1759161.229609089,301.4645051564488,15.8
18000,35.99999999999803,-2207750.517850084,-1760986.4911493196,300.730360893143,15.8
18500,36.999999999999254,-2207505.462363282,-1760745.7995888325,300.7274234025279,15.8
19000,38.000000000000476,-2209053.810281193,-1763560.8033252778,299.87479911169527,15.8
19500,39.0000000000017,-2208277.921949936,-1763691.8186459208,299.2643348705493,15.8
20000,40.00000000000292,-2207867.2989743035,-1763637.8574312893,299.02425506624036,15.8
20500,41.00000000000414,-2210457.445769826,-1765171.2517050595,299.73558710787336,15.8
21000,42.000000000005365,-2207781.2000614908,-1763434.6694341735,299.1030712655639,15.8
21500,43.00000000000659,-2211548.4546898436,-1767432.235657474,298.94804157443605,15.8
22000,44.00000000000781,-2210480.8158789948,-1764536.9271082415,300.1783012801616,15.8
22500,45.00000000000903,-2209108.472859986,-1761664.849097589,301.18781820257743,15.8
23000,46.00000000001025,-2213621.074520627,-1767997.5410113586,299.96266047731586,15.8
23500,47.000000000011475,-2211579.0897635818,-1764177.1669880715,301.1597480087243,15.8
24000,48.0000000000127,-2210525.2087715417,-1765845.6838518397,299.3272197818707,15.8
24500,49.00000000001392,-2212025.0045065694,-1764456.6547971154,301.2717750048924,15.8
25000,50.00000000001514,-2211536.100832034,-1764953.4535316871,300.6082689401514,15.8
25500,51.000000000016364,-2210907.0830875076,-1763984.5194681338,300.8370768816713,15.8
26000,52.000000000017586,-2209757.0015821066,-1764953.028224302,299.4109897845264,15.8
26500,53.00000000001881,-2210820.594131168,-1763965.8185402122,300.7914467122035,15.8
27000,54.00000000002003,-2211434.593996484,-1765301.0202701858,300.30598395317844,15.8
27500,55.00000000002125,-2212637.3035754543,-1765767.7205106313,300.8014140701237,15.8
28000,56.000000000022474,-2213385.3855105005,-1767212.8829449243,300.3321881307434,15.8
28500,57.0000000000237,-2212140.4603957552,-1766934.2643512676,299.68173802408114,15.8
29000,58.00000000002492,-2211135.8082792163,-1765775.3911900374,299.7855488675142,15.8
29500,59.00000000002614,-2210013.440319432,-1764073.9502460407,300.1753403841044,15.8
30000,60.00000000002736,-2212242.077925902,-1767984.2614048528,299.0433551210225,15.8
30500,61.000000000028585,-2212029.250301756,-1765127.440246752,300.82310703063183,15.8
31000,62.00000000002981,-2213491.0431500524,-1768523.239456789,299.52126893182395,15.8
31500,63.00000000003103,-2213232.1715412885,-1767344.4035337458,300.1405246993152,15.8
32000,64.00000000003224,-2212998.2588068005,-1766734.8227612646,300.3933982027526,15.8
32500,65.00000000002991,-2212866.0920770243,-1768161.6021984695,299.3440244497419,15.8
33000,66.00000000002758,-2211749.419139087,-1767702.1380420066,298.9016373679207,15.8
33500,67.00000000002525,-2211905.497918023,-1767285.9145015592,299.2868713455061,15.8
34000,68.00000000002292,-2214601.7981636394,-1769172.9350817567,299.8316219326163,15.7
34500,69.00000000002059,-2212070.6787992194,-1766661.8101935156,299.81816304676653,15.8
35000,70.00000000001826,-2212219.6184142586,-1765648.5669843536,300.6004634095035,15.7
35500,71.00000000001593,-2212038.8287857007,-1765621.0973851108,300.49725906673547,15.8
36000,72.0000000000136,-2214409.6783271004,-1768892.4311885387,299.8911159108099,15.8
36500,73.00000000001127,-2211828.3127624616,-1762972.2658923217,302.13856285868167,15.8
37000,74.00000000000894,-2212823.4766830765,-1766705.1102444269,300.2957474685257,15.8
37500,75.00000000000661,-2211546.354287956,-1765036.1343905393,300.55951586756737,15.8
38000,76.00000000000428,-2212818.50543331,-1767371.9612010205,299.8435236490146,15.8
38500,77.00000000000195,-2212445.146307189,-1766185.912746523,300.39056938325064,15.8
39000,77.99999999999962,-2215856.222191943,-1769962.1865789383,300.14474361386476,15.8
39500,78.99999999999729,-2214481.7141464,-1770519.6046850246,298.8443057673156,15.8
40000,79.99999999999496,-2214606.2986691184,-1769826.0693727145,299.3950069396076,15.8
40500,80.99999999999262,-2214630.578417957,-1770403.6681219041,299.0225512074542,15.8
41000,81.9999999999903,-2213096.1108469553,-1766897.1248495867,300.3500149286156,15.8
41500,82.99999999998796,-2215876.8689667694,-1770392.107957479,299.8692485159531,15.8
42000,83.99999999998563,-2213244.835984707,-1768548.3485648884,299.338637753052,15.8
42500,84.9999999999833,-2214199.5664733555,-1766962.0450689476,301.0490844800871,15.8
43000,85.99999999998097,-2215098.833292406,-1769951.3853793899,299.6421928822986,15.8
43500,86.99999999997864,-2213423.399926385,-1767397.740313659,300.23334370378404,15.8
44000,87.99999999997631,-2217146.3842791207,-1772200.1248514792,299.50676683588864,15.8
44500,88.99999999997398,-2212608.8784058,-1765879.1141948418,300.70729777635484,15.8
45000,89.99999999997165,-2214509.219954338,-1770134.284318065,299.1221915350662,15.8
45500,90.99999999996932,-2213293.9955319595,-1769240.195459424,298.9060254872051,15.8
46000,91.99999999996699,-2213716.292240005,-1768584.158780298,299.6318842612027,15.8
46500,92.99999999996466,-2216490.2530344278,-1774207.3154397055,297.71400446443465,15.8
47000,93.99999999996233,-2213739.863949988,-1768348.8834963378,299.8061219913071,15.8
47500,94.99999999996,-2216794.4872510936,-1769723.2449279302,300.93715700803676,15.8
48000,95.99999999995767,-2215942.6135363877,-1771038.0914109682,299.4786721970866,15.8
48500,96.99999999995534,-2214837.4054766223,-1771436.676835464,298.46642338070285,15.8
49000,97.999999999953,-2215281.0100469645,-1770022.7538383938,299.7167812930042,15.8
49500,98.99999999995067,-2212204.5466929264,-1766205.309937133,300.21555768067964,15.8
50000,99.99999999994834,-2212808.01483527,-1767568.5536227417,299.7041298134649,15.8
50500,100.99999999994601,-2214221.7434500214,-1768294.1620345302,300.16732430677035,15.8
51000,101.99999999994368,-2215974.924085321,-1770406.535858232,299.92554052221584,15.8
51500,102.99999999994135,-2214147.3626924567,-1768996.6587942862,299.64438458425315,15.8
52000,103.99999999993902,-2215065.3776990883,-1770636.7064450602,299.1583626024632,15.8
52500,104.99999999993669,-2214666.0688632857,-1768663.9473950898,300.2174994677306,15.8
53000,105.99999999993436,-2214136.8550861515,-1768309.345171988,300.09996315656406,15.8
53500,106.99999999993203,-2214191.2492930386,-1770261.9454467185,298.82222331692725,15.8
54000,107.9999999999297,-2216157.8199753277,-1769326.9889370117,300.77532891057587,15.8
54500,108.99999999992737,-2215293.2968211565,-1769374.1677200433,300.1616347986602,15.8
55000,109.99999999992504,-2215052.851702677,-1768538.651467436,300.5621951531832,15.8
55500,110.99999999992271,-2214830.853441879,-1767754.5992758365,300.9405306308616,15.8
56000,111.99999999992038,-2215325.331784874,-1768655.0809303327,300.667237538548,15.8
56500,112.99999999991805,-2214991.685343925,-1771291.5927903436,298.66793427245085,15.8
57000,113.99999999991572,-2215394.590981584,-1769581.345381591,300.090361415842,15.8
57500,114.99999999991338,-2213671.443953784,-1767760.5394561868,300.1560985696093,15.8
58000,115.99999999991105,-2215603.546843948,-1770410.5982101716,299.67282079179284,15.8
58500,116.99999999990872,-2213298.323226722,-1768087.3127443558,299.68497876763746,15.8
59000,117.9999999999064,-2214634.769530274,-1768049.915716264,300.609754211146,15.8
59500,118.99999999990406,-2212985.06445078,-1767367.0142147986,299.9589695204438,15.8
60000,119.99999999990173,-2213959.0587964524,-1769037.8067626646,299.48993360373674,15.8
60500,120.9999999998994,-2214504.6200097054,-1770251.4642520815,299.0402178203827,15.8
61000,121.99999999989707,-2214022.8899457883,-1768148.2500830817,300.13168774849004,15.8
61500,122.99999999989474,-2214777.0376151204,-1770269.6428720525,299.21135376078126,15.8
62000,123.99999999989241,-2216607.583667824,-1772006.760807278,299.2742430486547,15.8
62500,124.99999999989008,-2216396.4247096907,-1771875.8554664156,299.2202219148069,15.8
63000,125.99999999988775,-2213065.550492497,-1766541.2470796658,300.5689959071861,15.8
63500,126.99999999988542,-2214228.28453926,-1767876.4674135982,300.4528901773386,15.8
64000,127.99999999988309,-2214134.4838939067,-1768579.2348340782,299.91669615186385,15.8
64500,128.99999999988785,-2214940.2444874905,-1769087.6067753646,300.11687743635844,15.8
65000,129.99999999989262,-2212866.4420370553,-1767330.0583270895,299.9039973150429,15.8
65500,130.9999999998974,-2215724.3628455773,-1768673.478860668,300.9234531956337,15.8
66000,131.99999999990217,-2211695.059729051,-1768317.034961299,298.4511407177419,15.8
66500,132.99999999990695,-2213874.136293132,-1767885.626265159,300.2083371961823,15.8
67000,133.99999999991172,-2211674.804014668,-1765390.8273904198,300.40722468671277,15.8
67500,134.9999999999165,-2214117.02551418,-1767878.579952159,300.37657635346045,15.8
68000,135.99999999992127,-2213909.6502031367,-1768506.8525608825,299.8140764978951,15.8
68500,136.99999999992605,-2215305.2090602815,-1769959.916796993,299.7753678903615,15.8
69000,137.99999999993082,-2215165.465292899,-1768327.0572524641,300.78042921956563,15.8
69500,138.9999999999356,-2214799.394227227,-1768801.5186686832,300.2146414176959,15.8
70000,139.99999999994037,-2215567.668120047,-1768561.2904703217,300.8934946371062,15.8
70500,140.99999999994515,-2214730.7690963503,-1768563.4370155786,300.32870772124676,15.8
71000,141.99999999994992,-2215060.8116241973,-1768691.661165145,300.4645577675977,15.8
71500,142.9999999999547,-2215627.322639663,-1768776.696623616,300.78865350799447,15.8
72000,143.99999999995947,-2217229.813718669,-1772665.7217985427,299.24951834319927,15.8
72500,144.99999999996425,-2215278.9017296378,-1770179.0234150197,299.6101723487757,15.7
73000,145.99999999996902,-2216163.656363912,-1769983.6698266468,300.3372258181407,15.8
73500,146.9999999999738,-2216496.960261332,-1770935.8750217631,299.920624660729,15.8
74000,147.99999999997857,-2216909.7867016327,-1771950.0845353755,299.5158155492892,15.7
74500,148.99999999998334,-2214102.934991734,-1768988.185168262,299.62018281057965,15.7
75000,149.99999999998812,-2214233.8153649606,-1767006.058015082,301.04251200005973,15.7
75500,150.9999999999929,-2213160.4329772834,-1767122.6464642086,300.2415066867023,15.8
76000,151.99999999999767,-2214788.7022759374,-1769133.266684675,299.9841347323093,15.7
76500,153.00000000000244,-2213638.435630562,-1766264.7220033654,301.1407595789362,15.8
77000,154.00000000000722,-2213908.066236399,-1768283.4195198943,299.963409810731,15.8
77500,155.000000000012,-2215053.6277976166,-1769972.8239622922,299.5973327406179,15.8
78000,156.00000000001677,-2215793.7174352836,-1769746.3158872232,300.2479788571735,15.8
78500,157.00000000002154,-2216524.893497294,-1771535.1792865864,299.5360175629234,15.8
79000,158.00000000002632,-2216492.6714864504,-1771668.1226758263,299.4248397433014,15.8
79500,159.0000000000311,-2214398.0511429384,-1768208.7309897314,300.34350855695345,15.8
80000,160.00000000003587,-2216135.8941375166,-1769613.5373635725,300.5676855657526,15.8
80500,161.00000000004064,-2211909.3204596285,-1764344.6281100335,301.2693131255008,15.8
81000,162.00000000004542,-2216927.299630167,-1770961.2676592302,300.1932065370411,15.8
81500,163.0000000000502,-2217097.6445262507,-1770316.3925452647,300.7419557495501,15.8
82000,164.00000000005497,-2212787.451207664,-1768198.9908888382,299.2659214484118,15.8
82500,165.00000000005974,-2213114.9342564642,-1766055.03087543,300.92952442359655,15.8
83000,166.00000000006452,-2213511.9342564642,-1769377.9242742371,298.96001720016136,15.8
83500,167.0000000000693,-2215108.2249134313,-1770084.054121219,299.5592113286963,15.8
84000,168.00000000007407,-2213872.2459234875,-1767878.2656200142,300.2120194038515,15.8
84500,169.00000000007884,-2217832.6647765785,-1772869.3571037739,299.5182425246507,15.8
85000,170.00000000008362,-2217803.3666188642,-1772789.414120541,299.55233308643574,15.8
85500,171.0000000000884,-2214804.5348176993,-1768915.467247652,300.14139947409035,15.8
86000,172.00000000009317,-2212458.563105492,-1768776.1717710362,298.65601904719153,15.8
86500,173.00000000009794,-2214690.0594356935,-1765979.1922557126,302.0408380240787,15.8
87000,174.00000000010272,-2216271.2635669373,-1769544.4195907512,300.7053320781239,15.8
87500,175.0000000001075,-2213482.2660885584,-1769801.8949415535,298.6546591979985,15.8
88000,176.00000000011227,-2214585.691277953,-1769645.3158394494,299.5028061450738,15.8
88500,177.00000000011704,-2214015.726721691,-1768902.562880104,299.61911523826825,15.8
89000,178.00000000012182,-2216971.0767126046,-1769963.9181617764,300.8940202852256,15.8
89500,179.0000000001266,-2214264.075105345,-1768316.9710263254,300.180465601274,15.8
90000,180.00000000013137,-2216930.9569715336,-1771893.655259552,299.568050147413,15.8
90500,181.00000000013614,-2216448.4845208637,-1772006.1141356379,299.16758390145503,15.8
91000,182.00000000014091,-2215880.863690013,-1770089.9800465978,300.0753089074259,15.8
91500,183.0000000001457,-2214885.124809308,-1769238.1461121617,299.9784421414389,15.8
92000,184.00000000015046,-2217334.219315348,-1772122.7666473635,299.68527641613343,15.8
92500,185.00000000015524,-2216733.063322481,-1769751.400957067,300.87685803271006,15.8
93000,186.00000000016001,-2215038.189297188,-1769718.521692054,299.75811915896406,15.8
93500,187.0000000001648,-2218337.9096636586,-1773405.1913858107,299.49765187895173,15.8
94000,188.00000000016956,-2218064.2685340326,-1771831.6949111677,300.3726237738525,15.8
94500,189.00000000017434,-2216139.3412490226,-1769583.5740677381,300.5901751200959,15.8
95000,190.0000000001791,-2215060.600159239,-1768624.1371004146,300.5098679116834,15.8
95500,191.0000000001839,-2216514.536236055,-1770191.7144188269,300.43337255942794,15.8
96000,192.00000000018866,-2215841.048589874,-1769704.477223046,300.30800175556317,15.8
96500,193.00000000019344,-2215015.906342866,-1768219.2226537177,300.75234329842925,15.8
97000,194.0000000001982,-2214271.133457372,-1769843.1194315203,299.157920202326,15.8
97500,195.000000000203,-2214488.2131093573,-1766336.4615596447,301.6644804052406,15.8
98000,196.00000000020776,-2214644.3378208373,-1769510.0796906438,299.6333144410829,15.8
98500,197.00000000021254,-2213381.917426102,-1767066.6792426824,300.42826778644735,15.8
99000,198.0000000002173,-2215488.1179625858,-1768275.1885246518,301.03253088465226,15.8
99500,199.0000000002221,-2215167.392265316,-1770157.9451464037,299.54930037946923,15.8
100000,200.00000000022686,-2214901.3285970762,-1768559.1088800973,300.44642987166424,15.8
100500,201.00000000023164,-2215752.755801143,-1768655.213392867,300.9548603897209,15.8
101000,202.0000000002364,-2213503.0117242374,-1767775.5710795755,300.0326035086672,15.8
101500,203.0000000002412,-2216939.4176994544,-1770517.258222844,300.50023973845504,15.8
102000,204.00000000024596,-2214178.942296194,-1767666.153923433,300.56124478590243,15.8
102500,205.00000000025074,-2214529.9318478387,-1769929.9295436908,299.2736907073583,15.8
103000,206.0000000002555,-2216703.674836617,-1770655.9271953683,300.2482118229523,15.8
103500,207.0000000002603,-2216087.7306671403,-1770755.6699277773,299.76646135194875,15.8
104000,208.00000000026506,-2214962.370603135,-1768668.8453539864,300.4136521545497,15.8
104500,209.00000000026984,-2214893.6808037553,-1769567.6982354533,299.7623699514161,15.8
105000,210.0000000002746,-2214660.337798808,-1769667.984840802,299.5377937834333,15.8
105500,211.00000000027939,-2216336.127998218,-1769366.9572342662,300.86844955845686,15.8
106000,212.00000000028416,-2216777.3186637815,-1771694.8643217543,299.5984437465331,15.8
106500,213.00000000028894,-2216296.4391128942,-1770820.9168112874,299.8630296627557,15.8
107000,214.0000000002937,-2215931.656334566,-1770792.4386224987,299.6366528854465,15.8
107500,215.00000000029848,-2217408.202138204,-1771267.3953820975,300.3108527240166,15.8
108000,216.00000000030326,-2217725.4744121544,-1771491.6568968368,300.37346107543425,15.8
108500,217.00000000030803,-2216617.218418937,-1770213.6135077006,300.48775010006074,15.8
109000,218.0000000003128,-2216980.1178188585,-1770028.902970631,300.8563628892239,15.8
109500,219.00000000031758,-2216930.2181546595,-1771691.1236765247,299.70388295346726,15.8
110000,220.00000000032236,-2217932.437506443,-1770846.8554089372,300.94680954327987,15.8
110500,221.00000000032713,-2215940.17304313,-1768433.405888716,301.2303219269921,15.8
111000,222.0000000003319,-2214591.0249492396,-1767208.6186844395,301.1466108558685,15.8
111500,223.00000000033668,-2215536.9236760885,-1769847.9483758342,300.00671132349953,15.8
112000,224.00000000034146,-2217239.8549907506,-1772151.877877875,299.6021612904066,15.8
112500,225.00000000034623,-2215920.6663355734,-1771016.5129211869,299.4784240065533,15.8
113000,226.000000000351,-2218127.4218796603,-1772399.13244644,300.0331748538838,15.8
113500,227.00000000035578,-2215744.417677924,-1768857.5295712317,300.81306261650536,15.8
114000,228.00000000036056,-2215149.17424096,-1768694.7827264147,300.52193609675857,15.8
114500,229.00000000036533,-2215268.0156416297,-1771767.6902444558,298.5334649655001,15.8
115000,230.0000000003701,-2216797.887244584,-1771656.2173363045,299.6383035327855,15.8
115500,231.00000000037488,-2217395.1358663123,-1772553.8682642211,299.4360936668295,15.8
116000,232.00000000037966,-2216267.219540689,-1769668.539611456,300.61906098692094,15.8
116500,233.00000000038443,-2217835.018254794,-1772759.2607805713,299.593935882535,15.8
117000,234.0000000003892,-2214359.8308033776,-1767468.20261316,300.81625330990056,15.8
117500,235.00000000039398,-2216127.1206826717,-1770778.8438940048,299.7773768645412,15.8
118000,236.00000000039876,-2216953.760501655,-1770427.8804781334,300.570057171463,15.8
118500,237.00000000040353,-2215708.117471654,-1770230.6939740342,299.86430941521775,15.8
119000,238.0000000004083,-2217207.931722069,-1770775.4276307255,300.5072030110913,15.8
119500,239.00000000041308,-2215556.3924794514,-1770108.153772194,299.84466425129744,15.8
120000,240.00000000041786,-2213847.358426554,-1767941.5414972168,300.15267397374333,15.8
120500,241.00000000042263,-2213986.789793417,-1769483.8797007208,299.20833500715696,15.8
121000,242.0000000004274,-2215100.8032797016,-1767568.6014566487,301.247442770708,15.8
121500,243.00000000043218,-2216898.0001352187,-1771407.003002637,299.87344623890266,15.8
122000,244.00000000043696,-2214877.034606438,-1769216.5079178605,299.9875617036888,15.8
122500,245.00000000044173,-2218399.7744043246,-1772154.7673667185,300.38099308086635,15.8
123000,246.0000000004465,-2216451.450727446,-1771924.1355337447,299.2247628178003,15.8
123500,247.00000000045128,-2217793.3479982093,-1772737.6427514497,299.58043812255136,15.8
124000,248.00000000045605,-2215216.4703041054,-1769746.8174592883,299.85907875410345,15.8
124500,249.00000000046083,-2219199.1108610164,-1773234.938767807,300.1919545971651,15.8
125000,250.0000000004656,-2217241.172007328,-1773167.357916668,298.9194975273287,15.8
125500,251.00000000047038,-2216710.8885124233,-1771487.8294636789,299.69308902159395,15.8
126000,252.00000000047515,-2215362.3857673686,-1770247.2052732054,299.6204727080303,15.8
126500,253.00000000047993,-2214391.694198452,-1768568.5831192802,300.0970021678642,15.8
127000,254.0000000004847,-2216538.715114996,-1770193.8936848557,300.4481811633779,15.8
127500,255.00000000048948,-2217733.225143058,-1770842.6023481367,300.81557654795876,15.8
128000,256.00000000049425,-2217502.0971519817,-1771998.3355255676,299.88203840525307,15.8
128500,257.000000000499,-2217210.208135236,-1770800.1895840482,300.49206731483605,15.8
129000,258.0000000005038,-2217105.1699237283,-1771466.8717802293,299.9725989985826,15.8
129500,259.0000000005086,-2215164.4614495263,-1769412.4015697755,300.0491754594302,15.8
130000,260.00000000051335,-2216941.550881883,-1770506.55734751,300.50887873038823,15.8
130500,261.0000000005181,-2216533.949636327,-1770188.872603895,300.4483532170011,15.8
131000,262.0000000005229,-2215711.162702283,-1770504.280761351,299.6821997216952,15.8
131500,263.0000000005277,-2214040.090306921,-1767854.628262657,300.3409115472895,15.8
132000,264.00000000053245,-2215898.8319949675,-1772955.072336059,298.15882375598875,15.8
132500,265.0000000005372,-2217487.8977375403,-1772549.57279832,299.5014258920709,15.8
133000,266.000000000542,-2216519.331935728,-1770468.5107032715,300.2502807500322,15.9
133500,267.0000000005468,-2216747.3841145914,-1770294.4739950602,300.52093892502916,15.9
134000,268.00000000055155,-2218310.087694334,-1773139.430249418,299.657815919265,15.8
134500,269.0000000005563,-2217462.7356851343,-1771565.3015018352,300.1470312941838,15.8
135000,270.0000000005611,-2216323.693788465,-1771512.7694003412,299.4156687329904,15.8
135500,271.0000000005659,-2217769.1178546026,-1773286.8472039741,299.1944419752863,15.8
136000,272.00000000057065,-2216992.8093524687,-1771409.5525246444,299.93554902647736,15.8
136500,273.0000000005754,-2216600.423554171,-1771151.1274546525,299.84537601396687,15.8
137000,274.0000000005802,-2215870.101599451,-1769590.017805982,300.40460430473246,15.8
137500,275.000000000585,-2217286.917732779,-1770271.9056701066,300.89930672126343,15.8
138000,276.00000000058975,-2218187.4533435497,-1772090.700146864,300.28119894253126,15.8
138500,277.0000000005945,-2219506.116059212,-1774265.2301590284,299.7050888137583,15.8
139000,278.0000000005993,-2213893.299761327,-1767201.4417171683,300.68178199052517,15.8
139500,279.0000000006041,-2216523.599873578,-1770830.8597464012,300.00924554221797,15.8
140000,280.00000000060885,-2217359.7458981443,-1772534.5451554498,299.4252785784696,15.8
140500,281.0000000006136,-2215680.255946044,-1770227.3819510553,299.8477844034783,15.8
141000,282.0000000006184,-2213230.7169890627,-1767976.178061356,299.714279078974,15.8
141500,283.0000000006232,-2218520.1111816633,-1773713.211498491,299.4129595825213,15.8
142000,284.00000000062795,-2219533.3517184015,-1774434.4507959918,299.60951443655813,15.8
142500,285.0000000006327,-2219337.8304750323,-1774698.1685358633,299.3003868056115,15.8
143000,286.0000000006375,-2216444.1320060585,-1771116.4515647495,299.7635128410215,15.8
143500,287.0000000006423,-2219435.6068036575,-1773623.0355562977,300.08990748871565,15.8
144000,288.00000000064705,-2216109.653763188,-1770324.7850472888,300.07126007803373,15.8
144500,289.0000000006518,-2217356.3439093046,-1772888.449316071,299.18476501682443,15.8
145000,290.0000000006566,-2218851.4794513974,-1772991.7344422946,300.12166157262965,15.8
145500,291.0000000006614,-2216032.7674050853,-1771072.3407710886,299.5163032104072,15.8
146000,292.00000000066615,-2216613.1153479367,-1771615.8227996146,299.54111877087564,15.8
146500,293.0000000006709,-2213879.743429363,-1767837.3994033192,300.24457448634126,15.8
147000,294.0000000006757,-2217901.997273024,-1771524.986503458,300.4698487800253,15.8
147500,295.0000000006805,-2217879.8769458663,-1771527.7699651793,300.45308528751127,15.8
148000,296.00000000068525,-2215675.9074325804,-1769631.1371568837,300.24620766826786,15.8
148500,297.00000000069,-2217553.6200460903,-1773650.5570531616,298.80455980590386,15.8
149000,298.0000000006948,-2218391.3790058494,-1772001.8275820736,300.4782902731648,15.8
149500,299.0000000006996,-2218269.249325432,-1771526.7294971112,300.7158839676852,15.8
150000,300.00000000070435,-2215578.177577272,-1770734.4920707499,299.43772123133493,15.8
150500,301.0000000007091,-2218159.714476101,-1770029.5389282894,301.6499569466574,15.8
151000,302.0000000007139,-2215712.2098301407,-1768650.2458195565,300.93091149558796,15.8
151500,303.00000000071867,-2214410.1417736765,-1766982.279022115,301.1772089901222,15.8
152000,304.00000000072345,-2219223.962703351,-1772353.468397859,300.80202745374214,15.8
152500,305.0000000007282,-2221190.1506524067,-1777204.0408128626,298.86046114679317,15.8
153000,306.000000000733,-2216102.2082601357,-1769811.1331481517,300.41200289321785,15.8
153500,307.00000000073777,-2216881.58937026,-1770846.3647270119,300.23978221474044,15.8
154000,308.00000000074255,-2215789.1331511717,-1770861.4237672165,299.4942802411788,15.8
154500,309.0000000007473,-2216268.7210917976,-1770677.966371076,299.9405960846606,15.9
155000,310.0000000007521,-2217946.2063262686,-1771341.8464513547,300.6228843299216,15.9
155500,311.00000000075687,-2216254.897725709,-1771837.9189048714,299.1504920725121,15.9
156000,312.00000000076164,-2217749.0455170106,-1772443.3214384113,299.748733350089,15.9
156500,313.0000000007664,-2217778.4745668788,-1773238.2714134203,299.23343809279413,15.9
157000,314.0000000007712,-2219804.809782965,-1775144.060603393,299.3145812640675,15.9
157500,315.00000000077597,-2221107.2279822603,-1776374.3361046684,299.36314269317694,15.9
158000,316.00000000078074,-2218730.070913721,-1774190.4210440465,299.23306566076707,15.9
158500,317.0000000007855,-2217571.796340974,-1773056.2787285515,299.21682150949533,15.9
159000,318.0000000007903,-2216790.525018502,-1770831.7419777308,300.18832706319256,15.9
159500,319.00000000079507,-2216633.172484612,-1771841.8353426342,299.4024839659762,15.9
160000,320.00000000079984,-2219607.370184129,-1774557.8460585088,299.5762774232114,15.9
160500,321.0000000008046,-2219169.0362143368,-1773177.9896186073,300.2100446365565,15.9
161000,322.0000000008094,-2216417.8014845233,-1770832.256527673,299.9370892352378,15.9
161500,323.00000000081417,-2215877.033352725,-1770370.9649479238,299.88359116746193,15.9
162000,324.00000000081894,-2213379.555736745,-1766849.8632859068,300.5726234314443,15.9
162500,325.0000000008237,-2215310.8130882382,-1768274.9252601957,300.91335882948715,15.9
163000,326.0000000008285,-2215922.2017550264,-1769154.3804066167,300.7329151850904,15.9
163500,327.00000000083327,-2216381.4319216516,-1770655.2301658753,300.0317695751377,15.9
164000,328.00000000083804,-2216698.1228012294,-1771804.2689070543,299.4714910884017,15.9
164500,329.0000000008428,-2214027.22089117,-1768179.5411494765,300.1135400767048,15.9
165000,330.0000000008476,-2216960.739539461,-1771895.8041084309,299.586651238382,15.9
165500,331.00000000085237,-2214022.10779934,-1767857.7848332466,300.3266821952664,15.9
166000,332.00000000085714,-2217354.8285037,-1770608.7097483315,300.7183065141868,15.9
166500,333.0000000008619,-2215686.5118707865,-1769483.6606592876,300.3526167209958,15.9
167000,334.0000000008667,-2216990.6299005467,-1773053.5645522275,298.82744781835925,15.9
167500,335.00000000087147,-2216781.9852398485,-1769679.0569468397,300.9584857914153,15.9
168000,336.00000000087624,-2215064.034873005,-1770891.1725332644,298.9861698955403,15.9
168500,337.000000000881,-2215318.3303538654,-1770730.0069390377,299.2658292941957,15.9
169000,338.0000000008858,-2215793.28799773,-1770391.36601955,299.8134870619573,15.9
169500,339.00000000089057,-2218158.3874690533,-1772713.4179324545,299.84246367378165,15.9
170000,340.00000000089534,-2216592.199857045,-1770900.811754807,300.0083354533936,15.9
170500,341.0000000009001,-2215160.631697029,-1768095.1101172809,300.9333062028486,15.9
171000,342.0000000009049,-2215145.6439758036,-1770540.1634595697,299.277378257383,15.9
171500,343.00000000090967,-2217502.294813186,-1773723.0986692866,298.72118128842027,15.9
172000,344.00000000091444,-2216884.2114119586,-1770987.9205375975,300.14626169840403,15.9
172500,345.0000000009192,-2214887.2832485344,-1766539.513246834,301.7964263460169,15.9
173000,346.000000000924,-2216276.2187448237,-1771024.83914836,299.7121524376867,15.9
173500,347.00000000092876,-2214951.3321973514,-1770517.9554831875,299.16152998980914,15.9
174000,348.00000000093354,-2215571.7977541406,-1770356.8319597964,299.68764120760017,15.9
174500,349.0000000009383,-2218091.484226359,-1772360.0619467972,300.03528366738374,15.9
175000,350.0000000009431,-2218509.576583829,-1773583.380198314,299.49326179622835,15.9
175500,351.00000000094786,-2217159.9861267395,-1771613.5133412404,299.91078857652514,15.9
176000,352.00000000095264,-2218117.248117909,-1771500.3225318952,300.6313426896105,15.9
176500,353.0000000009574,-2216589.914775884,-1771283.9293545661,299.7489092677666,15.9
177000,354.0000000009622,-2218724.38153708,-1773055.2790241009,299.9933343501263,15.9
177500,355.00000000096696,-2217213.19095999,-1772988.3471489525,299.02116019397215,15.9
178000,356.00000000097174,-2219127.917557966,-1771824.450492574,301.0934744963862,15.9
178500,357.0000000009765,-2218425.521599032,-1772636.5378410204,300.07403003717457,15.9
179000,358.0000000009813,-2217792.859684948,-1772810.6615885978,299.53095823932495,15.9
179500,359.00000000098606,-2215392.411605889,-1771483.064499058,298.8087898327832,15.9
180000,360.00000000099084,-2218764.035743803,-1772248.8204285507,300.56287843419904,15.9
180500,361.0000000009956,-2215503.358523123,-1770012.0905933455,299.8736285206745,15.9
181000,362.0000000010004,-2217164.2124329396,-1770222.73144853,300.8498107314764,15.9
181500,363.00000000100516,-2215215.2447775993,-1768241.1877685348,300.8717386376314,15.9
182000,364.00000000100994,-2216861.639407506,-1770546.3883783324,300.4282764333125,15.9
182500,365.0000000010147,-2214680.1751139387,-1768490.687739456,300.343621118645,15.9
183000,366.0000000010195,-2217407.8595764767,-1769984.8222826857,301.1739608287439,15.9
183500,367.00000000102426,-2214432.128698569,-1766059.5703120932,301.81311215654296,15.9
184000,368.00000000102904,-2217574.262381021,-1771512.1246914081,300.2578981991579,15.9
184500,369.0000000010338,-2215006.4540719967,-1768960.0426141422,300.2473123975502,15.9
185000,370.0000000010386,-2217252.7002114914,-1771795.7742744698,299.85051188804965,15.9
185500,371.00000000104336,-2217928.2753165364,-1771390.0053348576,300.5783972265378,15.9
186000,372.00000000104814,-2217818.8933303095,-1772028.210270476,300.0751738885583,15.9
186500,373.0000000010529,-2218479.092049392,-1771532.887055892,300.85299060468384,15.9
187000,374.0000000010577,-2218123.475449426,-1773549.1737212911,299.25639087335725,15.9
187500,375.00000000106246,-2217375.3112419713,-1771724.3869270883,299.9810980559152,15.9
188000,376.00000000106724,-2217471.3545093164,-1771342.1920841488,300.3030145731441,15.9
188500,377.000000001072,-2219937.640443394,-1773356.8164242608,300.60704163449435,15.9
189000,378.0000000010768,-2218227.9828608595,-1770639.2722141119,301.28548056678756,15.9
189500,379.00000000108156,-2216263.1866263207,-1771288.7903562807,299.5257065943812,15.9
190000,380.00000000108633,-2218357.029937092,-1773288.6198374617,299.5889901427692,15.9
190500,381.0000000010911,-2216914.4866593946,-1770795.1376860782,300.2964088422874,15.9
191000,382.0000000010959,-2216507.3041664064,-1770767.1018199152,300.04119379563605,15.9
191500,383.00000000110066,-2218770.874019934,-1772853.6287241192,300.1603667524135,15.9
192000,384.00000000110543,-2216177.414724257,-1771193.973728746,299.53179487229187,15.9
192500,385.0000000011102,-2218202.3758823015,-1772679.8236279706,299.8946869444754,15.9
193000,386.000000001115,-2216502.759486532,-1770575.249280362,300.1672763736255,15.9
193500,387.00000000111976,-2217514.1335745063,-1770995.0066424324,300.56551146163235,15.9
194000,388.00000000112453,-2213612.4317188896,-1767562.1129039822,300.24994255760436,15.9
194500,389.0000000011293,-2216734.6357394513,-1769459.8572829794,301.0741633271816,15.9
195000,390.0000000011341,-2215267.880376881,-1770575.546416664,299.33584193393875,15.9
195500,391.00000000113886,-2216057.7793936916,-1771848.38686883,299.01075946654055,15.9
196000,392.00000000114363,-2217962.9001035094,-1771881.539689377,300.2708375956553,15.9
196500,393.0000000011484,-2218736.507803127,-1771898.6579612065,300.7800534792853,15.9
197000,394.0000000011532,-2217407.998677736,-1769994.9104105344,301.16726383843593,15.9
197500,395.00000000115796,-2216207.519354537,-1769807.856443761,300.4850966204825,15.9
198000,396.00000000116273,-2218209.18851801,-1771619.1163838087,300.6132668200863,15.9
198500,397.0000000011675,-2220266.341018012,-1773271.132326273,300.8859764741267,15.9
199000,398.0000000011723,-2217295.154289959,-1770424.9178209538,300.801853896215,15.9
199500,399.00000000117706,-2218420.3020742964,-1772948.8284355393,299.86030438550165,15.9
200000,400.00000000118183,-2217438.2223591134,-1772793.4000456813,299.30386040939726,15.9
200500,401.0000000011866,-2216849.7864896376,-1770876.576149922,300.1980385138889,15.9
201000,402.0000000011914,-2215340.2782100663,-1770618.7793333367,299.35547372017055,15.9
201500,403.00000000119616,-2216132.638337828,-1773296.2597316373,298.0865423259567,15.9
202000,404.00000000120093,-2216705.6364992894,-1769366.9877294977,301.117156364282,15.9
202500,405.0000000012057,-2217421.8117729872,-1771000.847939661,300.499434914846,15.9
203000,406.0000000012105,-2217596.2527890876,-1771866.4490218358,300.0341941978606,15.9
203500,407.00000000121526,-2219487.9972530752,-1772287.0701675422,301.02445173871985,15.9
204000,408.00000000122003,-2216743.222686628,-1771461.122301749,299.73283152829146,15.9
204500,409.0000000012248,-2220447.4857963305,-1773884.1451557493,300.595273044305,15.9
205000,410.0000000012296,-2215406.9840423707,-1770657.5935860078,299.3742483848879,15.9
205500,411.00000000123435,-2217015.0624266826,-1770136.714630502,300.80731387553953,15.9
206000,412.00000000123913,-2216335.385669738,-1770052.3891881455,300.406564923086,15.9
206500,413.0000000012439,-2217150.1716779415,-1771947.0388556044,299.679676076727,15.9
207000,414.0000000012487,-2215976.0171878003,-1771623.2078718683,299.1072976405186,15.9
207500,415.00000000125345,-2220878.5106614046,-1773318.3545991397,301.2662596134802,15.9
208000,416.00000000125823,-2218505.665020991,-1773578.4047092965,299.49397795707597,15.9
208500,417.000000001263,-2218206.5079590473,-1770578.1472721493,301.3121702064434,15.9
209000,418.0000000012678,-2217757.1285700947,-1771566.3666014452,300.3444790864778,15.9
209500,419.00000000127255,-2216321.991417179,-1770611.1826600246,300.0214080828192,15.9
210000,420.00000000127733,-2216799.9515815563,-1770422.9585178364,300.4698368616855,15.9
210500,421.0000000012821,-2218031.842711812,-1772304.5344766395,300.03251437984045,15.9
211000,422.0000000012869,-2215074.013464622,-1768755.6252029862,300.4303881992431,15.9
211500,423.00000000129165,-2216030.463384917,-1772694.6055331083,298.4227568929676,15.9
212000,424.0000000012964,-2218655.420915097,-1773075.195449724,299.9335085248489,15.9
212500,425.0000000013012,-2216985.324671056,-1769698.3407434903,301.08237919844163,15.9
213000,426.000000001306,-2214692.0642958023,-1770077.3565525897,299.28358938257105,15.9
213500,427.00000000131075,-2218075.239324812,-1771217.331614682,300.7935550362255,15.9
214000,428.0000000013155,-2214389.344196003,-1767789.4875726285,300.6198530552896,15.9
214500,429.0000000013203,-2218360.6730180457,-1772053.8236352447,300.4226210313671,15.9
215000,430.0000000013251,-2217607.0139278546,-1774412.1690875343,298.32783677563253,15.9
215500,431.00000000132985,-2217870.3441096004,-1771772.5354483635,300.281909407601,15.9
216000,432.0000000013346,-2214610.8416136,-1768927.2349109848,300.0030975582701,15.9
216500,433.0000000013394,-2215553.2537534665,-1769822.0819640253,300.03511505491764,15.9
217000,434.0000000013442,-2218255.7327171564,-1771650.79222985,300.6232751576604,15.9
217500,435.00000000134895,-2217900.5117249954,-1771796.970969826,300.285767853165,15.9
218000,436.0000000013537,-2215895.287006732,-1771530.426355707,299.11540975818065,15.9
218500,437.0000000013585,-2218444.3715112302,-1773656.776613064,299.399964948632,15.9
219000,438.0000000013633,-2218618.7124437056,-1770084.6084432781,301.92185338878414,15.9
219500,439.00000000136805,-2217354.8257515803,-1771122.969440016,300.3721409299497,15.9
220000,440.0000000013728,-2214479.088931646,-1767657.9958977776,300.76877396564555,15.9
220500,441.0000000013776,-2217482.028799599,-1772352.2973067202,299.63026742477916,15.9
221000,442.0000000013824,-2216334.7597492095,-1771061.0385061796,299.72719127482065,15.9
221500,443.00000000138715,-2218710.603917472,-1772640.7379457604,300.2631003392718,15.9
222000,444.0000000013919,-2216703.8693972956,-1772927.8985004618,298.7190102772018,15.9
222500,445.0000000013967,-2217259.8401120845,-1773026.027713897,299.0271972208793,15.9
223000,446.0000000014015,-2217273.917085044,-1770305.6311557342,300.8678539495329,15.9
223500,447.00000000140625,-2215815.2002505288,-1769560.461707066,300.3875436513989,15.9
224000,448.000000001411,-2218324.532957725,-1773750.6667522835,299.2560977098776,15.9
224500,449.0000000014158,-2216519.9168482237,-1771242.2150998893,299.7298706731724,15.9
225000,450.0000000014206,-2217966.1487248484,-1771492.4637393188,300.53492311483814,15.9
225500,451.00000000142535,-2216944.972219724,-1770882.7286111147,300.257969496434,15.9
226000,452.0000000014301,-2218467.6100286357,-1772823.6283361565,299.97642476707296,15.9
226500,453.0000000014349,-2215943.046311211,-1771154.7648207282,299.4004271146587,15.9
227000,454.0000000014397,-2220083.6510956604,-1773641.466786913,300.51371905781707,15.9
227500,455.00000000144445,-2215624.2914557327,-1767460.4897532184,301.6725917270666,15.9
228000,456.0000000014492,-2213646.7334733494,-1768717.2572719506,299.49546953936687,15.9
228500,457.000000001454,-2216979.6373484395,-1772197.8333298073,299.39606693270406,15.9
229000,458.0000000014588,-2217841.2566030268,-1772470.7979860236,299.79230812319736,15.9
229500,459.00000000146355,-2212977.1328990776,-1769431.6374111865,298.5638703179258,15.9
230000,460.0000000014683,-2215655.4218823984,-1770768.449685764,299.46685880992516,15.9
230500,461.0000000014731,-2216060.5714759547,-1771216.6685764769,299.4378675650998,15.9
231000,462.0000000014779,-2219069.777643459,-1774762.732256371,299.0764925577127,15.9
231500,463.00000000148265,-2215969.0355704036,-1771292.0461997397,299.32551302722686,15.9
232000,464.0000000014874,-2216248.2175283954,-1770323.2361357976,300.1655741528271,15.9
232500,465.0000000014922,-2216514.290647555,-1772213.1739538328,299.072501775132,15.9
233000,466.00000000149697,-2215933.9296859726,-1770338.173820943,299.94396250595406,15.9
233500,467.00000000150175,-2215974.215338232,-1770464.7147398887,299.88590148060456,15.9
234000,468.0000000015065,-2215372.0745119657,-1769627.1452254402,300.0443756417506,15.9
234500,469.0000000015113,-2217180.1115809437,-1770830.603074165,300.45133617623645,15.9
235000,470.00000000151607,-2217150.0739480685,-1773116.7726531767,298.8922271408071,15.9
235500,471.00000000152085,-2215668.6868950278,-1770611.457279729,299.58146422105864,15.9
236000,472.0000000015256,-2214371.6986630894,-1767347.9434179845,300.90519202144696,15.9
236500,473.0000000015304,-2212580.94149971,-1766215.1894631763,300.4622701867509,15.9
237000,474.00000000153517,-2216806.500747245,-1770595.2198541036,300.3582909943279,15.9
237500,475.00000000153995,-2215883.53508115,-1771169.0897659296,299.3507257548659,15.9
238000,476.0000000015447,-2215440.1045265626,-1770190.3224572358,299.7110770939176,15.9
238500,477.0000000015495,-2215121.758825615,-1769916.4272210216,299.68115614347795,15.9
239000,478.00000000155427,-2216212.7235627864,-1771198.5277511186,299.5524968679973,15.9
239500,479.00000000155904,-2216550.106406627,-1772817.5825189603,298.68976478301335,15.9
240000,480.0000000015638,-2217225.55745822,-1771331.1810994493,300.1449729801322,15.9
240500,481.0000000015686,-2216070.276117813,-1770430.7238478744,299.9734431889698,15.9
241000,482.00000000157337,-2217808.442935016,-1772691.6431477969,299.6215627030971,15.9
241500,483.00000000157814,-2214864.6292814054,-1769139.953049396,300.03074269901174,15.9
242000,484.0000000015829,-2217777.057212349,-1771590.6071917424,300.3415765840076,15.9
242500,485.0000000015877,-2217036.447517514,-1772295.0749299459,299.3688513152223,15.9
243000,486.00000000159247,-2217723.9660708476,-1771469.4633301548,300.3873849254321,15.9
243500,487.00000000159724,-2217152.824741721,-1771546.4238637853,299.9511279856741,15.9
244000,488.000000001602,-2216698.257745616,-1768961.8476441896,301.3849015309984,15.9
244500,489.0000000016068,-2216830.2021754663,-1771872.1370589884,299.51471360163566,15.9
245000,490.00000000161157,-2213116.9299826007,-1768182.3306955085,299.49891804309,15.9
245500,491.00000000161634,-2216683.770627169,-1769320.057432942,301.13402798544087,15.9
246000,492.0000000016211,-2214650.9154101554,-1767328.4586372362,301.10625704210736,15.9
246500,493.0000000016259,-2216811.006363539,-1771749.102852932,299.58461036116586,15.9
247000,494.00000000163067,-2215787.82859784,-1770305.835001628,299.8673856866201,15.9
247500,495.00000000163544,-2217535.6187744252,-1774534.2031302322,298.1976337411845,15.9
248000,496.0000000016402,-2217876.294206701,-1772418.7437106085,299.85093229762526,15.9
248500,497.000000001645,-2217381.383889407,-1772608.8507132765,299.3898264485899,15.9
249000,498.00000000164977,-2216754.5047531333,-1771164.6490384038,299.93999093657277,15.9
249500,499.00000000165454,-2216534.417764984,-1769858.3266649065,300.67116878422314,15.9
250000,500.0000000016593,-2217640.9155720267,-1771796.3882434566,300.1114180922127,15.9
250500,501.0000000016641,-2216197.1589392778,-1771153.2113792263,299.5725236684867,15.9
251000,502.00000000166887,-2217195.1550494656,-1771508.773608018,300.0049653187893,15.9
251500,503.00000000167364,-2217782.6180442926,-1772567.8532561252,299.68750590427106,15.9
252000,504.0000000016784,-2215827.9279495496,-1771543.303973094,299.06140002897666,15.9
252500,505.0000000016832,-2220929.9351437036,-1773621.311079287,301.09694582819685,15.9
253000,506.00000000168797,-2218259.545808863,-1773025.6928975056,299.70035469654755,15.9
253500,507.00000000169274,-2216908.19806464,-1772531.487119528,299.1233865490691,15.9
254000,508.0000000016975,-2217352.012880886,-1772136.4604831962,299.68803606803056,15.9
254500,509.0000000017023,-2217038.611541819,-1771760.0883358999,299.73042362108464,15.9
255000,510.00000000170706,-2218400.529032454,-1770899.1819923772,301.226673484317,15.9
255500,511.00000000171184,-2218161.5243167095,-1773351.167313136,299.41528680931174,15.9
256000,512.0000000017166,-2215690.355223004,-1771388.2127106274,299.07319228465303,15.9
256500,513.0000000016929,-2216565.524298072,-1770057.814000287,300.5578265802526,15.9
257000,514.0000000016693,-2214009.140387863,-1767995.3430820953,300.2253588266691,15.9
257500,515.0000000016456,-2212409.085583469,-1768271.030309862,298.9627402079772,15.9
258000,516.000000001622,-2216238.6205750797,-1771087.3499746094,299.6447660486883,15.9
258500,517.0000000015983,-2216982.3020122815,-1771486.0257269053,299.87699979610557,15.9
259000,518.0000000015747,-2219777.418665003,-1774208.2682947414,299.926053543806,15.9
259500,519.000000001551,-2215789.061225608,-1769830.0372382244,300.18848925163496,15.9
260000,520.0000000015274,-2217976.721906403,-1770876.470874962,300.9566836457874,15.9
260500,521.0000000015037,-2214127.9090305883,-1768619.2372756046,299.8853435611039,15.9
261000,522.0000000014801,-2215815.8386905584,-1770212.478765906,299.949081028167,15.9
261500,523.0000000014564,-2218297.1597351227,-1771698.4515590314,300.6190800007344,15.9
262000,524.0000000014328,-2218353.0557307284,-1772514.7590258846,300.10722407118635,15.9
262500,525.0000000014091,-2216686.919163419,-1769032.6902100043,301.32958291798747,15.9
263000,526.0000000013855,-2217183.7129842043,-1768732.802447301,301.8658533556248,15.9
263500,527.0000000013619,-2217350.1829310097,-1773349.3847390795,298.8703483204462,15.9
264000,528.0000000013382,-2218600.30514203,-1772732.5911343945,300.127025746246,15.9
264500,529.0000000013146,-2217235.338534478,-1770657.084759431,300.60531152556564,15.9
265000,530.0000000012909,-2216692.0489708483,-1770697.188018919,300.21261219492743,15.9
265500,531.0000000012673,-2216143.067410413,-1770650.4821109236,299.87451528201893,15.9
266000,532.0000000012436,-2214899.574651284,-1768283.7438735059,300.6306057411187,15.9
266500,533.00000000122,-2215047.5535337664,-1771298.4802636052,298.70090467224475,15.9
267000,534.0000000011963,-2213778.741609581,-1770145.4185879105,298.62298968374586,15.9
267500,535.0000000011727,-2216950.116984321,-1774075.3295296207,298.11239648202854,15.9
268000,536.000000001149,-2218030.0252280273,-1769882.6727868582,301.6615192324048,15.9
268500,537.0000000011254,-2216076.7226587385,-1770790.4916292108,299.73561198997083,15.9
269000,538.0000000011017,-2216052.4674825966,-1771321.758218526,299.36167351008993,15.9
269500,539.0000000010781,-2219565.021689089,-1774823.2228654884,299.36913822757015,15.9
270000,540.0000000010544,-2216180.528200496,-1769901.356880888,300.40399009101503,15.9
270500,541.0000000010308,-2218382.49859236,-1773795.58965501,299.26487716668095,15.9
271000,542.0000000010072,-2216103.924906265,-1769552.5980956038,300.5871861725078,15.9
271500,543.0000000009835,-2220001.1911903787,-1774259.1643160563,300.0424219404292,15.9
272000,544.0000000009599,-2218660.720347453,-1774213.860873122,299.1706056429247,15.9
272500,545.0000000009362,-2218230.529461872,-1771546.5761320307,300.67646108855575,15.9
273000,546.0000000009126,-2217939.393073354,-1772005.6070836973,300.1715007930504,15.9
273500,547.0000000008889,-2217151.0206853617,-1771690.9156181342,299.852651856617,15.9
274000,548.0000000008653,-2219222.030468479,-1772702.6659312043,300.56567140086975,15.9
274500,549.0000000008416,-2217672.5498002395,-1772749.310176296,299.4912715107057,15.9
275000,550.000000000818,-2216107.286232829,-1771764.3477835413,299.10065326203045,15.9
275500,551.0000000007943,-2219332.7639004737,-1775219.781729729,298.9458627451069,15.9
276000,552.0000000007707,-2219985.581642838,-1774814.3622709978,299.65819416925075,15.9
276500,553.000000000747,-2218288.3561982624,-1774271.091057471,298.8814327211095,15.9
277000,554.0000000007234,-2218365.4390514977,-1771461.3531219552,300.8246389905266,15.9
277500,555.0000000006997,-2217983.991473412,-1773050.0398603552,299.49848207413396,15.9
278000,556.0000000006761,-2218831.414082473,-1774570.9241616777,299.04515466714196,15.9
278500,557.0000000006524,-2218766.0450353436,-1772497.5910282754,300.3967759442279,15.9
279000,558.0000000006288,-2219332.1130980887,-1772049.745736272,301.07927164859234,15.9
279500,559.0000000006052,-2215468.091547126,-1771810.0392054021,298.6396357360237,15.9
280000,560.0000000005815,-2216870.458140053,-1771053.767371436,300.092680462904,15.9
280500,561.0000000005579,-2217390.175264232,-1772627.1321496996,299.38343840148053,15.9
281000,562.0000000005342,-2216593.4064179845,-1771480.1282581785,299.6191921893145,15.9
281500,563.0000000005106,-2218406.8908001985,-1771731.2830605228,300.67084341973674,15.9
282000,564.0000000004869,-2216710.271590667,-1768909.6972430937,301.4280924231626,15.9
282500,565.0000000004633,-2217180.653414797,-1770388.3727625161,300.74937948132015,15.9
283000,566.0000000004396,-2219215.753068952,-1773474.9620185718,300.04159007000567,15.9
283500,567.000000000416,-2220408.951912135,-1773886.0968722408,300.5680209636137,15.9
284000,568.0000000003923,-2218714.1486415677,-1773838.9352282071,299.45894361772923,15.9
284500,569.0000000003687,-2217176.6803735606,-1769905.0634001964,301.0720352374092,15.9
285000,570.000000000345,-2215165.849441327,-1769087.2801005682,300.26895883986305,15.9
285500,571.0000000003214,-2217649.0762015395,-1771077.9990595654,300.60048071707394,15.9
286000,572.0000000002977,-2215759.0469525084,-1769868.0658559608,300.1426875265757,15.9
286500,573.0000000002741,-2217198.6282799095,-1769972.633226929,301.0413257447875,15.9
287000,574.0000000002505,-2214219.6081581432,-1767182.1064746897,300.914445164311,15.9
287500,575.0000000002268,-2216195.022873774,-1770238.8685962737,300.186557563233,15.9
288000,576.0000000002032,-2219140.157160878,-1774880.1728503793,299.0448143255794,15.9
288500,577.0000000001795,-2216220.2626329903,-1771483.4391993831,299.3657891422836,15.9
289000,578.0000000001559,-2219968.630256973,-1774997.6351770235,299.52341715059845,15.9
289500,579.0000000001322,-2219217.7903330475,-1775274.3760666712,298.8317214668727,15.9
290000,580.0000000001086,-2217400.2660719994,-1771761.4033511465,299.97297903265263,15.9
290500,581.0000000000849,-2220883.1357746515,-1776086.0189906573,299.40637441759173,15.9
291000,582.0000000000613,-2216977.0759938657,-1771056.4600575275,300.1626356323601,15.9
291500,583.0000000000376,-2217084.6635621544,-1771818.570788051,299.7220563219679,15.9
292000,584.000000000014,-2218115.7959398683,-1769791.3366927882,301.78073517297986,15.9
292500,584.9999999999903,-2218517.788523454,-1772054.475990325,300.5279411038271,15.9
293000,585.9999999999667,-2219783.657227831,-1775041.883580417,299.36912128071845,15.9
293500,586.999999999943,-2217974.6067644823,-1770959.285664854,300.89951474337295,15.9
294000,587.9999999999194,-2217222.8803686704,-1770959.6915350952,300.393231796915,15.9
294500,588.9999999998957,-2214158.946712006,-1769486.774366551,299.3222705420603,15.9
295000,589.9999999998721,-2215622.512753619,-1767762.7507730948,301.46793340666613,15.9
295500,590.9999999998485,-2218250.3937808797,-1771838.11533914,300.49358851542655,15.9
296000,591.9999999998248,-2217901.0321486313,-1770645.9752374622,301.0608881593485,15.9
296500,592.9999999998012,-2217261.953570433,-1772347.4550841919,299.4853875868918,15.9
297000,593.9999999997775,-2217836.6670075897,-1772382.8418035079,299.8484246910502,15.9
297500,594.9999999997539,-2218182.1704655457,-1772476.8521889101,300.01771227454196,15.9
298000,595.9999999997302,-2216835.818980543,-1772410.9069182496,299.1558321769599,15.9
298500,596.9999999997066,-2217690.8192353025,-1771176.829452857,300.5620534910497,15.9
299000,597.9999999996829,-2216061.675379429,-1770488.6514675529,299.92866094166703,15.9
299500,598.9999999996593,-2216102.0273159537,-1770590.2006675538,299.8874672151561,15.9
300000,599.9999999996356,-2217072.016849011,-1771373.7409481164,300.01297183871554,15.9
300500,600.999999999612,-2216375.140252197,-1771319.1584494715,299.58062428072543,15.9
301000,601.9999999995883,-2217863.91161594,-1771604.4291013551,300.3907369616529,15.9
301500,602.9999999995647,-2219518.0401351284,-1771571.6788272704,301.5262260296299,15.9
302000,603.999999999541,-2215721.695959443,-1769253.6733642905,300.5311115888427,15.9
302500,604.9999999995174,-2215268.8947765883,-1772975.4401270086,297.7210838117271,15.9
303000,605.9999999994938,-2215432.299974259,-1769751.9775540396,300.0008868085876,15.9
303500,606.9999999994701,-2216336.6145676076,-1771185.578419532,299.64460823169986,15.9
304000,607.9999999994465,-2214946.3242567107,-1768734.3255921355,300.3587741479605,15.9
304500,608.9999999994228,-2215110.3282333463,-1770232.7711102457,299.460521239547,15.9
305000,609.9999999993992,-2216657.4494414125,-1770529.8914630096,300.3019345715643,15.9
305500,610.9999999993755,-2216948.1846348997,-1770534.965153053,300.4942219579468,15.9
306000,611.9999999993519,-2218305.84090239,-1773771.7554598018,299.2293200768216,15.9
306500,612.9999999993282,-2218278.272391919,-1774043.0134339659,299.02817094395084,15.9
307000,613.9999999993046,-2214505.988360172,-1767177.811219992,301.11010759409453,15.9
307500,614.9999999992809,-2216403.581404656,-1771662.5826280965,299.3685996917414,15.9
308000,615.9999999992573,-2214351.965438867,-1767645.8150431295,300.69140260407363,15.9
308500,616.9999999992336,-2215123.488456672,-1770529.9418024593,299.2693452143938,15.9
309000,617.99999999921,-2216255.1931565106,-1772311.4030188043,298.83197447721835,15.9
309500,618.9999999991863,-2218154.015261125,-1773702.254667821,299.1739047341438,15.9
310000,619.9999999991627,-2215930.6324833296,-1771059.640723358,299.456101895318,15.9
310500,620.999999999139,-2218288.4688863065,-1772855.469583026,299.83440614817385,15.9
311000,621.9999999991154,-2217356.5019903407,-1769884.2004642114,301.2071220715582,15.9
311500,622.9999999990918,-2217349.4467184264,-1770332.067561333,300.9009000840163,15.9
312000,623.9999999990681,-2217237.7217904683,-1773371.9705418078,298.7794441438345,15.9
312500,624.9999999990445,-2217573.8186601717,-1772494.3987983365,299.59640114625944,15.9
313000,625.9999999990208,-2219956.5525240414,-1774082.3502343167,300.1313932048989,15.9
313500,626.9999999989972,-2217922.855582623,-1771110.5943689288,300.76282900072067,15.9
314000,627.9999999989735,-2217021.9294479564,-1772409.0845605014,299.28233543809296,15.9
314500,628.9999999989499,-2217370.819568375,-1772958.416912519,299.14741171764024,15.9
315000,629.9999999989262,-2216851.3635045774,-1772238.5939120792,299.2822847547832,15.9
315500,630.9999999989026,-2217787.6174747664,-1771969.8640216163,300.09339578796175,15.9
316000,631.9999999988789,-2220288.140973918,-1776055.380118967,299.026489395365,15.9
316500,632.9999999988553,-2217711.9868119154,-1772521.0620799349,299.6714584423621,15.9
317000,633.9999999988316,-2220649.4443928227,-1775128.1416425738,299.8938458655365,15.9
317500,634.999999998808,-2219882.790018851,-1775362.5011252826,299.2200332029512,15.9
318000,635.9999999987843,-2218074.6283649765,-1771763.4777605934,300.4255163135324,15.9
318500,636.9999999987607,-2217176.8718444724,-1770901.0695911578,300.40172227073015,15.9
319000,637.999999998737,-2216544.0549319256,-1771519.7999485559,299.5592680003075,15.9
319500,638.9999999987134,-2215753.985012818,-1770944.2056121193,299.41489800737025,15.9
320000,639.9999999986898,-2220426.6179658994,-1774445.4001694946,300.20342857485184,15.9
320500,640.9999999986661,-2221024.8186490405,-1777048.4111092405,298.8539302357771,15.9
321000,641.9999999986425,-2218914.8000012655,-1772918.7626598957,300.2134040581926,15.9
321500,642.9999999986188,-2216194.083535943,-1770075.871276193,300.29564368605156,15.9
322000,643.9999999985952,-2219477.6994117443,-1773223.356043654,300.38727764691953,15.9
322500,644.9999999985715,-2216482.6471632384,-1771118.3763883961,299.78814289973485,15.9
323000,645.9999999985479,-2216632.263545042,-1771717.8641128559,299.48532091061554,15.9
323500,646.9999999985242,-2217848.446633242,-1772888.461651106,299.5160059211998,15.9
324000,647.9999999985006,-2216936.4234977737,-1772189.268190134,299.3727438387695,15.9
324500,648.9999999984769,-2218081.886522675,-1772616.0357340889,299.85651947521313,15.9
325000,649.9999999984533,-2217924.8713661656,-1773448.901205566,299.19020092514126,15.9
325500,650.9999999984296,-2216699.0657309424,-1772868.2399805014,298.75593473605727,15.9
326000,651.999999998406,-2218018.7413972467,-1771254.9721244378,300.73018761061047,15.9
326500,652.9999999983823,-2216107.5433101524,-1770262.1073831986,300.1120296972289,15.9
327000,653.9999999983587,-2216791.2408438176,-1771819.7724547933,299.52373574923286,15.9
327500,654.999999998335,-2217374.0391766336,-1771016.114565972,300.4570013099688,15.9
328000,655.9999999983114,-2215947.3813048005,-1769818.579728382,300.30277167495166,15.9
328500,656.9999999982878,-2215702.826931035,-1768561.0922836384,300.98460752070093,15.9
329000,657.9999999982641,-2215242.819320837,-1768575.0946389982,300.66553709539863,15.9
329500,658.9999999982405,-2213322.916464947,-1770227.2437409817,298.26108102861735,15.9
330000,659.9999999982168,-2216224.084179435,-1769968.7372959624,300.3879531434344,15.9
330500,660.9999999981932,-2215282.801811859,-1770296.250970292,299.53388820360533,15.9
331000,661.9999999981695,-2216452.3140442986,-1772096.789453841,299.10912537381665,15.9
331500,662.9999999981459,-2220628.039037714,-1773853.1870850164,300.73764769719605,15.9
332000,663.9999999981222,-2216976.256110074,-1770961.9560229648,300.2256972639766,15.9
332500,664.9999999980986,-2218689.346252149,-1773631.4084520764,299.58194092162074,15.9
333000,665.9999999980749,-2216568.1621487457,-1769473.4286809363,300.9529696070487,15.9
333500,666.9999999980513,-2219993.8014106154,-1773194.3501823924,300.75420621257416,15.9
334000,667.9999999980276,-2217052.4849938303,-1771381.0252779927,299.99492105456994,15.9
334500,668.999999998004,-2216993.437886743,-1768309.909310577,302.0224355840875,15.9
335000,669.9999999979804,-2217526.4870484993,-1772390.0553141688,299.63477755968114,15.9
335500,670.9999999979567,-2219133.003154043,-1772970.2826600946,300.325603522863,15.9
336000,671.9999999979331,-2218584.028233275,-1772527.4585608724,300.2541501985917,15.9
336500,672.9999999979094,-2215622.117391318,-1769669.1957461932,300.1843815807392,15.9
337000,673.9999999978858,-2216546.798414383,-1770495.3624215159,300.2506945638334,15.9
337500,674.9999999978621,-2218982.9445781596,-1775106.728653951,298.7864882330317,15.9
338000,675.9999999978385,-2216467.1771286335,-1770180.4003060814,300.40910958477116,15.9
338500,676.9999999978148,-2216966.5780114364,-1770869.899227061,300.2811488533575,15.9
339000,677.9999999977912,-2215085.726535389,-1769361.5102316325,300.0304331074126,15.9
339500,678.9999999977675,-2218937.234686915,-1773122.5946919527,300.09130002521334,15.9
340000,679.9999999977439,-2217277.909288598,-1769430.7455883413,301.45945312368696,15.9
340500,680.9999999977202,-2218130.293198755,-1772806.5282590128,299.760877198649,15.9
341000,681.9999999976966,-2219478.141253751,-1775120.8260202596,299.110330709729,15.9
341500,682.999999997673,-2216639.3626469523,-1770248.9030109812,300.47890161822596,15.9
342000,683.9999999976493,-2217103.852365898,-1771960.0092062214,299.6397664139441,15.9
342500,684.9999999976257,-2217503.22413815,-1772106.954057363,299.8096825991061,15.9
343000,685.999999997602,-2215974.4723570086,-1770285.3005647366,300.00684358821184,15.9
343500,686.9999999975784,-2217176.889604183,-1772973.8242817991,299.0065004354393,15.9
344000,687.9999999975547,-2216363.7613091655,-1771746.6469180463,299.2852093699698,15.9
344500,688.9999999975311,-2217118.4667614847,-1770599.0990222804,300.56567355618546,15.9
345000,689.9999999975074,-2218524.5736622885,-1773243.3741231533,299.73222514181117,15.9
345500,690.9999999974838,-2218448.6796317305,-1773064.7606824199,299.80136867944327,15.9
346000,691.9999999974601,-2217508.9433947075,-1772188.8689784897,299.75839299579246,15.9
346500,692.9999999974365,-2220483.574210817,-1773942.6518149269,300.58018264665975,15.9
347000,693.9999999974128,-2218109.7297539935,-1772628.5739313043,299.866821755957,15.9
347500,694.9999999973892,-2218964.309618192,-1771883.5835615231,300.9435407955156,15.9
348000,695.9999999973655,-2216985.9246532694,-1769566.5187718747,301.171516415373,15.9
348500,696.9999999973419,-2215861.867452506,-1769172.5692257485,300.680058900113,15.9
349000,697.9999999973182,-2217038.1833089683,-1771611.6085371904,299.83008160196636,15.9
349500,698.9999999972946,-2215446.2067188267,-1769187.2812507837,300.39036199680004,15.9
350000,699.999999997271,-2217747.5293983836,-1771424.0477757133,300.4338166944003,15.9
350500,700.9999999972473,-2218136.6068402547,-1772372.5736199599,300.05723507660565,15.9
351000,701.9999999972237,-2214383.907932805,-1767662.251353778,300.7018402844104,15.9
351500,702.9999999972,-2217151.984482374,-1771264.1824027079,300.14054763429056,15.9
352000,703.9999999971764,-2217471.9100278765,-1773483.6223446236,298.8619271191754,15.9
352500,704.9999999971527,-2217220.784753926,-1771907.8507839479,299.7535865457511,15.9
353000,705.9999999971291,-2215450.770836467,-1770267.8311664753,299.66608345594835,15.9
353500,706.9999999971054,-2216885.428411251,-1771890.4000295242,299.5395946919512,15.9
354000,707.9999999970818,-2218912.251566751,-1773371.1248117345,299.9071900019303,15.9
354500,708.9999999970581,-2216179.4611818045,-1770603.195743154,299.93084291124933,15.9
355000,709.9999999970345,-2216165.882376272,-1770638.8065614814,299.8977318896553,15.9
355500,710.9999999970108,-2218889.3706402406,-1774005.5607598205,299.4647301593636,15.9
356000,711.9999999969872,-2218378.2561824378,-1773833.1419852348,299.2367438646767,15.9
356500,712.9999999969635,-2218127.6560826916,-1771277.7821444226,300.7881472617256,15.9
357000,713.9999999969399,-2217929.6409516092,-1772561.3842845564,299.7908259241757,15.9
357500,714.9999999969162,-2216988.6270626485,-1772068.60152662,299.4891080110485,15.9
358000,715.9999999968926,-2217400.5762570333,-1770442.9919618075,300.8606503563878,15.9
358500,716.999999996869,-2215688.283706913,-1769907.3976093507,300.0685792573358,15.9
359000,717.9999999968453,-2217264.228941718,-1772780.0941633931,299.1956967759448,15.9
359500,718.9999999968217,-2218471.658907544,-1771659.757539541,300.76258677771676,15.9
360000,719.999999996798,-2216569.4726529513,-1770429.1802258838,300.31050651360493,15.9
360500,720.9999999967744,-2217012.091525294,-1772786.990693029,299.02133320272367,15.9
361000,721.9999999967507,-2220665.1806338094,-1775410.9913805677,299.7140437025299,15.9
361500,722.9999999967271,-2218170.658425512,-1771805.088282406,300.46214774879047,15.9
362000,723.9999999967034,-2217159.073114373,-1771081.8612575312,300.2680450764353,15.9
362500,724.9999999966798,-2215470.9441769086,-1766448.8828324066,302.250312215847,15.9
363000,725.9999999966561,-2215775.1710789893,-1770646.7558646481,299.62938139793727,15.9
363500,726.9999999966325,-2217497.7149932757,-1771651.2219073665,300.1127413028533,15.9
364000,727.9999999966088,-2217307.225229826,-1771708.5727947364,299.9459122747524,15.9
364500,728.9999999965852,-2216384.5342039037,-1770991.5441670455,299.807474702464,15.9
365000,729.9999999965615,-2218477.12854773,-1773041.7314426904,299.8360201809636,15.9
365500,730.9999999965379,-2215173.3339853883,-1769200.0186331794,300.1981092009701,15.9
366000,731.9999999965142,-2216121.4199231956,-1770048.4768367922,300.265171638115,15.9
366500,732.9999999964906,-2213995.0535110123,-1767915.045092127,300.26992752681724,15.9
367000,733.999999996467,-2217984.968187375,-1774070.0107356946,298.81256632536207,15.9
367500,734.9999999964433,-2219141.6039245166,-1773028.7527005195,300.29203501095594,15.9
368000,735.9999999964197,-2219793.377182953,-1774394.2686065782,299.8115932762232,15.9
368500,736.999999996396,-2216641.3151275497,-1771416.0677746169,299.69456203524095,15.9
369000,737.9999999963724,-2217978.661598759,-1771111.080121609,300.800066741003,15.9
369500,738.9999999963487,-2217669.6096644774,-1771504.9300958514,300.3269222352024,15.9
370000,739.9999999963251,-2216035.94723616,-1770650.483729614,299.8024083675717,15.9
370500,740.9999999963014,-2214978.450820999,-1768236.6367436089,300.7154089054168,15.9
371000,741.9999999962778,-2216763.386551967,-1769184.9167625636,301.2785871363837,15.9
371500,742.9999999962541,-2217567.8499244507,-1772281.5293148374,299.73567228903204,15.9
372000,743.9999999962305,-2218070.9700759742,-1773169.0489019325,299.47692141815236,15.9
372500,744.9999999962068,-2217795.082968034,-1772839.4184245807,299.51309770342334,15.9
373000,745.9999999961832,-2217347.498894777,-1772467.617760966,299.46208560135307,15.9
373500,746.9999999961595,-2217348.534465065,-1771041.5138145832,300.4227363168162,15.9
374000,747.9999999961359,-2218302.2436797284,-1774112.2824475283,298.9976796765273,15.9
374500,748.9999999961123,-2217030.022009421,-1770950.811234064,300.26939060886565,15.9
375000,749.9999999960886,-2220420.7980987784,-1773214.7388774962,301.02790633430885,15.9
375500,750.999999996065,-2218175.6764134616,-1773550.209281018,299.2908318524499,15.9
376000,751.9999999960413,-2216106.4168255255,-1770826.0688131216,299.73165195344797,15.9
376500,752.9999999960177,-2217357.867393123,-1771778.6746558137,299.9328133643957,15.9
377000,753.999999995994,-2215921.5226402804,-1768886.225587484,300.9129611608247,15.9
377500,754.9999999959704,-2216280.579824701,-1772261.9463037467,298.8823538191292,15.9
378000,755.9999999959467,-2216266.642401222,-1770237.0946627026,300.2359609186966,15.9
378500,756.9999999959231,-2217502.3451895043,-1772992.5210319767,299.21298907303463,15.9
379000,757.9999999958994,-2217546.39224313,-1771575.5663494277,300.1964334712552,15.9
379500,758.9999999958758,-2217476.885679029,-1773554.2177809165,298.8177564597498,15.9
380000,759.9999999958521,-2218619.1612313893,-1772392.376903099,300.36872682480856,15.9
380500,760.9999999958285,-2217770.2977005467,-1771779.0999876368,300.21014635809513,15.9
381000,761.9999999958048,-2216336.062831549,-1768719.1845806087,301.30444103197283,15.9
381500,762.9999999957812,-2218509.7297819853,-1772070.4137496958,300.51178833429685,15.9
382000,763.9999999957575,-2219148.222984772,-1773007.3651072478,300.3108871353869,15.9
382500,764.9999999957339,-2216889.870852042,-1771341.7476515444,299.91189952071153,15.9
383000,765.9999999957103,-2216244.6980871335,-1772379.5771793767,298.77901984233273,15.9
383500,766.9999999956866,-2218428.9966242667,-1771964.7643486229,300.52856021029453,15.9
384000,767.999999995663,-2217539.657167634,-1769845.316549352,301.3565832911839,15.9
384500,768.9999999956393,-2217180.9864004925,-1772804.6201843724,299.123154501572,15.9
385000,769.9999999956157,-2220129.723092096,-1774985.1813910871,299.6402366232142,15.9
385500,770.999999995592,-2217149.069007838,-1770413.5062110303,300.71120097963666,15.9
386000,771.9999999955684,-2217910.84581298,-1772942.6480107685,299.5215342184611,15.9
386500,772.9999999955447,-2217017.3637900613,-1769927.8401956945,300.9494626838701,15.9
387000,773.9999999955211,-2217529.618615914,-1771240.4282125775,300.4107342388996,15.9
387500,774.9999999954974,-2217445.5959140323,-1772837.5159991882,299.2791279911024,15.9
388000,775.9999999954738,-2217273.068975348,-1772666.249278076,299.2782797005896,15.9
388500,776.9999999954501,-2221387.1473045833,-1777602.3941816469,298.7249218588588,15.9
389000,777.9999999954265,-2219232.6670608036,-1774488.1974867398,299.3709359903769,15.9
389500,778.9999999954028,-2220276.699327061,-1774025.6853275564,300.3850365483608,15.9
390000,779.9999999953792,-2217965.4636027943,-1772389.6358873793,299.93054826651814,15.9
390500,780.9999999953556,-2218459.596616283,-1772608.813739332,300.11562889077703,15.9
391000,781.9999999953319,-2216116.260249475,-1768374.610614099,301.38842841955994,15.9
391500,782.9999999953083,-2216642.915447209,-1768534.5191324055,301.63529668707713,15.9
392000,783.9999999952846,-2215719.601657344,-1771232.4879691487,299.1977019701566,15.9
392500,784.999999995261,-2219214.434679188,-1773323.7164212489,300.1425106019693,15.9
393000,785.9999999952373,-2216716.0516046416,-1771311.347373282,299.81535988061034,15.9
393500,786.9999999952137,-2217226.5376967806,-1771258.124507401,300.1948094070998,15.9
394000,787.99999999519,-2217422.406392833,-1770998.9422566018,300.5011179442532,15.9
394500,788.9999999951664,-2218844.223605821,-1773494.4900879874,299.7783574329439,15.9
395000,789.9999999951427,-2217672.6174784265,-1771426.1987974227,300.38194330067614,15.9
395500,790.9999999951191,-2216271.7086792123,-1771083.5150204024,299.66962007451883,15.9
396000,791.9999999950954,-2218347.231393419,-1770791.9509898273,301.26297766035793,15.9
396500,792.9999999950718,-2216657.019350866,-1771549.581336658,299.6152610109106,15.9
397000,793.9999999950481,-2216038.4412781335,-1769951.7752508824,300.2744089641015,15.9
397500,794.9999999950245,-2220401.0635210145,-1775529.339384785,299.45659487989866,15.9
398000,795.9999999950008,-2218995.9758921564,-1772694.4243469601,300.4190548968538,15.9
398500,796.9999999949772,-2218630.6011400446,-1772274.2063334729,300.45597155262806,15.9
399000,797.9999999949536,-2218390.383910287,-1772922.1573184575,299.85811870013754,15.9
399500,798.9999999949299,-2216969.4632422067,-1772539.3719349196,299.1593184832046,15.9
400000,799.9999999949063,-2217511.4211512133,-1772192.3197875472,299.7577380047287,15.9
400500,800.9999999948826,-2217945.5649915077,-1771940.5186746612,300.21946827170234,15.9
401000,801.999999994859,-2217970.3059096485,-1773135.43402897,299.4317885135636,15.9
401500,802.9999999948353,-2217272.4241407644,-1770640.8374609435,300.641211514691,15.9
402000,803.9999999948117,-2217024.8782051746,-1771490.8090910404,299.9024392906761,15.9
402500,804.999999994788,-2216284.7773033176,-1770763.6287601083,299.89374206412043,15.9
403000,805.9999999947644,-2216486.1584039647,-1769464.0382829774,300.9040913700144,15.9
403500,806.9999999947407,-2217422.2073790077,-1771917.591302238,299.8826135615963,15.9
404000,807.9999999947171,-2217179.28705197,-1770446.9324798952,300.70904142666444,15.9
404500,808.9999999946934,-2217777.346520599,-1770503.1005268139,301.0738049104641,15.9
405000,809.9999999946698,-2216268.7068665214,-1770690.0141965644,299.9324767539562,15.9
405500,810.9999999946461,-2216531.3713955395,-1769114.0019515252,301.17014562786153,15.9
406000,811.9999999946225,-2218102.3628393896,-1772997.9114026336,299.61325065541797,15.9
406500,812.9999999945989,-2216347.9047927987,-1770592.487231788,300.05143561610527,15.9
407000,813.9999999945752,-2217704.235747615,-1772937.2211870062,299.38611170179234,15.9
407500,814.9999999945516,-2216705.378106119,-1769928.3795672513,300.739092629185,15.9
408000,815.9999999945279,-2216157.6779852174,-1770077.0898235664,300.27031776918403,15.9
408500,816.9999999945043,-2215011.886313224,-1768993.8939922587,300.2281826181093,15.9
409000,817.9999999944806,-2216663.5866205003,-1771511.023076212,299.6456363682256,15.9
409500,818.999999994457,-2216250.5918139163,-1771317.5516818832,299.4978685287254,15.9
410000,819.9999999944333,-2219220.9393408597,-1773700.0043984954,299.89359828293965,15.9
410500,820.9999999944097,-2219407.8104197364,-1773746.389373252,299.9881637230101,15.9
411000,821.999999994386,-2218480.453322584,-1771759.5030744807,300.70136483173087,15.9
411500,822.9999999943624,-2216850.0265647694,-1769790.7137097907,300.92912692267174,15.9
412000,823.9999999943387,-2217956.157715829,-1770789.4943822238,301.00138777235964,15.9
412500,824.9999999943151,-2218661.2612556797,-1774010.9555186229,299.30755146746606,15.9
413000,825.9999999942914,-2218797.9778747614,-1770761.4632842506,301.5869109272661,15.9
413500,826.9999999942678,-2216931.0071189143,-1770232.0576700054,300.68655542925853,15.9
414000,827.9999999942441,-2216825.562240921,-1770352.6376440173,300.53441127428636,15.9
414500,828.9999999942205,-2218857.795355657,-1772847.6723316845,300.22288555661106,15.9
415000,829.9999999941969,-2217747.896309467,-1772004.7137835072,300.0431998444528,15.9
415500,830.9999999941732,-2220345.157116702,-1773452.6277589845,300.8168599129645,15.9
416000,831.9999999941496,-2215879.397508722,-1770881.866594235,299.54127922234113,15.9
416500,832.9999999941259,-2216543.2575322036,-1770615.135209504,300.1676884077506,15.9
417000,833.9999999941023,-2216135.6414662898,-1769281.5545611111,300.7909831370051,15.9
417500,834.9999999940786,-2220251.611638928,-1774804.040269933,299.84421504575596,15.9
418000,835.999999994055,-2220487.449688891,-1772955.8096416963,301.24706462240925,15.9
418500,836.9999999940313,-2218970.434576925,-1773826.0129691581,299.6401557848257,15.9
419000,837.9999999940077,-2216527.674212167,-1772852.2926168186,298.65130058006906,15.9
419500,838.999999993984,-2218571.554537179,-1774320.9380623698,299.0385085524208,15.9
420000,839.9999999939604,-2216889.406410005,-1771550.77095654,299.7708869906,15.9
420500,840.9999999939367,-2216151.8318768777,-1771219.601421548,299.49732351088005,15.9
421000,841.9999999939131,-2217320.745990699,-1773061.7267850174,299.04416468437597,15.9
421500,842.9999999938894,-2220303.0880203694,-1776033.4922054508,299.05128411952023,15.9
422000,843.9999999938658,-2220413.0752827376,-1776322.7906865918,298.93058432206345,15.9
422500,844.9999999938422,-2219405.4722474087,-1774114.5321359406,299.7387818152627,15.9
423000,845.9999999938185,-2220214.6304261424,-1775833.6504800871,299.1262601425492,15.9
423500,846.9999999937949,-2219128.184229439,-1774330.961477225,299.4064457480013,15.9
424000,847.9999999937712,-2219326.6285376847,-1775562.4710903433,298.7110582875228,15.9
424500,848.9999999937476,-2214461.2440913077,-1768592.484849661,300.1277293248302,15.9
425000,849.9999999937239,-2218188.1565285064,-1773737.5753680351,299.17311082227945,15.9
425500,850.9999999937003,-2217489.8056145627,-1770539.7297464698,300.8555962072924,15.9
426000,851.9999999936766,-2217007.986712519,-1771901.1606242754,299.6148491050607,15.9
426500,852.999999993653,-2215136.1732193064,-1769938.0303068096,299.67631721769294,15.9
427000,853.9999999936293,-2217035.0153203625,-1772220.691024998,299.4179573132484,15.9
427500,854.9999999936057,-2214766.798698321,-1768724.1907348966,300.24475215056464,15.9
428000,855.999999993582,-2216335.289447291,-1772253.608600248,298.92479287866576,15.9
428500,856.9999999935584,-2218161.456923185,-1772603.413841323,299.9185768924882,15.9
429000,857.9999999935347,-2216793.4028201792,-1769351.7763816947,301.1864737435226,15.9
429500,858.9999999935111,-2217713.312929144,-1769793.1223277792,301.5086097366024,15.9
430000,859.9999999934874,-2218349.436282059,-1772801.137359408,299.9120178046007,15.9
430500,860.9999999934638,-2218909.310990032,-1773059.645843516,300.1148765126599,15.9
431000,861.9999999934402,-2217673.3410999365,-1771180.340355949,300.54792513528923,15.9
431500,862.9999999934165,-2220432.703034496,-1773940.338484208,300.5474968940936,15.9
432000,863.9999999933929,-2219456.3992683813,-1772922.6836155446,300.5753315702306,15.9
432500,864.9999999933692,-2217217.4978523348,-1770320.9766760634,300.8195469266062,15.9
433000,865.9999999933456,-2215592.171734022,-1769121.589685556,300.5328344341761,15.9
433500,866.9999999933219,-2217273.0799062755,-1772079.387202344,299.6733216478891,15.9
434000,867.9999999932983,-2220079.8922722284,-1773782.4386581043,300.4162964556712,15.9
434500,868.9999999932746,-2218900.88754797,-1774265.6403338236,299.2974151208517,15.9
435000,869.999999993251,-2218041.504170442,-1771631.7307956088,300.4919022792262,15.9
435500,870.9999999932273,-2215857.4837647956,-1771993.3803280962,298.7783349518313,15.9
436000,871.9999999932037,-2215536.802997442,-1770957.3349137583,299.259868503327,15.9
436500,872.99999999318,-2219257.17602925,-1771522.9615912503,301.3834235636256,15.9
437000,873.9999999931564,-2218294.106948396,-1771663.9170623668,300.64027129059957,15.9
437500,874.9999999931327,-2217259.7594656628,-1770908.639721421,300.4524207488404,15.9
438000,875.9999999931091,-2219139.812505314,-1772046.6318435296,300.95192436641065,15.9
438500,876.9999999930855,-2217982.048384618,-1770910.1938208865,300.9375691256558,15.9
439000,877.9999999930618,-2218425.5908255503,-1773227.2067108476,299.6764795781832,15.9
439500,878.9999999930382,-2218051.0698329397,-1772572.6051086357,299.8650102963491,15.9
440000,879.9999999930145,-2217792.770884061,-1772436.6534427588,299.78265464465744,15.9
440500,880.9999999929909,-2218161.2261396386,-1773350.002184843,299.4158703803656,15.9
441000,881.9999999929672,-2218479.6661905423,-1771614.3917975433,300.7985137729756,15.9
441500,882.9999999929436,-2217325.526545612,-1772288.3584276785,299.5679602212241,15.9
442000,883.9999999929199,-2217182.4878476094,-1772467.0152040992,299.35141728056817,15.9
442500,884.9999999928963,-2216846.7136582416,-1769787.450704817,300.92909333242824,15.9
443000,885.9999999928726,-2217421.0611060485,-1772008.001955947,299.82098382877615,15.9
443500,886.999999992849,-2217705.5923078917,-1772720.2806735327,299.5330540558033,15.9
444000,887.9999999928253,-2215175.237133164,-1770402.2250298085,299.3901488289711,15.9
444500,888.9999999928017,-2216615.204520311,-1771629.3365755589,299.5334285251324,15.9
445000,889.999999992778,-2218128.0269286875,-1774108.4549625153,298.88298551495114,15.9
445500,890.9999999927544,-2214580.831166791,-1770064.590784036,299.2173080280373,15.9
446000,891.9999999927307,-2217235.9835001566,-1772086.5472616754,299.64353128422647,15.9
446500,892.9999999927071,-2218575.3216339312,-1771259.2952396143,301.10192856004045,15.9
447000,893.9999999926835,-2217383.5805091057,-1771802.6098133123,299.9340101619546,15.9
447500,894.9999999926598,-2217854.2921366002,-1770784.8735848665,300.9359293724004,15.9
448000,895.9999999926362,-2217117.72536199,-1770785.7360612713,300.43954346946936,15.9
448500,896.9999999926125,-2217094.0053745415,-1770896.6069890643,300.3489462590978,15.9
449000,897.9999999925889,-2216064.6940978672,-1769595.755885086,300.5317279187248,15.9
449500,898.9999999925652,-2218127.9098727275,-1772192.6369372043,300.17250170122657,15.9
450000,899.9999999925416,-2217117.2096356526,-1768295.2168559982,302.11564002177096,15.9
450500,900.9999999925179,-2216544.8421083707,-1770880.8255400807,299.98991084713526,15.9
451000,901.9999999924943,-2215621.6526012607,-1766989.2789475783,301.98800166062784,15.9
451500,902.9999999924706,-2217354.7011066414,-1771384.6314259372,300.1959244414447,15.9
452000,903.999999992447,-2217630.698915504,-1772773.4567483342,299.44684662909606,15.9
452500,904.9999999924233,-2217606.526342472,-1771928.0435060665,299.99964852915787,15.9
453000,905.9999999923997,-2217089.913202554,-1772501.7986703352,299.2656886890023,15.9
453500,906.999999992376,-2217571.943241928,-1772656.9305764944,299.48573369643697,15.9
454000,907.9999999923524,-2216273.943241928,-1771600.7808247388,299.3229369892497,15.9
454500,908.9999999923288,-2219087.435664419,-1773062.5567071866,300.23281822099176,15.9
455000,909.9999999923051,-2218275.3412517123,-1772309.3940405333,300.19314948268783,15.9
455500,910.9999999922815,-2219280.45478102,-1773682.2228646616,299.94562921089266,15.9
456000,911.9999999922578,-2220134.6072841547,-1774996.715902037,299.6357600926956,15.9
456500,912.9999999922342,-2218611.516301891,-1775397.2249272603,298.3409268252598,15.9
457000,913.9999999922105,-2218593.1474330984,-1774545.472569907,298.90190242378344,15.9
457500,914.9999999921869,-2216218.0728755724,-1770730.611546893,299.871066182497,15.9
458000,915.9999999921632,-2216727.217533067,-1771393.7269602036,299.76742381606584,15.9
458500,916.9999999921396,-2218916.1786668096,-1773767.897800656,299.6427535682147,15.9
459000,917.9999999921159,-2217272.8131789193,-1771842.3752657198,299.83268199914335,15.9
459500,918.9999999920923,-2217065.1362521406,-1770972.3625114793,300.2785202504817,15.9
460000,919.9999999920686,-2219364.8627047893,-1772545.447839993,300.7676443393538,15.9
460500,920.999999992045,-2219793.8221716974,-1773894.3772437158,300.1483847871642,15.9
461000,921.9999999920213,-2216853.1531876866,-1770967.2070346507,300.1392983540175,15.9
461500,922.9999999919977,-2213965.6162700728,-1768608.2270036864,299.783510748537,15.9
462000,923.999999991974,-2218698.89165291,-1772612.331312193,300.27433782330303,15.9
462500,924.9999999919504,-2216458.065616891,-1773704.2520490808,298.03096530474295,15.9
463000,925.9999999919268,-2214885.6088777427,-1771182.6690675055,298.66985084690737,15.9
463500,926.9999999919031,-2217662.5863584876,-1772288.378176885,299.7948320683849,15.9
464000,927.9999999918795,-2215392.3892926183,-1768916.2752451017,300.53655818983145,15.9
464500,928.9999999918558,-2217282.3600200936,-1772007.0037058475,299.7282918906437,15.9
465000,929.9999999918322,-2217505.3428402618,-1772980.9738276429,299.22277965432426,15.9
465500,930.9999999918085,-2216420.9608593285,-1770530.5723254846,300.14228865472154,15.9
466000,931.9999999917849,-2219572.8353039995,-1775421.00288255,298.9720140223292,15.9
466500,932.9999999917612,-2218962.328108821,-1773396.6311300038,299.9237289617149,15.9
467000,933.9999999917376,-2215758.7081031855,-1769842.198987706,300.1598712071933,15.9
467500,934.9999999917139,-2219844.4380355086,-1772429.2640162348,301.1686678211559,15.9
468000,935.9999999916903,-2218162.0952764936,-1773273.9091826475,299.46767592080414,15.9
468500,936.9999999916666,-2219300.2355964016,-1773080.8588152423,300.3637405810895,15.9
469000,937.999999991643,-2217969.990695184,-1771359.924849879,300.6267251909409,15.9
469500,938.9999999916193,-2217513.889337903,-1771838.942741396,299.99726817926995,15.9
470000,939.9999999915957,-2217589.652542725,-1772354.1278290919,299.70148003715644,15.9
470500,940.999999991572,-2218798.42420643,-1771388.4587778186,301.1651617614554,15.9
471000,941.9999999915484,-2219396.942902606,-1773950.21275301,299.8436487955694,15.9
471500,942.9999999915248,-2219132.46488207,-1775629.8881634728,298.53498039795153,15.9
472000,943.9999999915011,-2220938.4834306724,-1775868.1695458232,299.5902716381038,15.9
472500,944.9999999914775,-2216705.7909353096,-1770355.7900566026,300.4516676066536,15.9
473000,945.9999999914538,-2219240.5145887714,-1776304.042423437,298.15391832394516,15.9
473500,946.9999999914302,-2215742.6726807225,-1770964.0689153473,299.39391274557295,15.9
474000,947.9999999914065,-2218862.6726807225,-1772275.1615503505,300.6115429310537,15.9
474500,948.9999999913829,-2218853.3077043593,-1773898.430211092,299.5125679161702,15.9
475000,949.9999999913592,-2220656.328088032,-1774534.947662858,300.29777627389285,15.9
475500,950.9999999913356,-2218938.7125144694,-1773180.5290861991,300.05329740490083,15.9
476000,951.9999999913119,-2218621.3778609037,-1772262.8633636083,300.45739838047956,15.9
476500,952.9999999912883,-2218061.39696935,-1771432.590809132,300.6393398629606,15.9
477000,953.9999999912646,-2218058.3972363137,-1772717.2095413385,299.7726049814511,15.9
477500,954.999999991241,-2218906.88672328,-1772074.097542593,300.7766469953514,15.9
478000,955.9999999912174,-2219592.3461185116,-1774295.1657123112,299.7429823461355,15.9
478500,956.9999999911937,-2217894.001617927,-1772742.4801039938,299.6449349461193,15.9
479000,957.9999999911701,-2217837.2045736983,-1771961.0348569348,300.132717539465,15.9
479500,958.9999999911464,-2216005.6281906664,-1770301.544777254,300.0168810508073,15.9
480000,959.9999999911228,-2218764.3099323288,-1773569.3436602047,299.6741789251077,15.9
480500,960.9999999910991,-2214872.5172233135,-1771310.0146908935,298.57531827329643,15.9
481000,961.9999999910755,-2218414.865685262,-1772451.3781762184,300.191493782885,15.9
481500,962.9999999910518,-2216397.721985083,-1772625.2990966078,298.7166220056079,15.9
482000,963.9999999910282,-2217286.9053834025,-1770919.5621319478,300.46334128157696,15.9
482500,964.9999999910045,-2219918.866231069,-1775263.362244833,299.3110505660017,15.9
483000,965.9999999909809,-2216889.740184214,-1769253.0272413902,301.3177923621872,15.9
483500,966.9999999909572,-2216870.5148600824,-1768614.5520706966,301.73462813836835,15.9
484000,967.9999999909336,-2216390.081601979,-1771704.9886988304,299.33096775971,15.9
484500,968.9999999909099,-2217696.427944202,-1773348.0444044443,299.10431851689486,15.9
485000,969.9999999908863,-2216630.17716071,-1771715.8933289985,299.4852430964445,15.9
485500,970.9999999908626,-2217575.6880743373,-1772186.81436837,299.80470387580726,15.9
486000,971.999999990839,-2219006.100362394,-1774337.8092715852,299.31965795232463,15.9
486500,972.9999999908154,-2219398.175668532,-1772155.127630021,301.0528046244341,15.9
487000,973.9999999907917,-2222216.612055665,-1775404.805218415,300.76252314621155,15.9
487500,974.9999999907681,-2218905.6220955197,-1773033.9674090417,300.129678336203,15.9
488000,975.9999999907444,-2217944.0130190793,-1770931.9358045473,300.897331186333,15.9
488500,976.9999999907208,-2219111.258844411,-1772403.9263635483,300.69219830127645,15.9
489000,977.9999999906971,-2219846.8727506716,-1774766.4149363642,299.59709982341985,15.9
489500,978.9999999906735,-2218677.072849732,-1772034.843611165,300.6483753424417,15.9
490000,979.9999999906498,-2217692.5623476505,-1771621.249201591,300.26407447603725,15.9
490500,980.9999999906262,-2217177.9044964053,-1770356.2204466914,300.76917179626264,15.9
491000,981.9999999906025,-2215865.0994283594,-1770700.2514348202,299.6539054020687,15.9
491500,982.9999999905789,-2217862.0218195394,-1772761.4163204068,299.6106618386371,15.9
492000,983.9999999905552,-2219514.356682647,-1773088.5141222344,300.50271893340994,15.9
492500,984.9999999905316,-2217034.89117912,-1770960.5087925934,300.2661404745022,15.9
493000,985.999999990508,-2218636.7131651193,-1773460.6246933285,299.6614717074987,15.9
493500,986.9999999904843,-2217522.759852778,-1773077.8002442748,299.16932678585067,15.9
494000,987.9999999904607,-2217780.521550512,-1771663.1380973058,300.29508579133267,15.9
494500,988.999999990437,-2218169.0533805005,-1772504.0735869994,299.990559223119,15.9
495000,989.9999999904134,-2219901.8946767002,-1773383.3247709242,300.5651365104063,15.9
495500,990.9999999903897,-2218151.3672061656,-1772408.4737941874,300.0430052330991,15.9
496000,991.9999999903661,-2216952.086926721,-1770084.8647171077,300.79982490717254,15.9
496500,992.9999999903424,-2217247.55340394,-1771375.5653079022,300.1299027642486,15.9
497000,993.9999999903188,-2215657.4108048454,-1770036.7135394125,299.96075131592124,15.9
497500,994.9999999902951,-2217419.414901482,-1770877.7655046424,300.5806720129578,15.9
498000,995.9999999902715,-2217629.934831096,-1770598.0513116042,300.91066340845134,15.9
498500,996.9999999902478,-2219454.4263391607,-1774250.029445894,299.68052696105076,15.9
499000,997.9999999902242,-2215317.7190272193,-1769121.9919406981,300.34782125728884,15.9
499500,998.9999999902005,-2217640.3764719106,-1769758.983743405,301.48249371648996,15.9
500000,999.9999999901769,-2218703.268491978,-1773350.4566030856,299.78042957748585,15.9
