#"Step","Time (ps)","Potential Energy (kJ/mole)","Total Energy (kJ/mole)","Temperature (K)","Speed (ns/day)"
500,1.0000000000000007,-2729933.174080167,-2182037.562403455,299.76034973703963,0
1000,2.0000000000000013,-2727433.7608225457,-2179665.6724159922,299.6905802056769,13.2
1500,2.999999999999891,-2736736.1729685664,-2188173.323629142,300.12540357370085,13.2
2000,3.999999999999781,-2741882.8143243287,-2196085.304648545,298.6124526263882,13.3
2500,4.999999999999671,-2742546.0577046704,-2193064.6302369433,300.6279688345506,13.3
3000,5.999999999999561,-2743312.2050757743,-2194572.632981321,300.22209074133815,13.2
3500,6.999999999999451,-2746045.002445584,-2197219.8745231335,300.2688993749097,13.2
4000,7.999999999999341,-2747820.012604879,-2199741.4460515995,299.86044657413254,13.2
4500,8.999999999999675,-2747960.2225698642,-2201152.132719294,299.1653533253083,13.2
5000,10.000000000000009,-2746527.8561371546,-2199347.3152255877,299.36912582854603,13.2
5500,11.000000000000343,-2748077.4812400173,-2200154.3669874566,299.77539673062626,13.2
6000,12.000000000000677,-2752958.114369899,-2205261.741186008,299.65134393553967,13.2
6500,13.00000000000101,-2752662.0735196937,-2204292.7436178355,300.0195267368555,13.2
7000,14.000000000001345,-2751746.6686641835,-2201959.179501565,300.7954189085179,13.2
7500,15.000000000001679,-2753873.243632503,-2205754.5100714196,299.8824224323992,13.2
8000,16.00000000000201,-2754951.5414413232,-2206201.562954654,300.22778420502664,13.2
8500,17.000000000001457,-2752027.6500624567,-2202343.443161157,300.7389119277818,13.1
9000,18.000000000000902,-2755226.710894078,-2206092.361371723,300.4380782713237,13.1
9500,19.000000000000348,-2755616.135322569,-2203734.043799145,301.94140132351436,13.1
10000,19.999999999999794,-2754399.566869952,-2205813.675615543,300.13801008550166,13.1
10500,20.99999999999924,-2755003.0068011787,-2207411.320387763,299.59406853076973,13.1
11000,21.999999999998685,-2759022.5896344054,-2210414.6238595834,300.1500873239727,13.1
11500,22.99999999999813,-2756272.583859762,-2206762.856998729,300.64345177665484,13.1
12000,23.999999999997577,-2756375.0735821202,-2208746.620192129,299.61418419061806,13.1
12500,24.999999999997023,-2753326.9427940603,-2203892.2202262785,300.6024160160142,13
13000,25.99999999999647,-2752179.163852494,-2202846.9252242576,300.5463458068251,13
13500,26.999999999995914,-2755846.599858118,-2206731.03787099,300.4277993824071,13
14000,27.99999999999536,-2754753.2516480945,-2204601.2095308416,300.9948702617503,12.9
14500,28.999999999994806,-2755736.269402435,-2206352.6904253345,300.57443473581657,12.9
15000,29.99999999999425,-2756342.793556357,-2208433.0964151025,299.76805606592313,12.9
15500,30.999999999993697,-2753768.9198058434,-2204557.3556526764,300.48032333451425,12.9
16000,31.999999999993143,-2757546.561793696,-2207351.4587931163,301.0184293944955,12.9
16500,32.999999999994365,-2758037.460336322,-2210191.8883988,299.73297238741185,12.8
17000,33.99999999999559,-2761113.7715956103,-2213916.797980867,299.3781163602209,12.8
17500,34.99999999999681,-2756053.7174516004,-2207668.725886315,300.02809542331005,12.8
18000,35.99999999999803,-2757884.562895078,-2210977.3118062783,299.21960564421465,12.8
18500,36.999999999999254,-2756367.7851495184,-2208128.33311329,299.9484689776864,12.8
19000,38.000000000000476,-2759072.243844973,-2213013.9159102594,298.7551494665314,12.8
19500,39.0000000000017,-2752108.886234477,-2204254.4363457034,299.73782962246804,12.8
20000,40.00000000000292,-2755271.725699054,-2206672.0126183834,300.1455721746772,12.8
20500,41.00000000000414,-2757382.945507584,-2209116.507455308,299.96323335512625,12.8
21000,42.000000000005365,-2757632.197223887,-2210562.8835589886,299.30827204973997,12.8
21500,43.00000000000659,-2756138.259894155,-2210643.4205531715,298.4468580067541,12.8
22000,44.00000000000781,-2759379.1711449567,-2211061.0756238797,299.9914957842903,12.8
22500,45.00000000000903,-2759713.953781342,-2213412.3127147825,298.88826903884285,12.8
23000,46.00000000001025,-2760046.0229357257,-2212445.2001545173,299.5990671486568,12.8
23500,47.000000000011475,-2757142.2315983158,-2207756.58864781,300.57556396075773,12.8
24000,48.0000000000127,-2756111.131891854,-2207201.6186971045,300.3150675832289,12.8
24500,49.00000000001392,-2759333.377494974,-2211612.6876511485,299.6646478757996,12.8
25000,50.00000000001514,-2758702.956191791,-2211999.9580706684,299.10785636256156,12.8
25500,51.000000000016364,-2757477.203068966,-2208620.515698798,300.28616593241406,12.8
26000,52.000000000017586,-2759539.5855449047,-2210262.568430648,300.5161334452168,12.8
26500,53.00000000001881,-2762569.578981042,-2213928.7688496774,300.16805687071496,12.8
27000,54.00000000002003,-2757396.163355088,-2209598.060383334,299.70700153917556,12.7
27500,55.00000000002125,-2759530.724542754,-2212336.255293024,299.37674619167734,12.7
28000,56.000000000022474,-2762377.9321036357,-2214647.8079176038,299.66980951911097,12.7
28500,57.0000000000237,-2761341.3066740427,-2215109.342889907,298.850147750585,12.7
29000,58.00000000002492,-2758904.0762445107,-2211108.9546381114,299.7053703979464,12.7
29500,59.00000000002614,-2759632.804085441,-2209620.651373457,300.9183350675375,12.7
30000,60.00000000002736,-2759882.543931719,-2213567.095669881,298.8958231232294,12.7
30500,61.000000000028585,-2757280.703483073,-2210443.130534915,299.18148388641526,12.7
31000,62.00000000002981,-2758582.972455211,-2209109.785398385,300.62346040557054,12.7
31500,63.00000000003103,-2760403.801248729,-2213254.1907300455,299.35220343458894,12.7
32000,64.00000000003224,-2760574.071433708,-2212226.941211781,300.00738102209084,12.7
32500,65.00000000002991,-2762086.6676264834,-2212256.8348281123,300.8185856263962,12.7
33000,66.00000000002758,-2760472.7954261936,-2213192.9346338874,299.42346494269793,12.7
33500,67.00000000002525,-2762673.39338604,-2215892.9652466774,299.15021926683215,12.7
34000,68.00000000002292,-2762187.2670562007,-2213814.1022990067,300.0216248328287,12.6
34500,69.00000000002059,-2761256.3874061685,-2214529.66884761,299.1208341022445,12.6
35000,70.00000000001826,-2760774.638351202,-2212219.4917937834,300.1211892880251,12.6
35500,71.00000000001593,-2760268.78282308,-2211539.0742866294,300.2166942688467,12.7
36000,72.0000000000136,-2761391.9457889386,-2213155.8976986506,299.9466066374817,12.7
36500,73.00000000001127,-2758714.889555542,-2209557.0817926805,300.45091255987893,12.7
37000,74.00000000000894,-2761337.6404691786,-2212613.9256980387,300.21341500698094,12.7
37500,75.00000000000661,-2760457.397989273,-2212376.859929971,299.8615252090445,12.7
38000,76.00000000000428,-2759869.8553002253,-2212416.89743303,299.5181684566546,12.7
38500,77.00000000000195,-2760047.2128869817,-2210621.2380564422,300.59763002262554,12.7
39000,77.99999999999962,-2761674.1347498167,-2213041.1396705946,300.163781160683,12.7
39500,78.99999999999729,-2764362.665473815,-2215189.3332854714,300.4594061617859,12.7
40000,79.99999999999496,-2762513.4438006133,-2214702.5537268864,299.71399751811333,12.7
40500,80.99999999999262,-2758414.774619369,-2209221.309620633,300.47042106709944,12.7
41000,81.9999999999903,-2759134.727243282,-2211754.3397808005,299.47846430602084,12.7
41500,82.99999999998796,-2762157.421284752,-2212675.719300829,300.6281190256986,12.7
42000,83.99999999998563,-2760357.644352382,-2213797.169266694,299.02988027726906,12.7
42500,84.9999999999833,-2761339.1389277577,-2213949.620907847,299.48345974498767,12.7
43000,85.99999999998097,-2760885.2740400005,-2211871.4548794627,300.37213464512536,12.7
43500,86.99999999997864,-2762436.063357709,-2212519.6506883223,300.86595452635214,12.7
44000,87.99999999997631,-2763528.1524361167,-2216308.8254624354,299.39034615463845,12.7
44500,88.99999999997398,-2758779.4416048154,-2210612.295269973,299.9089096494611,12.7
45000,89.99999999997165,-2761183.096292168,-2212145.5702383136,300.3851049746556,12.7
45500,90.99999999996932,-2761375.499294283,-2213485.897016021,299.7570619220931,12.7
46000,91.99999999996699,-2759409.0653771125,-2211426.089055466,299.80814799634675,12.7
46500,92.99999999996466,-2762487.6960850265,-2215156.134702489,299.4517509641209,12.7
47000,93.99999999996233,-2758408.7606690302,-2209038.803928204,300.5669818447499,12.7
47500,94.99999999996,-2760396.56274304,-2214107.273398363,298.8815112616449,12.7
48000,95.99999999995767,-2761655.0059387125,-2213936.8073469847,299.6632848814915,12.7
48500,96.99999999995534,-2760422.9290812835,-2212352.1184412143,299.8562032197291,12.7
49000,97.999999999953,-2760348.5250022765,-2211522.2751757735,300.26951318225537,12.7
49500,98.99999999995067,-2759660.79528166,-2211275.1193890916,300.0284698270857,12.7
50000,99.99999999994834,-2761519.0063791834,-2212852.3588605137,300.1821928194065,12.7
50500,100.99999999994601,-2759058.9924346544,-2209842.7574027805,300.48287882903725,12.6
51000,101.99999999994368,-2761390.7920279335,-2209857.089162955,301.75079365323114,12.6
51500,102.99999999994135,-2761121.562842656,-2214175.414724719,299.24088668171436,12.6
52000,103.99999999993902,-2762974.6024681386,-2214802.245289208,299.91176056560846,12.6
52500,104.99999999993669,-2762388.6382834464,-2214202.8892884227,299.91908739099307,12.6
53000,105.99999999993436,-2761246.988713637,-2212023.4902519924,300.48685273976383,12.6
53500,106.99999999993203,-2763181.32434861,-2214166.6220572744,300.37261781672066,12.7
54000,107.9999999999297,-2764981.137947239,-2216077.6942548268,300.3117468847151,12.7
54500,108.99999999992737,-2766946.182211878,-2216874.386238561,300.95096662087656,12.7
55000,109.99999999992504,-2762656.543537084,-2213831.66718251,300.2687617390662,12.7
55500,110.99999999992271,-2765191.038848374,-2219645.055422672,298.47483955724573,12.7
56000,111.99999999992038,-2760281.4128420874,-2212614.908402295,299.6350023825388,12.7
56500,112.99999999991805,-2763596.9245013446,-2214265.5138702393,300.54589279952904,12.7
57000,113.99999999991572,-2765227.5712327827,-2215010.5759918615,301.0304069053233,12.7
57500,114.99999999991338,-2760960.8374609314,-2214209.260954817,299.1344341875424,12.7
58000,115.99999999991105,-2763990.4221046325,-2215545.013585516,300.06115027322045,12.7
58500,116.99999999990872,-2764303.294063691,-2214772.93124633,300.6547419592264,12.7
59000,117.9999999999064,-2762709.0557892714,-2212699.006089076,300.91718448422245,12.7
59500,118.99999999990406,-2763446.002817245,-2215469.041902515,299.80485689409556,12.7
60000,119.99999999990173,-2763815.24861335,-2215589.4852148546,299.94097975757444,12.7
60500,120.9999999998994,-2763184.280972462,-2214957.6351783844,299.94146252692457,12.7
61000,121.99999999989707,-2761934.927343486,-2210490.5316284653,301.70193262581125,12.7
61500,122.99999999989474,-2758316.806923406,-2210562.536764501,299.68302007440457,12.7
62000,123.99999999989241,-2760373.705816334,-2211582.1842195485,300.25051294559717,12.7
62500,124.99999999989008,-2759883.7554122526,-2212882.987237597,299.2707699787433,12.7
63000,125.99999999988775,-2762313.027924247,-2212558.373860183,300.77745442693345,12.7
63500,126.99999999988542,-2760380.844296295,-2213093.999576796,299.4272859341666,12.7
64000,127.99999999988309,-2762073.1528142244,-2214914.196785802,299.35731647657724,12.7
64500,128.99999999988785,-2761623.4348320626,-2213328.620715749,299.97875824471976,12.7
65000,129.99999999989262,-2763647.974372944,-2218018.7246397217,298.5203955663315,12.7
65500,130.9999999998974,-2763374.840684559,-2215385.5618182085,299.81159619517234,12.7
66000,131.99999999990217,-2763833.2718819007,-2213773.487443513,300.9443949640967,12.7
66500,132.99999999990695,-2761741.9787136223,-2214287.993515136,299.51873052209265,12.7
67000,133.99999999991172,-2761139.6972983107,-2214410.946231625,299.12194611214915,12.7
67500,134.9999999999165,-2763118.278782511,-2213829.20175551,300.5227315700876,12.7
68000,135.99999999992127,-2762375.737927826,-2214111.645843601,299.9619498474864,12.7
68500,136.99999999992605,-2762959.740624219,-2215519.9641286773,299.5109567679813,12.7
69000,137.99999999993082,-2765190.488781646,-2218503.166010274,299.09928018815276,12.7
69500,138.9999999999356,-2762971.941737186,-2213294.0531740976,300.7354550881366,12.7
70000,139.99999999994037,-2763405.249058597,-2215169.7171776984,299.94632421304914,12.7
70500,140.99999999994515,-2762719.19169659,-2214477.2851411793,299.94981187496955,12.7
71000,141.99999999994992,-2763268.5868172124,-2214420.141265945,300.2816567331002,12.7
71500,142.9999999999547,-2763135.0785737503,-2214988.980537549,299.8973938693973,12.7
72000,143.99999999995947,-2761511.0131928083,-2214413.758552385,299.3235588971192,12.7
72500,144.99999999996425,-2761642.134963395,-2212034.0322372923,300.69727440835777,12.7
73000,145.99999999996902,-2765760.758000672,-2216750.6128214197,300.3701245653004,12.7
73500,146.9999999999738,-2765676.7272603083,-2217775.9869140172,299.76315569451384,12.7
74000,147.99999999997857,-2762374.074840162,-2215138.8057609852,299.399068274358,12.7
74500,148.99999999998334,-2762589.57066717,-2212643.399503611,300.88223576027826,12.7
75000,149.99999999998812,-2761688.5517420024,-2212736.2910772054,300.33845524375874,12.7
75500,150.9999999999929,-2762825.6384220608,-2213459.131268787,300.56509453346405,12.7
76000,151.99999999999767,-2757667.936950775,-2207317.3714915793,301.10348479551095,12.7
76500,153.00000000000244,-2761031.0076694395,-2211435.1124563036,300.69059552961096,12.7
77000,154.00000000000722,-2763288.9777718466,-2215328.465724039,299.7958575190385,12.7
77500,155.000000000012,-2766249.4434759803,-2219327.6985715865,299.2275353869228,12.7
78000,156.00000000001677,-2766514.3178575933,-2218013.214538494,300.0916215753544,12.7
78500,157.00000000002154,-2765328.032827003,-2216909.731609741,300.04631953884086,12.7
79000,158.00000000002632,-2763299.714419082,-2215082.5849590953,299.9362560248563,12.7
79500,159.0000000000311,-2764913.7449903134,-2215743.823394789,300.457540184993,12.7
80000,160.00000000003587,-2763315.0848022345,-2216272.823221964,299.2934715253771,12.7
80500,161.00000000004064,-2766320.467208445,-2218051.6178403446,299.9645526153275,12.7
81000,162.00000000004542,-2762539.861399194,-2212257.166021154,301.06635224903636,12.7
81500,163.0000000000502,-2765723.7707614433,-2218359.795397596,299.46948504734166,12.7
82000,164.00000000005497,-2761314.907235315,-2212797.5690975953,300.10050384198337,12.7
82500,165.00000000005974,-2763741.7814100776,-2214783.193188101,300.3419171272139,12.7
83000,166.00000000006452,-2761523.6671993434,-2215354.8565854584,298.81559588340826,12.7
83500,167.0000000000693,-2762195.1576097514,-2213880.7081074454,299.9895010030973,12.7
84000,168.00000000007407,-2763164.576568149,-2212797.5220811097,301.11250614309597,12.7
84500,169.00000000007884,-2761856.9725508895,-2213361.276836368,300.0886630091517,12.7
85000,170.00000000008362,-2763755.523980975,-2215470.4331450006,299.9734385198437,12.7
85500,171.0000000000884,-2762375.676866412,-2214624.0893023526,299.6815523941532,12.7
86000,172.00000000009317,-2762367.0394075047,-2214929.1325371442,299.5099338733163,12.7
86500,173.00000000009794,-2765776.1319677625,-2219347.8423611643,298.9575599947231,12.7
87000,174.00000000010272,-2763206.4868134856,-2215182.7910458413,299.83042610026524,12.7
87500,175.0000000001075,-2761190.6120460667,-2213604.556613436,299.59098775272827,12.7
88000,176.00000000011227,-2764477.241660621,-2216322.950710834,299.9018763120187,12.7
88500,177.00000000011704,-2760923.098351173,-2214322.927965876,299.051598058248,12.7
89000,178.00000000012182,-2763788.3387425765,-2215599.601047039,299.9207225453767,12.7
89500,179.0000000001266,-2759400.3966376204,-2208292.543118305,301.517806299307,12.7
90000,180.00000000013137,-2760921.2655591182,-2213429.599611421,299.53934611805863,12.7
90500,181.00000000013614,-2765066.5983992275,-2215921.732171786,300.4438320885247,12.7
91000,182.00000000014091,-2764251.9115929697,-2216693.482355739,299.5758731253821,12.7
91500,183.0000000001457,-2762377.7263792492,-2215327.615474761,299.2977659860781,12.7
92000,184.00000000015046,-2763609.320282381,-2217767.532593997,298.63667766535525,12.7
92500,185.00000000015524,-2761845.2774768155,-2214022.472853179,299.7205161132103,12.7
93000,186.00000000016001,-2764240.430403877,-2216073.815524527,299.9086188837007,12.7
93500,187.0000000001648,-2765225.849234538,-2216101.7823462524,300.4324525172219,12.7
94000,188.00000000016956,-2764965.2662406433,-2216423.770333221,300.1137208514655,12.7
94500,189.00000000017434,-2767450.706553707,-2217757.9707111334,300.74357821523637,12.7
95000,190.0000000001791,-2765540.023179453,-2217904.9943363294,299.6177817009624,12.7
95500,191.0000000001839,-2764849.5014644843,-2216633.80130946,299.93547403473593,12.7
96000,192.00000000018866,-2765911.975864282,-2218137.214890572,299.6942308482846,12.7
96500,193.00000000019344,-2765940.6827523652,-2217459.548381355,300.08069632109897,12.7
97000,194.0000000001982,-2762356.08922302,-2215029.521517328,299.449018862812,12.7
97500,195.000000000203,-2763660.1793800406,-2215508.3697081576,299.9005187747132,12.7
98000,196.00000000020776,-2763044.735907536,-2216710.374880147,298.90617052717863,12.7
98500,197.00000000021254,-2766380.9442317374,-2218605.7977295313,299.69444177561144,12.7
99000,198.0000000002173,-2765974.2831058297,-2220066.7601636853,298.6726422218095,12.7
99500,199.0000000002221,-2766270.6111260075,-2218961.089737351,299.4396926155353,12.7
100000,200.00000000022686,-2764979.1043455545,-2213784.4071034202,301.56531955579203,12.7
100500,201.00000000023164,-2767187.3109408934,-2217375.7090449654,300.80861127804235,12.7
101000,202.0000000002364,-2764239.9950628188,-2217307.7753251554,299.2332662955436,12.7
101500,203.0000000002412,-2762849.151330283,-2214640.9356736233,299.9313791746938,12.7
102000,204.00000000024596,-2764240.7949857228,-2216252.8825745336,299.810848590942,12.7
102500,205.00000000025074,-2762953.178530518,-2215806.322643997,299.35069634184543,12.7
103000,206.0000000002555,-2762953.2750713024,-2213479.7975210855,300.6236193380362,12.7
103500,207.0000000002603,-2762254.3771729562,-2213198.8568163277,300.39494987645435,12.7
104000,208.00000000026506,-2764210.285057623,-2217136.689587797,299.3106146772687,12.7
104500,209.00000000026984,-2763809.236992292,-2216436.763547446,299.4741344507644,12.7
105000,210.0000000002746,-2765207.460275894,-2217166.0364266187,299.84012534924,12.7
105500,211.00000000027939,-2765439.615954647,-2218865.810311808,299.0371735871418,12.7
106000,212.00000000028416,-2765486.262558222,-2216594.1013191193,300.3055741173522,12.7
106500,213.00000000028894,-2763784.0582699776,-2214697.2042250745,300.41209291822287,12.7
107000,214.0000000002937,-2761757.9010474253,-2212869.377690346,300.3035837878727,12.7
107500,215.00000000029848,-2765034.612932002,-2217006.4089000835,299.83289262645525,12.7
108000,216.00000000030326,-2763474.4925669786,-2215301.905068238,299.91188657637645,12.7
108500,217.00000000030803,-2764302.7245072704,-2214548.5381179973,300.7771985563698,12.7
109000,218.0000000003128,-2763964.2706098743,-2214727.3481036047,300.49419719776984,12.7
109500,219.00000000031758,-2764631.149650246,-2215371.3050613673,300.5067381478215,12.7
110000,220.00000000032236,-2763160.39055196,-2214821.627375023,300.0028033100614,12.7
110500,221.00000000032713,-2763607.4484335296,-2213464.097143374,300.99011540459384,12.7
111000,222.0000000003319,-2764118.497432206,-2214101.1393661783,300.9211829800147,12.7
111500,223.00000000033668,-2764966.5129626133,-2213996.30552888,301.4424984525662,12.7
112000,224.00000000034146,-2762943.218543602,-2213108.263505084,300.8213880662501,12.7
112500,225.00000000034623,-2761805.219221154,-2212873.225985571,300.3273666868516,12.7
113000,226.000000000351,-2763346.748601295,-2213574.422921588,300.78712278267955,12.7
113500,227.00000000035578,-2763545.699865017,-2214611.777645489,300.32842205741764,12.7
114000,228.00000000036056,-2766889.3457699157,-2218859.015688167,299.83405581416287,12.7
114500,229.00000000036533,-2764398.54082508,-2216626.3295301567,299.69283588802483,12.7
115000,230.0000000003701,-2764194.8699370716,-2216273.3072616346,299.77454784391983,12.7
115500,231.00000000037488,-2762829.93058959,-2216286.2294533243,299.02070304562494,12.7
116000,232.00000000037966,-2764075.1366927046,-2216385.307915882,299.6477634108743,12.7
116500,233.00000000038443,-2764090.6617539357,-2216761.52239297,299.4504258466751,12.7
117000,234.0000000003892,-2763702.9175226223,-2213268.7825629404,301.14920668515396,12.7
117500,235.00000000039398,-2766791.591267379,-2218823.276636954,299.80012640684214,12.7
118000,236.00000000039876,-2765435.1771528255,-2216100.582934991,300.5476345785303,12.7
118500,237.00000000040353,-2763698.868288202,-2216086.404923735,299.60543585326855,12.7
119000,238.0000000004083,-2763543.7780589163,-2213889.7843359294,300.722381930635,12.7
119500,239.00000000041308,-2764046.200137334,-2216036.385359201,299.8228316421568,12.7
120000,240.00000000041786,-2765013.9714756683,-2217690.3918519514,299.44738404683847,12.7
120500,241.00000000042263,-2763606.3667209726,-2215066.0346274422,300.1130841147374,12.7
121000,242.0000000004274,-2763917.0523358863,-2216947.154644334,299.25388036215486,12.7
121500,243.00000000043218,-2765288.28841711,-2219396.8041058336,298.6638672918854,12.7
122000,244.00000000043696,-2766039.411472503,-2216366.5460506473,300.7327068665033,12.7
122500,245.00000000044173,-2765475.2453909796,-2217099.143592098,300.02323172404084,12.7
123000,246.0000000004465,-2763823.0061526485,-2216017.7551653804,299.7109123053593,12.7
123500,247.00000000045128,-2763333.290707879,-2215968.4643548396,299.4699506338737,12.7
124000,248.00000000045605,-2762876.871014083,-2213892.0124404356,300.35628995597307,12.7
124500,249.00000000046083,-2765912.435042754,-2216950.8407121864,300.3435618057682,12.7
125000,250.0000000004656,-2764552.2583791483,-2217055.212385953,299.5422896063543,12.7
125500,251.00000000047038,-2765648.5151719097,-2215622.526615835,300.92590482603754,12.7
126000,252.00000000047515,-2761269.500007486,-2214514.3585235598,299.1363846302412,12.7
126500,253.00000000047993,-2765672.0286802817,-2218719.9091327805,299.24415372342145,12.7
127000,254.0000000004847,-2763320.5765211117,-2215091.632912238,299.942719689333,12.7
127500,255.00000000048948,-2765722.282225266,-2215259.343203089,301.1649657379066,12.7
128000,256.00000000049425,-2766256.4257301837,-2217922.5452415193,300.00013193195014,12.7
128500,257.000000000499,-2767204.2531863935,-2219135.793266151,299.854917112335,12.7
129000,258.0000000005038,-2764322.3478308693,-2215336.2658070438,300.3569593204385,12.7
129500,259.0000000005086,-2765395.954476945,-2219185.0671648113,298.8386165565328,12.7
130000,260.00000000051335,-2763777.21927087,-2216145.4925919566,299.6159750467799,12.7
130500,261.0000000005181,-2764236.258659497,-2217424.0416891878,299.1676113226896,12.7
131000,262.0000000005229,-2761640.604850985,-2211476.553559949,301.0014406267187,12.7
131500,263.0000000005277,-2763148.4304712135,-2215978.266361126,299.3634485543091,12.7
132000,264.00000000053245,-2762849.5547280964,-2212502.5229549767,301.1015514729008,12.7
132500,265.0000000005372,-2766027.8369486406,-2216669.9425886283,300.5603823695681,12.7
133000,266.000000000542,-2763683.838336896,-2214827.3434686167,300.2860606122906,12.7
133500,267.0000000005468,-2765481.436060922,-2217365.064559263,299.8811301209735,12.7
134000,268.00000000055155,-2766241.1979049556,-2218083.748403134,299.90360439423426,12.7
134500,269.0000000005563,-2764407.9063955806,-2216365.3020283775,299.8407712249495,12.7
135000,270.0000000005611,-2765759.3162676245,-2216684.8818449015,300.40529799194684,12.7
135500,271.0000000005659,-2765380.4000447206,-2217725.2351091607,299.6287984019223,12.7
136000,272.00000000057065,-2763877.6428427324,-2214983.29740484,300.30676911906266,12.7
136500,273.0000000005754,-2764602.0409932863,-2217482.6371145034,299.3356770146869,12.7
137000,274.0000000005802,-2766046.3507178947,-2217814.0909045828,299.94453402509527,12.7
137500,275.000000000585,-2766030.651539946,-2219043.778771203,299.2631676332463,12.7
138000,276.00000000058975,-2762720.318105556,-2213794.0640919157,300.32422668875665,12.7
138500,277.0000000005945,-2765249.5463327523,-2217069.856654207,299.9157722652864,12.7
139000,278.0000000005993,-2764799.4313150905,-2218044.4286880502,299.136308659951,12.7
139500,279.0000000006041,-2761754.0507624038,-2213109.325353547,300.1701989666277,12.7
140000,280.00000000060885,-2764144.6597396564,-2215067.956945084,300.40653904576135,12.7
140500,281.0000000006136,-2765731.829158703,-2215459.870160685,301.06047824500735,12.7
141000,282.0000000006184,-2762900.728778867,-2214557.0217679446,300.00550814173533,12.7
141500,283.0000000006232,-2764745.3836362716,-2217871.675302242,299.2012539953114,12.7
142000,284.00000000062795,-2763259.23789143,-2213975.6774689876,300.51971336867,12.7
142500,285.0000000006327,-2766117.2377551533,-2215179.257617519,301.424866507094,12.7
143000,286.0000000006375,-2764465.1665223707,-2215468.0667386334,300.3629872708257,12.7
143500,287.0000000006423,-2764444.73292779,-2214570.8349606004,300.8426942159428,12.7
144000,288.00000000064705,-2763486.7789657544,-2216264.3302610647,299.3920540916228,12.7
144500,289.0000000006518,-2763410.080143938,-2214428.3727784846,300.3545658916618,12.7
145000,290.0000000006566,-2765531.5834050532,-2217137.693755872,300.03296367318075,12.7
145500,291.0000000006614,-2762635.3101128284,-2214319.3013974847,299.99035406750505,12.7
146000,292.00000000066615,-2761793.943690315,-2213482.6383662685,299.9877807849487,12.7
146500,293.0000000006709,-2764804.523405215,-2216690.9602823774,299.87959362277957,12.7
147000,294.0000000006757,-2763866.602749316,-2216318.2590438942,299.57035520832295,12.7
147500,295.0000000006805,-2763216.1051175315,-2216112.7713978426,299.3268848352869,12.7
148000,296.00000000068525,-2766255.925877776,-2217439.063407163,300.26437724572895,12.7
148500,297.00000000069,-2764929.424621027,-2215702.761629513,300.48858409252546,12.7
149000,298.0000000006948,-2763566.742587434,-2213414.854259501,300.99478612174363,12.7
149500,299.0000000006996,-2761246.682549108,-2210534.99961181,301.3010565577684,12.7
150000,300.00000000070435,-2764943.8863808606,-2216054.630485925,300.3039845682392,12.7
150500,301.0000000007091,-2764372.9713524524,-2215405.4871995007,300.3467841991954,12.7
151000,302.0000000007139,-2762367.1661793347,-2214408.996352228,299.79457606161975,12.7
151500,303.00000000071867,-2762789.9485935345,-2213527.8491400243,300.5079718116732,12.7
152000,304.00000000072345,-2763473.11164427,-2216360.6908504823,299.3318564839947,12.7
152500,305.0000000007282,-2764822.5417059585,-2215814.5212674104,300.36896209383167,12.7
153000,306.000000000733,-2763474.2681151778,-2213355.9840824846,300.9764008033015,12.7
153500,307.00000000073777,-2765926.78112223,-2216403.2521995846,300.65100305235023,12.7
154000,308.00000000074255,-2764806.9925785195,-2216257.472976157,300.1181107125089,12.7
154500,309.0000000007473,-2764140.576706199,-2215251.7747144513,300.303736232287,12.7
155000,310.0000000007521,-2762293.3704305943,-2214835.179605249,299.521031471674,12.7
155500,311.00000000075687,-2765916.409810506,-2216931.380612566,300.35638330659754,12.7
156000,312.00000000076164,-2762953.4467138015,-2213265.4321893416,300.7409951247008,12.7
156500,313.0000000007664,-2767225.97484475,-2217844.2000586474,300.57344764098866,12.7
157000,314.0000000007712,-2766196.0706009846,-2219357.2820234145,299.1821489720445,12.7
157500,315.00000000077597,-2763740.3204276655,-2215533.971778327,299.9303577122917,12.7
158000,316.00000000078074,-2765622.0969421994,-2214561.7750972332,301.4918011424435,12.7
158500,317.0000000007855,-2763711.436106233,-2215086.919712728,300.15914236865456,12.7
159000,318.0000000007903,-2763246.2447219994,-2216180.321718799,299.3064169775061,12.7
159500,319.00000000079507,-2765184.2383719143,-2215651.2767856494,300.6561637772861,12.7
160000,320.00000000079984,-2763791.6117784213,-2214117.236029893,300.73353318458624,12.7
160500,321.0000000008046,-2763933.4916309305,-2217018.257263829,299.2239733928236,12.7
161000,322.0000000008094,-2765602.986851368,-2217298.733455542,299.9839225892913,12.7
161500,323.00000000081417,-2765461.35974776,-2216020.6445898344,300.6056946349318,12.7
162000,324.00000000081894,-2768516.8218799587,-2220093.167784446,300.04924816360534,12.7
162500,325.0000000008237,-2766217.5560874436,-2218042.9702963163,299.91297986643366,12.7
163000,326.0000000008285,-2764108.083529303,-2217199.0202685725,299.220597105508,12.7
163500,327.00000000083327,-2767863.0636561457,-2218449.7834268883,300.59068465194,12.7
164000,328.00000000083804,-2764381.7076306846,-2217320.3704787125,299.30390800255043,12.7
164500,329.0000000008428,-2763609.845610842,-2214276.3615147835,300.5470272174114,12.7
165000,330.0000000008476,-2766600.3277214076,-2219276.9122824604,299.44729421935506,12.7
165500,331.00000000085237,-2767046.129928466,-2220843.964330586,298.83384480063734,12.7
166000,332.00000000085714,-2764557.302762255,-2217395.586630612,299.3588265626029,12.7
166500,333.0000000008619,-2762533.474303061,-2212296.0505459243,301.0415835948876,12.7
167000,334.0000000008667,-2765436.909628669,-2215058.875020515,301.1185135008393,12.7
167500,335.00000000087147,-2761219.060954148,-2214566.4289340638,299.0803004563993,12.7
168000,336.00000000087624,-2765785.1864420474,-2219635.2603529077,298.8052639303469,12.7
168500,337.000000000881,-2762120.6583630443,-2214250.220388,299.74657689882855,12.7
169000,338.0000000008858,-2763887.036515482,-2214630.8510890296,300.5047361755749,12.7
169500,339.00000000089057,-2767268.793653123,-2220004.2005392145,299.41511181024254,12.7
170000,340.00000000089534,-2768155.298652848,-2217522.4255308416,301.2579387497573,12.7
170500,341.0000000009001,-2764082.2696227655,-2215328.521376445,300.2298466863595,12.7
171000,342.0000000009049,-2765597.878487261,-2218991.6783280647,299.0548970208504,12.7
171500,343.00000000090967,-2766140.060216587,-2217330.389540232,300.2604425276624,12.7
172000,344.00000000091444,-2763099.2428890467,-2216039.096469176,299.3032565385425,12.7
172500,345.0000000009192,-2765040.913492495,-2215336.971923591,300.74970900433607,12.7
173000,346.000000000924,-2762808.066984836,-2215276.034418336,299.5614311859297,12.7
173500,347.00000000092876,-2766291.451028416,-2219578.172211852,299.1134810560165,12.7
174000,348.00000000093354,-2763407.8828466833,-2214022.6396064623,300.57534527440157,12.7
174500,349.0000000009383,-2761746.6645474285,-2213413.1571939066,299.99992778517765,12.7
175000,350.0000000009431,-2762947.985304041,-2216234.6164836558,299.1135302982013,12.7
175500,351.00000000094786,-2764615.7703474816,-2216102.139923728,300.09847530659897,12.7
176000,352.00000000095264,-2766954.3601599466,-2216633.090133126,301.08745690832336,12.7
176500,353.0000000009574,-2766004.112667285,-2217996.6871390673,299.82152445448287,12.7
177000,354.0000000009622,-2767205.584073754,-2216481.5739813303,301.3078008941949,12.7
177500,355.00000000096696,-2766428.948498288,-2217892.1707147844,300.11113950851313,12.7
178000,356.00000000097174,-2763035.738464052,-2211554.135239373,301.72228930666495,12.7
178500,357.0000000009765,-2764271.409803426,-2215561.935465791,300.2056238926942,12.7
179000,358.0000000009813,-2764106.9195525274,-2218602.852604892,298.4519065425303,12.7
179500,359.00000000098606,-2766813.3879895117,-2216582.565509095,301.0379719561444,12.7
180000,360.00000000099084,-2764933.272942949,-2217100.533404464,299.7259516258994,12.7
180500,361.0000000009956,-2762913.0840436146,-2213881.473099813,300.381868746038,12.7
181000,362.0000000010004,-2764263.0508846566,-2215050.734238029,300.48073503283433,12.7
181500,363.00000000100516,-2765931.7723854333,-2215392.7508388003,301.206591411947,12.7
182000,364.00000000100994,-2764065.934435403,-2216508.5139476047,299.5753212263046,12.7
182500,365.0000000010147,-2763991.6636236385,-2216692.0604040143,299.4342662646859,12.7
183000,366.0000000010195,-2763995.3573134392,-2216399.086419048,299.59657675604353,12.7
183500,367.00000000102426,-2762388.3048988786,-2212904.6235817866,300.62920194293724,12.7
184000,368.00000000102904,-2762158.0386741515,-2210122.5344219985,302.0253352923906,12.7
184500,369.0000000010338,-2762520.6806005873,-2215693.1695796237,299.17597888372745,12.7
185000,370.0000000010386,-2764165.0666333046,-2214898.9442931395,300.51017278186714,12.7
185500,371.00000000104336,-2765025.951851379,-2216882.1098929876,299.8961595418011,12.7
186000,372.00000000104814,-2764091.736741703,-2213812.4155937945,301.06450616671185,12.7
186500,373.0000000010529,-2766048.829108203,-2216413.749821573,300.7120336125675,12.7
187000,374.0000000010577,-2765362.8739148322,-2217910.0027432605,299.51812102442506,12.7
187500,375.00000000106246,-2762841.642282579,-2214462.799200102,300.02473151362045,12.7
188000,376.00000000106724,-2764162.690187089,-2215398.740849659,300.2354278273168,12.7
188500,377.000000001072,-2766635.501995586,-2216766.2249514014,300.8401660527917,12.7
189000,378.0000000010768,-2765664.094923258,-2215932.9809092847,300.76457537935994,12.7
189500,379.00000000108156,-2768006.3492014743,-2217397.1624081777,301.2449796713731,12.7
190000,380.00000000108633,-2768388.611306306,-2218912.3676295467,300.62513271949445,12.7
190500,381.0000000010911,-2765550.037522316,-2218276.3897982463,299.4200656975355,12.7
191000,382.0000000010959,-2765913.276870072,-2219287.9196567563,299.0653780780451,12.7
191500,383.00000000110066,-2765868.0045286696,-2218977.0995053016,299.2106625131033,12.7
192000,384.00000000110543,-2765360.269200878,-2215371.029982405,300.905798816686,12.7
192500,385.0000000011102,-2761044.0184185356,-2212388.3123309826,300.17620662943114,12.7
193000,386.000000001115,-2763970.058362795,-2215753.6978287166,299.9358353361442,12.7
193500,387.00000000111976,-2764406.307599649,-2214971.721803068,300.6023411868273,12.7
194000,388.00000000112453,-2765649.871760346,-2216118.6751779425,300.65519812221703,12.7
194500,389.0000000011293,-2764280.220170336,-2215514.7502406556,300.2362597618221,12.7
195000,390.0000000011341,-2763563.920716539,-2214426.319607471,300.439857253943,12.7
195500,391.00000000113886,-2765434.722226428,-2216581.8150248104,300.2840977562456,12.7
196000,392.00000000114363,-2765425.6385270003,-2218505.2306128955,299.2268039032824,12.7
196500,393.0000000011484,-2766361.3264755756,-2218027.2187394965,300.0002562617731,12.7
197000,394.0000000011532,-2764648.0720008668,-2216949.183350934,299.6527201775906,12.7
197500,395.00000000115796,-2762936.0326369163,-2215477.6111900182,299.5211576475288,12.7
198000,396.00000000116273,-2760344.835426064,-2209327.981337432,301.46801940452974,12.7
198500,397.0000000011675,-2763203.168299632,-2215456.129919936,299.67906348008484,12.7
199000,398.0000000011723,-2762218.4405573793,-2216282.4793404387,298.6882011476653,12.7
199500,399.00000000117706,-2764960.0421249047,-2213659.659335103,301.6231414037058,12.7
200000,400.00000000118183,-2766836.822106695,-2219607.9044269407,299.3955933465217,12.7
200500,401.0000000011866,-2767267.9684735425,-2218447.7517376277,300.26621240505233,12.7
201000,402.0000000011914,-2764877.197642332,-2216998.679760184,299.7509975142297,12.7
201500,403.00000000119616,-2762060.48602592,-2213293.0468895417,300.23733713874594,12.7
202000,404.00000000120093,-2766320.074285727,-2217019.411563129,300.5290702449923,12.7
202500,405.0000000012057,-2768349.104311757,-2220008.2638567598,300.0039398141408,12.7
203000,406.0000000012105,-2768765.8904614504,-2220733.577015206,299.8351409369897,12.7
203500,407.00000000121526,-2765131.3931391574,-2216349.243777085,300.24538528205034,12.7
204000,408.00000000122003,-2762889.0587288495,-2215955.3305668347,299.23409157284385,12.7
204500,409.0000000012248,-2767855.1069322713,-2217661.586009387,301.0175638205555,12.7
205000,410.0000000012296,-2765765.5450816583,-2216230.533971954,300.6572850964753,12.7
205500,411.00000000123435,-2762776.0180571955,-2215113.333927791,299.6329122442831,12.7
206000,412.00000000123913,-2767130.0647947136,-2219262.7059793435,299.7448922531385,12.7
206500,413.0000000012439,-2765373.080116706,-2216956.5655467687,300.0453420423702,12.7
207000,414.0000000012487,-2764598.424824033,-2216453.8523024637,299.8965592417968,12.7
207500,415.00000000125345,-2767162.111871768,-2220286.827864264,299.20211606542404,12.7
208000,416.00000000125823,-2764499.454247812,-2215203.6924952585,300.52638886470135,12.7
208500,417.000000001263,-2763532.9669207837,-2215152.677411642,300.0255228712326,12.7
209000,418.0000000012678,-2763529.5309250616,-2214186.449668307,300.5522779406976,12.7
209500,419.00000000127255,-2763289.328044364,-2215470.037414604,299.71859356444224,12.7
210000,420.00000000127733,-2765708.866033444,-2215822.8573535,300.8493201341168,12.7
210500,421.0000000012821,-2765235.4224333186,-2217171.015310314,299.8526997776975,12.7
211000,422.0000000012869,-2763891.316826815,-2216775.2667479096,299.3338421100027,12.7
211500,423.00000000129165,-2764445.5007733665,-2216475.613298471,299.8009869291725,12.7
212000,424.0000000012964,-2767111.324385574,-2217607.4630697398,300.64024266557107,12.7
212500,425.0000000013012,-2762599.1395389475,-2216033.963575651,299.0324521845557,12.7
213000,426.000000001306,-2764680.691048406,-2215945.5228900835,300.21968129434356,12.7
213500,427.00000000131075,-2765739.794413749,-2217489.1514343624,299.954591678733,12.7
214000,428.0000000013155,-2764392.3259764556,-2218085.6105039427,298.89104530802797,12.7
214500,429.0000000013203,-2763036.5658445545,-2212194.348449601,301.3724735464167,12.7
215000,430.0000000013251,-2765298.8738150597,-2216940.9385003024,300.0132926197322,12.7
215500,431.00000000132985,-2764023.0636515003,-2215829.3385342266,299.92345122443885,12.7
216000,432.0000000013346,-2764461.1180115417,-2216907.2014404116,299.5734041908993,12.7
216500,433.0000000013394,-2762702.500838129,-2212900.9028982604,300.8031379920674,12.7
217000,434.0000000013442,-2762720.3816879615,-2212550.2213708404,301.0047829491552,12.7
217500,435.00000000134895,-2762779.2419749517,-2215001.71487398,299.69574423013637,12.7
218000,436.0000000013537,-2764391.775473576,-2216135.823599415,299.95749623960245,12.7
218500,437.0000000013585,-2764202.991984796,-2215016.2919194903,300.46671988978045,12.7
219000,438.0000000013633,-2766165.5812409874,-2218240.3484226326,299.77655582372694,12.7
219500,439.00000000136805,-2763441.6635211017,-2216466.5953810457,299.2567091773867,12.7
220000,440.0000000013728,-2766857.933697611,-2219837.404785583,299.2815813183847,12.7
220500,441.0000000013776,-2767856.228214318,-2218348.029986909,300.6426154426158,12.7
221000,442.0000000013824,-2765453.738775747,-2217464.8403713945,299.81138803978797,12.7
221500,443.00000000138715,-2765970.8850167617,-2217613.878453869,300.0127844882967,12.7
222000,444.0000000013919,-2765058.7373679653,-2216404.9673658935,300.17514737352815,12.7
222500,445.0000000013967,-2763487.5674117655,-2215180.3868201044,299.9855240937175,12.7
223000,446.0000000014015,-2767411.3389249146,-2217818.630637857,300.68885192361086,12.7
223500,447.00000000140625,-2765811.29345995,-2218762.2850105264,299.29716281951005,12.7
224000,448.000000001411,-2763598.1762809586,-2216515.789011437,299.31542477776117,12.7
224500,449.0000000014158,-2763173.7451085392,-2217651.5985608865,298.46179811148795,12.7
225000,450.0000000014206,-2766232.4137325343,-2218257.764481802,299.80359215462016,12.7
225500,451.00000000142535,-2767340.607411256,-2218586.4211188876,300.23008634667747,12.7
226000,452.0000000014301,-2766529.6448369324,-2221810.0001941333,298.0227395635878,12.7
226500,453.0000000014349,-2765659.825778557,-2217207.542712594,300.0649114213719,12.7
227000,454.0000000014397,-2763301.995355444,-2215375.9757976765,299.77698625842373,12.7
227500,455.00000000144445,-2767006.2205059994,-2218220.589526117,300.2472901174792,12.7
228000,456.0000000014492,-2767178.315823391,-2218305.6077775657,300.2949310388243,12.7
228500,457.000000001454,-2767780.4013775233,-2219754.6793565033,299.8315346881196,12.7
229000,458.0000000014588,-2765133.593827365,-2216211.0130789997,300.3222170006698,12.7
229500,459.00000000146355,-2764176.273137776,-2216357.062048842,299.71855004668924,12.7
230000,460.0000000014683,-2762473.0425775964,-2214146.133306731,299.99631789394533,12.7
230500,461.0000000014731,-2766736.792847626,-2219687.307013587,299.29742400243646,12.7
231000,462.0000000014779,-2763885.337672498,-2215419.0930451783,300.0725499613161,12.7
231500,463.00000000148265,-2765473.847749425,-2216338.745691264,300.43848999281175,12.7
232000,464.0000000014874,-2768760.3032641094,-2221471.6254669623,299.4282888332317,12.7
232500,465.0000000014922,-2767680.572226383,-2218800.629567369,300.29888918364844,12.7
233000,466.00000000149697,-2767481.953855222,-2217515.8303219406,300.89315194430765,12.7
233500,467.00000000150175,-2765910.0533799324,-2218090.9679957926,299.7184812720679,12.7
234000,468.0000000015065,-2767049.3510389887,-2218586.475341481,300.07070677886105,12.7
234500,469.0000000015113,-2766775.7623880003,-2218174.925940003,300.14618678259797,12.7
235000,470.00000000151607,-2765391.2001269683,-2217286.033566438,299.8749997614671,12.7
235500,471.00000000152085,-2766922.4273469225,-2216833.1056409585,300.96055516226244,12.7
236000,472.0000000015256,-2765114.061460858,-2216488.3544528596,300.15979376831785,12.7
236500,473.0000000015304,-2765537.490586873,-2219337.0785942227,298.83288538189845,12.7
237000,474.00000000153517,-2767188.299170729,-2219048.0710365055,299.8941823746665,12.7
237500,475.00000000153995,-2766782.55128422,-2218691.6601148993,299.86718952139495,12.7
238000,476.0000000015447,-2763479.3035884257,-2213944.72306388,300.65704951810034,12.7
238500,477.0000000015495,-2761379.3552571163,-2212897.5713899396,300.08105166834724,12.7
239000,478.00000000155427,-2761521.3989601396,-2211470.8955137334,300.9393172205574,12.7
239500,479.00000000155904,-2768727.335892057,-2219695.1756540234,300.38216927158976,12.7
240000,480.0000000015638,-2766553.3755291905,-2219870.0222797007,299.0971084144749,12.7
240500,481.0000000015686,-2764831.6732109915,-2217811.4254441964,299.28142750040973,12.7
241000,482.00000000157337,-2765962.9136234242,-2216598.8475231174,300.56375900371086,12.7
241500,483.00000000157814,-2767469.0144710746,-2219029.1413023616,300.0581218157232,12.7
242000,484.0000000015829,-2765668.9274834674,-2217677.5252155834,299.8127579339648,12.7
242500,485.0000000015877,-2765664.0102788415,-2216711.287198949,300.33870823667894,12.7
243000,486.00000000159247,-2766707.2397597358,-2218272.2538072215,300.0554479603287,12.7
243500,487.00000000159724,-2763166.3197398353,-2215369.9106732896,299.70607478304373,12.7
244000,488.000000001602,-2766999.0090623256,-2218698.150322257,299.9820653318587,12.7
244500,489.0000000016068,-2765384.5558119956,-2215858.270471139,300.6525111222623,12.7
245000,490.00000000161157,-2763288.6032235436,-2214166.6421587225,300.4313003956046,12.7
245500,491.00000000161634,-2765052.3219481893,-2215737.535295789,300.53679761868693,12.7
246000,492.0000000016211,-2766331.9889418874,-2217244.527443626,300.4124252633398,12.7
246500,493.0000000016259,-2765490.204443047,-2215411.924272208,300.95451420416714,12.7
247000,494.00000000163067,-2767100.5226402767,-2220551.3347282507,299.0237049273442,12.7
247500,495.00000000163544,-2765965.711971484,-2218292.1837867666,299.6388451587727,12.7
248000,496.0000000016402,-2765523.012332963,-2215121.7769885166,301.1312069057087,12.7
248500,497.000000001645,-2766372.426327316,-2219143.719273191,299.3954781106796,12.7
249000,498.00000000164977,-2767409.371930303,-2217861.849767024,300.6641300459787,12.7
249500,499.00000000165454,-2765698.5166112427,-2215121.4006567355,301.22743332559656,12.7
250000,500.0000000016593,-2766065.2157071587,-2217642.7722098744,300.0485858305976,12.7
250500,501.0000000016641,-2766842.14423332,-2217780.0634390432,300.3985391716448,12.7
251000,502.00000000166887,-2763222.800684467,-2214478.756238647,300.22453761913994,12.7
251500,503.00000000167364,-2766203.6982658803,-2218500.896771772,299.6548609422066,12.7
252000,504.0000000016784,-2765346.528714463,-2216687.5855577197,300.17797766933734,12.7
252500,505.0000000016832,-2766358.5867404994,-2218670.8210880817,299.6466346504316,12.7
253000,506.00000000168797,-2765801.9001864027,-2218867.3737070635,299.2345283419567,12.7
253500,507.00000000169274,-2766909.786669789,-2218275.3205459183,300.1645859870933,12.7
254000,508.0000000016975,-2765326.350115167,-2216797.147622942,300.10699497456403,12.7
254500,509.0000000017023,-2766115.220063869,-2217181.417308604,300.3283566970671,12.7
255000,510.00000000170706,-2764002.0652436223,-2214265.713596134,300.7674409523283,12.7
255500,511.00000000171184,-2763795.940570792,-2216080.910863069,299.6615511465297,12.7
256000,512.0000000017166,-2763402.906737888,-2215083.0756014744,299.99244536054033,12.7
256500,513.0000000016929,-2764726.0130945854,-2215686.9317369666,300.38595590025267,12.7
257000,514.0000000016693,-2766520.9206888974,-2217880.323837947,300.16794018240756,12.7
257500,515.0000000016456,-2764795.568848487,-2215577.6382762394,300.48380647978763,12.7
258000,516.000000001622,-2764181.246239098,-2218627.235505465,298.479231395,12.7
258500,517.0000000015983,-2767000.684214292,-2216877.58743207,300.97903391707575,12.7
259000,518.0000000015747,-2764686.1093283202,-2216612.8076660247,299.85756608827177,12.7
259500,519.000000001551,-2767683.4177546073,-2219248.040361532,300.0556621222182,12.7
260000,520.0000000015274,-2765368.5491494313,-2216696.5778680625,300.1851055146985,12.7
260500,521.0000000015037,-2764124.932005387,-2215002.0787577704,300.43178851965774,12.7
261000,522.0000000014801,-2765285.5495618116,-2217815.465870513,299.5275382032145,12.7
261500,523.0000000014564,-2763723.1459226087,-2215203.357240391,300.1018445646685,12.7
262000,524.0000000014328,-2764029.479029998,-2216625.7439561915,299.4912380680062,12.7
262500,525.0000000014091,-2763394.509911742,-2216824.105892175,299.0353125176973,12.7
263000,526.0000000013855,-2765596.7788094394,-2216719.8159433105,300.2972589027367,12.7
263500,527.0000000013619,-2761393.844175918,-2212493.085608597,300.3102778201354,12.7
264000,528.0000000013382,-2765349.620313462,-2217461.2420531325,299.75639224700245,12.7
264500,529.0000000013146,-2762422.3664458524,-2211933.0207577366,301.17941314585914,12.7
265000,530.0000000012909,-2763427.1690400206,-2214569.945653404,300.28645919352897,12.7
265500,531.0000000012673,-2762729.3397652227,-2214699.587953015,299.83373943586713,12.7
266000,532.0000000012436,-2764985.1791662574,-2216332.017514813,300.17481453750406,12.7
266500,533.00000000122,-2765118.070406381,-2215776.6403778577,300.5513745336587,12.7
267000,534.0000000011963,-2763877.1121118385,-2216355.1662768605,299.5559126124928,12.7
267500,535.0000000011727,-2766535.013134191,-2218930.61397866,299.6010238265253,12.7
268000,536.000000001149,-2767858.423003981,-2219111.8646302307,300.2259130196712,12.7
268500,537.0000000011254,-2765245.327225337,-2218572.735367853,299.0912207260856,12.7
269000,538.0000000011017,-2765146.991600901,-2216335.370163497,300.2615098127467,12.7
269500,539.0000000010781,-2764960.208727263,-2214758.0413048845,301.02229442554165,12.7
270000,540.0000000010544,-2762138.175365893,-2214109.866024434,299.832950242585,12.7
270500,541.0000000010308,-2765446.937492449,-2215628.2292647217,300.81249923855916,12.7
271000,542.0000000010072,-2764768.262808906,-2218128.4073319416,299.0733102543378,12.7
271500,543.0000000009835,-2768084.770424567,-2217249.6729055787,301.368578175722,12.7
272000,544.0000000009599,-2764683.8365474287,-2215189.1209411738,300.6352389366787,12.6
272500,545.0000000009362,-2765058.3427354377,-2217178.6635542917,299.7516328750292,12.6
273000,546.0000000009126,-2764755.0900747404,-2216465.1929482804,299.9760680997966,12.6
273500,547.0000000008889,-2765596.157031834,-2216118.0655030897,300.6261437017793,12.6
274000,548.0000000008653,-2765580.326808395,-2216174.744339017,300.58647311393077,12.6
274500,549.0000000008416,-2764997.5891286563,-2215296.92774059,300.74791437752356,12.6
275000,550.000000000818,-2765401.0468859617,-2215360.0258054216,300.93412930291805,12.6
275500,551.0000000007943,-2764796.7866982,-2218007.633289246,299.154992967896,12.6
276000,552.0000000007707,-2765194.296122195,-2215680.756304054,300.64553789184157,12.6
276500,553.000000000747,-2763148.904521337,-2215422.0302043725,299.6680314762363,12.6
277000,554.0000000007234,-2767583.0545544717,-2219393.5898769675,299.92112028604845,12.6
277500,555.0000000006997,-2766317.0542118307,-2218121.086564576,299.92467813985337,12.6
278000,556.0000000006761,-2763420.5276871733,-2214114.893113341,300.5317904052438,12.6
278500,557.0000000006524,-2763034.281684527,-2213404.1853857553,300.70930735933393,12.6
279000,558.0000000006288,-2768093.36094941,-2219090.7652228475,300.3659941679578,12.6
279500,559.0000000006052,-2766178.5469926894,-2216141.4225025326,300.93199743094976,12.6
280000,560.0000000005815,-2763935.10619602,-2215027.0539024575,300.31426830642954,12.6
280500,561.0000000005579,-2765484.1452387013,-2217570.1764442767,299.77039313930163,12.6
281000,562.0000000005342,-2766927.465607103,-2218249.293109252,300.1884982756218,12.6
281500,563.0000000005106,-2764211.0171772074,-2215957.2192830928,299.95631777093394,12.6
282000,564.0000000004869,-2764687.9671753757,-2214100.8927734843,301.23288171322196,12.6
282500,565.0000000004633,-2761643.54102348,-2214154.7304121833,299.5377839288026,12.6
283000,566.0000000004396,-2765181.2776228916,-2216155.197232845,300.37884291284536,12.6
283500,567.000000000416,-2763130.3136974983,-2214649.0286465394,300.08077875993064,12.6
284000,568.0000000003923,-2766648.9307182916,-2217623.8171125352,300.3783139734071,12.6
284500,569.0000000003687,-2766533.9136534743,-2218790.6571992952,299.6769943426588,12.6
285000,570.000000000345,-2763836.237140691,-2215280.498138762,300.12151342161883,12.6
285500,571.0000000003214,-2764465.5116107427,-2216343.820702801,299.88404043281696,12.6
286000,572.0000000002977,-2765018.5023217928,-2219247.6527059553,298.5978665834938,12.6
286500,573.0000000002741,-2764432.3835000843,-2215527.7440332193,300.3124011074548,12.6
287000,574.0000000002505,-2764515.1201830413,-2217460.3708623466,299.3003037199723,12.6
287500,575.0000000002268,-2763317.0403344426,-2215639.189141983,299.64121032886163,12.6
288000,576.0000000002032,-2765467.9743521437,-2216214.7273133416,300.5031285479704,12.6
288500,577.0000000001795,-2764489.4262120053,-2216751.077172225,299.67430943658354,12.6
289000,578.0000000001559,-2763618.614881359,-2215283.4675551085,300.000825034194,12.6
289500,579.0000000001322,-2767439.0098969676,-2219401.113104592,299.8381956535328,12.6
290000,580.0000000001086,-2765659.5627407543,-2219187.8665079623,298.98130828759406,12.6
290500,581.0000000000849,-2763721.2752858326,-2215568.3505629227,299.90112883268546,12.6
291000,582.0000000000613,-2765312.685477594,-2217843.445914615,299.527076370349,12.6
291500,583.0000000000376,-2766118.4196428824,-2217532.6536028273,300.13794157920677,12.6
292000,584.000000000014,-2765547.056836223,-2214565.9435239537,301.4484651912926,12.6
292500,584.9999999999903,-2764767.772852894,-2216954.015302426,299.71556634949735,12.6
293000,585.9999999999667,-2764717.3298493307,-2218555.3178909137,298.81187625635266,12.6
293500,586.999999999943,-2763822.59829768,-2216567.931988769,299.4096807345512,12.6
294000,587.9999999999194,-2764741.287887426,-2216992.6701592603,299.67992756083225,12.6
294500,588.9999999998957,-2766322.869946951,-2217610.9399459716,300.2069674159626,12.6
295000,589.9999999998721,-2763560.4091984536,-2214954.524040294,300.1489489933034,12.6
295500,590.9999999998485,-2765831.659390481,-2218509.8345027836,299.4464240094305,12.6
296000,591.9999999998248,-2768335.4313609675,-2220211.6877009775,299.8851635184171,12.6
296500,592.9999999998012,-2768823.7738045286,-2219141.070886313,300.73808908035306,12.6
297000,593.9999999997775,-2767152.72355251,-2219304.2749416726,299.73454625035373,12.6
297500,594.9999999997539,-2766138.799395563,-2218425.224312378,299.6607553037614,12.6
298000,595.9999999997302,-2764587.488510711,-2216714.261442554,299.7481028455767,12.6
298500,596.9999999997066,-2764056.733260859,-2215791.586869042,299.9625266719868,12.6
299000,597.9999999996829,-2767993.9899220597,-2219219.2795609473,300.2413153141917,12.6
299500,598.9999999996593,-2764959.442623358,-2217872.5389993433,299.3178957302084,12.6
300000,599.9999999996356,-2768945.444266485,-2220741.054305873,299.92928608987836,12.6
300500,600.999999999612,-2764880.3828865755,-2214752.9105310305,300.9814278464333,12.6
301000,601.9999999995883,-2763167.596363565,-2216877.8022414083,298.88178743154066,12.6
301500,602.9999999995647,-2763008.0595836807,-2215250.8950119065,299.68460364287154,12.6
302000,603.999999999541,-2762308.8826807383,-2215260.784243557,299.29666494074945,12.6
302500,604.9999999995174,-2764643.7332595773,-2215775.2301184433,300.2926304843499,12.6
303000,605.9999999994938,-2764697.039951369,-2214991.787933615,300.7504259668326,12.6
303500,606.9999999994701,-2762741.6871587057,-2216063.337266559,299.0943710168486,12.6
304000,607.9999999994465,-2764298.4318553135,-2216190.8426466607,299.87632522170617,12.6
304500,608.9999999994228,-2763945.034811113,-2215953.698745279,299.8127217140185,12.6
305000,609.9999999993992,-2766786.2483735867,-2218619.226283557,299.9088416736139,12.6
305500,610.9999999993755,-2763838.3801411577,-2218484.437877416,298.3697715029552,12.6
306000,611.9999999993519,-2764306.5675326064,-2217122.0108550508,299.3713229029368,12.6
306500,612.9999999993282,-2763944.3917059302,-2216097.2468991512,299.7338329233033,12.6
307000,613.9999999993046,-2764433.109549595,-2216282.2601809334,299.89999338114677,12.6
307500,614.9999999992809,-2765123.1485675815,-2217231.414260731,299.75822838085224,12.6
308000,615.9999999992573,-2766819.536166193,-2219009.201165277,299.7136938310307,12.6
308500,616.9999999992336,-2762618.8556604274,-2215262.825919924,299.46513790021777,12.6
309000,617.99999999921,-2765794.050303053,-2215238.8373249434,301.215449940942,12.6
309500,618.9999999991863,-2760714.0303701926,-2213038.5167574654,299.6399314105729,12.6
310000,619.9999999991627,-2763875.8245476484,-2218605.0315330722,298.32427953791847,12.6
310500,620.999999999139,-2766582.5471805725,-2220257.8283480704,298.90089516513905,12.6
311000,621.9999999991154,-2766236.4472721145,-2217867.265925118,300.0194454606846,12.6
311500,622.9999999990918,-2766890.6025751624,-2217839.647599656,300.3924521009427,12.6
312000,623.9999999990681,-2765768.0483861994,-2219281.3895051107,298.9894945343733,12.6
312500,624.9999999990445,-2765368.7032363657,-2216567.019959333,300.2560725243927,12.6
313000,625.9999999990208,-2764139.20805138,-2215358.581212319,300.244552291202,12.6
313500,626.9999999989972,-2766194.854366852,-2217571.3130293638,300.15860890365434,12.6
314000,627.9999999989735,-2764778.0460641403,-2214917.992954542,300.8351195260472,12.6
314500,628.9999999989499,-2763179.8543337975,-2215647.918610122,299.56137820204293,12.6
315000,629.9999999989262,-2762322.4175679814,-2213284.830363612,300.38513843084576,12.6
315500,630.9999999989026,-2766724.249659458,-2219423.1500125886,299.4350849782234,12.6
316000,631.9999999988789,-2763502.8939492106,-2214560.6893328186,300.3329534574285,12.6
316500,632.9999999988553,-2764730.8077098858,-2214727.854297731,300.91330201876826,12.6
317000,633.9999999988316,-2767420.24270826,-2219065.587385136,300.0114980964359,12.6
317500,634.999999998808,-2765583.983261613,-2218108.516248362,299.53048348409794,12.6
318000,635.9999999987843,-2764490.353993807,-2215004.0460411157,300.630639007205,12.6
318500,636.9999999987607,-2765672.387732925,-2216395.7992774756,300.5158989207722,12.6
319000,637.999999998737,-2766034.429854449,-2217395.098390682,300.1672478736967,12.6
319500,638.9999999987134,-2763134.5393601134,-2214451.1729409844,300.19133993309407,12.6
320000,639.9999999986898,-2766945.5511860363,-2218232.648627175,300.2074995142027,12.6
320500,640.9999999986661,-2768561.366804162,-2218965.7769276532,300.6904284762304,12.6
321000,641.9999999986425,-2766587.54388343,-2218122.406898472,300.0719439567147,12.6
321500,642.9999999986188,-2766925.8666590527,-2219351.64494597,299.5845133809049,12.6
322000,643.9999999985952,-2768285.1491315905,-2220531.9525740882,299.68243269402575,12.6
322500,644.9999999985715,-2762100.2550226897,-2215704.66380128,298.9396703106832,12.6
323000,645.9999999985479,-2766163.050339941,-2217881.2441477603,299.9716414512935,12.6
323500,646.9999999985242,-2765265.7497558556,-2217253.539535989,299.8241422174499,12.6
324000,647.9999999985006,-2765839.8617867827,-2217819.6234862516,299.8285344779764,12.6
324500,648.9999999984769,-2761821.269129541,-2214401.878467193,299.4998034308171,12.6
325000,649.9999999984533,-2764437.6310201604,-2217583.1236288114,299.19074892615123,12.6
325500,650.9999999984296,-2767550.443482239,-2216902.5283825193,301.2661683986243,12.6
326000,651.999999998406,-2763945.030026661,-2215934.8142422065,299.82305103759046,12.6
326500,652.9999999983823,-2766719.4086439237,-2218383.357284626,300.0013196416643,12.6
327000,653.9999999983587,-2765608.9848336205,-2216877.6218793523,300.21759942094695,12.6
327500,654.999999998335,-2765772.27346839,-2216607.6351172063,300.4546496577875,12.6
328000,655.9999999983114,-2767112.3376763593,-2220696.665208473,298.95065700475146,12.6
328500,656.9999999982878,-2766113.501822753,-2216980.571802127,300.4373016446712,12.6
329000,657.9999999982641,-2765593.6016049236,-2216740.8423361415,300.28401682039316,12.6
329500,658.9999999982405,-2763404.8703164738,-2214546.8986549014,300.2868685838539,12.6
330000,659.9999999982168,-2765180.4738354906,-2216595.2915483965,300.13762220086534,12.6
330500,660.9999999981932,-2765684.98544663,-2217323.35750754,300.0153128993948,12.6
331000,661.9999999981695,-2765226.0989114027,-2218178.8091148036,299.2962225236567,12.6
331500,662.9999999981459,-2768002.24913219,-2219105.077908151,300.30831514101567,12.6
332000,663.9999999981222,-2765890.2835262474,-2217035.585677856,300.2850774408638,12.6
332500,664.9999999980986,-2767314.9625697955,-2218098.2917085467,300.4831172765863,12.6
333000,665.9999999980749,-2766000.8884685095,-2218406.4171695383,299.5955921755118,12.6
333500,666.9999999980513,-2767278.719826149,-2220593.4126310097,299.0981774418933,12.6
334000,667.9999999980276,-2767417.7058773357,-2219480.811307444,299.7829361097611,12.6
334500,668.999999998004,-2764934.126202952,-2214605.5776928933,301.0914390549851,12.6
335000,669.9999999979804,-2766015.2135414425,-2219679.074201079,298.9071434638254,12.6
335500,670.9999999979567,-2762942.2865723446,-2215205.350834312,299.67353620201624,12.6
336000,671.9999999979331,-2765152.478533203,-2215528.1764128506,300.70613729388236,12.6
336500,672.9999999979094,-2764825.1038014814,-2216776.632324971,299.8439811917762,12.6
337000,673.9999999978858,-2766817.5282854326,-2216773.1458089007,300.9359683635287,12.6
337500,674.9999999978621,-2765209.27448602,-2216622.5593831292,300.1384608230216,12.6
338000,675.9999999978385,-2766191.3807863444,-2218507.0511394255,299.6447547700529,12.6
338500,676.9999999978148,-2764583.913224483,-2215858.0263402015,300.2146033964865,12.6
339000,677.9999999977912,-2764246.9133301675,-2216739.747655897,299.54782620689224,12.6
339500,678.9999999977675,-2766955.5331995655,-2217414.5994332433,300.66052545391057,12.6
340000,679.9999999977439,-2765079.0122154877,-2217623.992044549,299.5192967681034,12.6
340500,680.9999999977202,-2765012.621214887,-2218780.754742638,298.85009451006863,12.6
341000,681.9999999976966,-2764987.3582659215,-2218093.6222908082,299.2122113612179,12.6
341500,682.999999997673,-2766753.3410748746,-2217415.172694845,300.54959004611715,12.6
342000,683.9999999976493,-2764837.661098903,-2217873.7835306837,299.2505866794947,12.6
342500,684.9999999976257,-2765711.0448377207,-2216831.0978693487,300.2988915413505,12.6
343000,685.999999997602,-2765434.965578655,-2217437.0546281603,299.81631891334496,12.6
343500,686.9999999975784,-2764601.455318993,-2215082.4757511807,300.6485140450159,12.6
344000,687.9999999975547,-2765744.832047129,-2219538.6059259432,298.83606636230047,12.6
344500,688.9999999975311,-2765591.238886319,-2216586.380748206,300.3672319608207,12.6
345000,689.9999999975074,-2767751.2110193297,-2218433.812081373,300.5382268318718,12.6
345500,690.9999999974838,-2763543.0655660983,-2215915.276178646,299.6138209067573,12.6
346000,691.9999999974601,-2764102.430874111,-2216669.085114358,299.5074384342549,12.6
346500,692.9999999974365,-2766781.274680171,-2217478.9859399213,300.52995985901657,12.6
347000,693.9999999974128,-2766058.293541206,-2217086.4060621485,300.3491933124377,12.6
347500,694.9999999973892,-2766407.0920008887,-2218506.8495938987,299.76288326586894,12.6
348000,695.9999999973655,-2765026.6977599077,-2215664.5720769754,300.5626973777765,12.6
348500,696.9999999973419,-2766225.3922890984,-2216460.6986261983,300.7829472135047,12.6
349000,697.9999999973182,-2767071.0442103315,-2218248.727218767,300.26736148045035,12.6
349500,698.9999999972946,-2766489.6363359187,-2216874.0994537184,300.70134172553327,12.6
350000,699.999999997271,-2765423.054162914,-2216337.5470549585,300.4113559926445,12.6
350500,700.9999999972473,-2764213.642686628,-2216449.50737106,299.68841742154206,12.6
351000,701.9999999972237,-2765480.503193222,-2215715.5903078476,300.7830671527854,12.6
351500,702.9999999972,-2768293.0832386017,-2216787.099448949,301.7356282101485,12.6
352000,703.9999999971764,-2763767.8112021573,-2217767.2213589777,298.72356025474994,12.6
352500,704.9999999971527,-2764144.821726611,-2213879.4783468307,301.05685875984557,12.6
353000,705.9999999971291,-2764429.557274852,-2216242.399010947,299.9198584191298,12.6
353500,706.9999999971054,-2764749.217404131,-2215974.537019905,300.2412989134725,12.6
354000,707.9999999970818,-2767964.211324673,-2220249.0653851875,299.6616147383398,12.6
354500,708.9999999970581,-2766710.055478312,-2216862.4853166654,300.8282899534716,12.6
355000,709.9999999970345,-2765508.0360734425,-2216534.9674395095,300.34983953662896,12.6
355500,710.9999999970108,-2765221.446775593,-2215265.2567909146,300.88771717910805,12.6
356000,711.9999999969872,-2767313.9105385765,-2219520.7175859357,299.7043152080292,12.6
356500,712.9999999969635,-2766941.953763617,-2217705.4872167013,300.4939477368646,12.6
357000,713.9999999969399,-2767514.2380930074,-2219198.339832731,299.99029363619485,12.6
357500,714.9999999969162,-2767624.8635666277,-2219255.789327209,300.0193868608268,12.6
358000,715.9999999968926,-2766148.049528649,-2218607.8970430475,299.56587369238133,12.6
358500,716.999999996869,-2767230.349745868,-2218774.915981242,300.0666352069122,12.6
359000,717.9999999968453,-2766667.610281935,-2218289.7772068987,300.0241789262713,12.6
359500,718.9999999968217,-2768151.016136514,-2219757.093775812,300.0329815700513,12.6
360000,719.999999996798,-2765988.2635426708,-2217924.4097968396,299.8523970183189,12.6
360500,720.9999999967744,-2766216.25553941,-2217147.4103016118,300.4022400809283,12.6
361000,721.9999999967507,-2767153.5561150517,-2217730.08760387,300.5962587848364,12.6
361500,722.9999999967271,-2767422.563587092,-2220823.6215886897,299.0509259928448,12.6
362000,723.9999999967034,-2766545.069295436,-2217358.2534151995,300.46678325353736,12.6
362500,724.9999999966798,-2764495.2581700534,-2214935.1512531037,300.6710153177007,12.6
363000,725.9999999966561,-2766691.6891228426,-2219629.1392346593,299.3045715052742,12.6
363500,726.9999999966325,-2764974.1459157467,-2216333.1484150905,300.16815938273226,12.6
364000,727.9999999966088,-2769725.354557017,-2222773.1293602493,299.2442115254194,12.6
364500,728.9999999965852,-2767267.395267375,-2220527.134070812,299.12824344412996,12.6
365000,729.9999999965615,-2767160.9348871578,-2218192.3503011037,300.3473862595233,12.6
365500,730.9999999965379,-2765658.4881704357,-2216765.0745549733,300.3062593076833,12.6
366000,731.9999999965142,-2766855.736497866,-2218048.9087203154,300.25888714316613,12.6
366500,732.9999999964906,-2767023.6299156696,-2219978.5497129336,299.2950136279927,12.6
367000,733.999999996467,-2765463.76960882,-2214291.6756078964,301.55295304774535,12.6
367500,734.9999999964433,-2766766.859546734,-2221015.0266086357,298.58746232792345,12.6
368000,735.9999999964197,-2765702.527699331,-2216465.3789522415,300.4943209768726,12.6
368500,736.999999996396,-2766528.7599096615,-2219743.321868306,299.15296024511633,12.6
369000,737.9999999963724,-2767211.664290214,-2219192.5353961443,299.82792750821466,12.6
369500,738.9999999963487,-2763555.482435262,-2213161.6950377217,301.1271320434143,12.6
370000,739.9999999963251,-2764410.92146606,-2214457.2684667413,300.8863291635766,12.6
370500,740.9999999963014,-2766165.0581641756,-2218176.376000097,299.8112697321053,12.6
371000,741.9999999962778,-2766241.0888562165,-2217273.768113832,300.3466947952876,12.6
371500,742.9999999962541,-2763335.9333284777,-2212745.7287475793,301.2345942722093,12.6
372000,743.9999999962305,-2765750.9266482256,-2219440.8943163585,298.8928600021026,12.6
372500,744.9999999962068,-2763882.406817982,-2215735.1004741015,299.89805494921774,12.6
373000,745.9999999961832,-2762560.772789605,-2214576.8417791845,299.8086703181807,12.6
373500,746.9999999961595,-2763145.6819498893,-2215501.5740059223,299.62274898740554,12.6
374000,747.9999999961359,-2765504.894392155,-2217907.7256552307,299.59706797660806,12.6
374500,748.9999999961123,-2765867.992692668,-2218146.112107653,299.66529934477956,12.6
375000,749.9999999960886,-2765987.0664244443,-2216880.7570725232,300.4227371532043,12.6
375500,750.999999996065,-2767110.2212400455,-2219414.1336439336,299.6511876869938,12.6
376000,751.9999999960413,-2765731.8147931285,-2216030.035826818,300.7485258181671,12.6
376500,752.9999999960177,-2764761.405067466,-2218482.7987798937,298.8756664312328,12.6
377000,753.999999995994,-2767246.880293006,-2219031.3387752566,299.93538724235395,12.6
377500,754.9999999959704,-2767243.652971193,-2218702.5410603993,300.1135107622421,12.6
378000,755.9999999959467,-2764280.483853806,-2215633.042737685,300.1716847630859,12.6
378500,756.9999999959231,-2766252.9291681536,-2218048.828004174,299.92912808573,12.6
379000,757.9999999958994,-2768524.5201278143,-2219149.5369690238,300.5697318591226,12.6
379500,758.9999999958758,-2765679.615428144,-2214639.2067591194,301.48090640180783,12.6
380000,759.9999999958521,-2767515.345336195,-2220199.6931214645,299.44304686501096,12.6
380500,760.9999999958285,-2764355.6675693095,-2217323.4205601043,299.2879924318032,12.6
381000,761.9999999958048,-2764339.4946498107,-2214518.571663881,300.8137109596957,12.6
381500,762.9999999957812,-2767655.3180252817,-2217938.8180266833,300.75657987389053,12.6
382000,763.9999999957575,-2763062.7044795305,-2213907.04724597,300.44973597915515,12.6
382500,764.9999999957339,-2766914.417400183,-2217094.7672908497,300.81301455343595,12.6
383000,765.9999999957103,-2766199.2242675554,-2216644.802722429,300.66790478166104,12.6
383500,766.9999999956866,-2764345.764851516,-2217427.6265863315,299.2255621507666,12.6
384000,767.999999995663,-2767798.630236633,-2219097.7707208665,300.20091061892236,12.6
384500,768.9999999956393,-2767060.8566786014,-2217052.348584183,300.91634105296106,12.6
385000,769.9999999956157,-2765070.782869326,-2217659.263028234,299.495497208825,12.6
385500,770.999999995592,-2765196.621718116,-2216656.321701886,300.1130665648562,12.6
386000,771.9999999955684,-2766775.7140480895,-2217125.9592498243,300.7200627633887,12.6
386500,772.9999999955447,-2763796.7550566737,-2216037.849950551,299.6855559103727,12.6
387000,773.9999999955211,-2765713.249994887,-2217650.467942381,299.85181068187245,12.6
387500,774.9999999954974,-2767237.5024690162,-2220545.003241102,299.1021122904556,12.6
388000,775.9999999954738,-2762512.7452783585,-2214395.226536297,299.88175779014443,12.6
388500,776.9999999954501,-2766772.9936752114,-2216451.898791912,301.08736108517377,12.6
389000,777.9999999954265,-2767147.426938614,-2219586.07337326,299.57747306084826,12.6
389500,778.9999999954028,-2764090.1779151447,-2215229.8997451803,300.28813050263454,12.6
390000,779.9999999953792,-2767071.750510074,-2219796.6748638833,299.42084693108677,12.6
390500,780.9999999953556,-2762981.577127183,-2215431.8343071924,299.57112068091203,12.6
391000,781.9999999953319,-2764530.386425212,-2215430.605249053,300.41916550888396,12.6
391500,782.9999999953083,-2761756.4249590877,-2212360.82054949,300.581013996125,12.6
392000,783.9999999952846,-2764407.201144863,-2216353.793504111,299.84668182724,12.6
392500,784.999999995261,-2764401.670825757,-2216388.8477821434,299.82447750077205,12.6
393000,785.9999999952373,-2763441.167334482,-2216761.893462116,299.0948765376588,12.6
393500,786.9999999952137,-2765375.2410281375,-2216166.764511467,300.4786340510517,12.6
394000,787.99999999519,-2763208.8339277767,-2216938.363810313,298.87121503365773,12.6
394500,788.9999999951664,-2764810.988701038,-2214799.150024726,300.91816325480386,12.6
395000,789.9999999951427,-2763664.8837621603,-2215029.4182799803,300.1651327481732,12.6
395500,790.9999999951191,-2765641.721988138,-2217491.850145616,299.89945856471206,12.6
396000,791.9999999950954,-2766322.4074924607,-2218054.4797074785,299.9640484060001,12.6
396500,792.9999999950718,-2767573.570133889,-2219254.9752686294,299.99176898156315,12.6
397000,793.9999999950481,-2766366.6174143143,-2219954.2398153646,298.9488543419018,12.6
397500,794.9999999950245,-2766721.4258080274,-2218536.375439095,299.9187051641654,12.6
398000,795.9999999950008,-2765549.3969838805,-2219240.7279048576,298.892114149899,12.6
398500,796.9999999949772,-2768301.071624428,-2219704.557533282,300.1438219686192,12.6
399000,797.9999999949536,-2765638.0117438417,-2217509.248486,299.88790980142335,12.6
399500,798.9999999949299,-2767655.933354659,-2218510.548882826,300.4441156263314,12.6
400000,799.9999999949063,-2765360.4866120107,-2217301.166618052,299.8499165475542,12.6
400500,800.9999999948826,-2763313.9311841354,-2217148.8974687587,298.8135294963198,12.6
401000,801.999999994859,-2767411.5522662066,-2219357.191350091,299.8472033757803,12.6
401500,802.9999999948353,-2768526.1744534206,-2219359.3957326515,300.45582068000755,12.6
402000,803.9999999948117,-2765808.8943105843,-2216386.224520273,300.59582179493844,12.6
402500,804.999999994788,-2766167.7524986938,-2216372.9859792152,300.79940043892464,12.6
403000,805.9999999947644,-2767670.534373084,-2219996.486547742,299.6391294604753,12.6
403500,806.9999999947407,-2765361.3868841007,-2215347.207407551,300.9194439350704,12.6
404000,807.9999999947171,-2765483.814826142,-2217853.3997440743,299.615257456201,12.6
404500,808.9999999946934,-2763870.424054168,-2215705.8235274004,299.90751680691517,12.6
405000,809.9999999946698,-2764079.927186828,-2216085.2158001717,299.81456839307293,12.6
405500,810.9999999946461,-2765168.8096343037,-2216835.9762160406,299.9995590670047,12.6
406000,811.9999999946225,-2764361.7239951007,-2214882.424864214,300.6268043955919,12.6
406500,812.9999999945989,-2764344.814319201,-2214592.9360844027,300.775935736997,12.6
407000,813.9999999945752,-2767264.28298511,-2219400.258076268,299.7430682323478,12.6
407500,814.9999999945516,-2766181.0294406805,-2219720.5068036634,298.97519507751196,12.6
408000,815.9999999945279,-2764679.5906176977,-2216847.3017747,299.72570504491927,12.6
408500,816.9999999945043,-2769536.8756405246,-2220577.2146894014,300.34250403037066,12.6
409000,817.9999999944806,-2766721.597724192,-2218330.6881386163,300.0313332441545,12.6
409500,818.999999994457,-2766190.752945101,-2217658.0207256936,300.1089261312153,12.6
410000,819.9999999944333,-2766448.9338911436,-2217300.730874921,300.44565768623113,12.6
410500,820.9999999944097,-2765288.1293104533,-2214979.2473859447,301.0806792269504,12.6
411000,821.999999994386,-2770499.1584935635,-2220914.766552081,300.68430194984785,12.6
411500,822.9999999943624,-2763605.87161077,-2215100.2952765236,300.0940688163184,12.6
412000,823.9999999943387,-2764592.0144004747,-2215222.748504815,300.5666038749608,12.6
412500,824.9999999943151,-2766573.505165428,-2217926.215910577,300.171601677939,12.6
413000,825.9999999942914,-2766131.718130516,-2217618.948563325,300.0980043215082,12.6
413500,826.9999999942678,-2764136.055339042,-2216241.461538011,299.75979284488056,12.6
414000,827.9999999942441,-2766906.6308421567,-2218067.4885667544,300.2765667977777,12.6
414500,828.9999999942205,-2765524.9272821154,-2216982.8868800523,300.11401875110283,12.6
415000,829.9999999941969,-2763814.5956791546,-2214235.3586848676,300.6814816155701,12.6
415500,830.9999999941732,-2762875.0192165207,-2213534.0081211724,300.55114533022606,12.6
416000,831.9999999941496,-2763717.455007553,-2215704.2387075345,299.82469265613173,12.6
416500,832.9999999941259,-2762444.695093401,-2214830.0803212696,299.60661291455546,12.6
417000,833.9999999941023,-2766908.8921463005,-2218617.345531471,299.976970554936,12.6
417500,834.9999999940786,-2763675.1622215696,-2213446.8825452775,301.036580757096,12.6
418000,835.999999994055,-2765659.3897625357,-2219137.0919322465,299.00899303673197,12.6
418500,836.9999999940313,-2766029.23195976,-2217934.601062841,299.86923557182695,12.6
419000,837.9999999940077,-2765399.0604748167,-2217746.5216148044,299.627361644066,12.6
419500,838.999999993984,-2764029.310255369,-2217357.720584218,299.09067241775995,12.6
420000,839.9999999939604,-2764470.5411518663,-2214896.3502037087,300.6787208623894,12.6
420500,840.9999999939367,-2767241.5353093706,-2218303.4506366327,300.3306993861704,12.6
421000,841.9999999939131,-2765872.9206071217,-2217945.05989646,299.77799357555466,12.6
421500,842.9999999938894,-2765646.6246744003,-2217571.4420577143,299.85859518128484,12.6
422000,843.9999999938658,-2764004.1770148017,-2216061.4540396086,299.78612490115523,12.6
422500,844.9999999938422,-2762643.969316069,-2213701.164548531,300.3332818074161,12.6
423000,845.9999999938185,-2764331.9409377333,-2214309.7638679775,300.92381951553745,12.6
423500,846.9999999937949,-2761020.196608862,-2212328.6218932047,300.19583079191017,12.6
424000,847.9999999937712,-2766038.4714110773,-2218415.332043142,299.6112768245507,12.6
424500,848.9999999937476,-2763275.5739166886,-2216126.9331104597,299.3516728931164,12.6
425000,849.9999999937239,-2761029.8352183327,-2214589.2794274585,298.96427097325665,12.6
425500,850.9999999937003,-2764661.194504114,-2215638.2876262898,300.37710664572916,12.6
426000,851.9999999936766,-2764777.4082449395,-2216100.7426522877,300.1876738294686,12.6
426500,852.999999993653,-2766721.14612573,-2218759.3305592313,299.7965706899612,12.6
427000,853.9999999936293,-2767970.2953877915,-2220257.55691302,299.6602975851277,12.6
427500,854.9999999936057,-2767587.132959524,-2218652.4044571975,300.3288631845385,12.6
428000,855.999999993582,-2766066.2398776095,-2217680.866222173,300.02830446947684,12.6
428500,856.9999999935584,-2765551.2755275276,-2217765.4293096485,299.7002957201291,12.6
429000,857.9999999935347,-2768482.6444878895,-2219491.2194179175,300.359882565939,12.6
429500,858.9999999935111,-2767976.950854989,-2220859.216825116,299.3347634200483,12.6
430000,859.9999999934874,-2769800.0637663696,-2221024.7167086843,300.2416636586267,12.6
430500,860.9999999934638,-2768647.126666067,-2219729.105836251,300.3197222137983,12.6
431000,861.9999999934402,-2766063.6292321514,-2218701.4377034074,299.46850908947124,12.6
431500,862.9999999934165,-2765927.033018062,-2217163.441167909,300.23523224168156,12.6
432000,863.9999999933929,-2767965.2039458062,-2219799.6703209346,299.9080273162309,12.6
432500,864.9999999933692,-2764784.734847175,-2215783.689924555,300.3651457042681,12.6
433000,865.9999999933456,-2768007.589882821,-2220783.226798982,299.39310147172796,12.6
433500,866.9999999933219,-2766068.984662393,-2217769.819047571,299.9811390024536,12.6
434000,867.9999999932983,-2768878.378771445,-2221455.6589944325,299.5016248299209,12.6
434500,868.9999999932746,-2765013.7856486067,-2217720.502708912,299.4308083627031,12.6
435000,869.999999993251,-2766253.4960701093,-2218751.9774603187,299.5447366292656,12.6
435500,870.9999999932273,-2763295.2385473233,-2217516.740631322,298.6020510614915,12.6
436000,871.9999999932037,-2766995.232744409,-2217198.8671006113,300.8002753392797,12.6
436500,872.99999999318,-2765150.613964984,-2215910.69984506,300.4958339459687,12.6
437000,873.9999999931564,-2763675.513813056,-2215201.3698304165,300.07687179464136,12.6
437500,874.9999999931327,-2764932.6049200334,-2217891.4550695084,299.29286328451803,12.6
438000,875.9999999931091,-2761543.9406099822,-2212769.6069635805,300.24110920899386,12.6
438500,876.9999999930855,-2765473.8213525154,-2217517.1432195716,299.79375993760897,12.6
439000,877.9999999930618,-2768302.442854546,-2219763.840787633,300.11213759614355,12.6
439500,878.9999999930382,-2768118.4146756344,-2222344.245519478,298.5996827443569,12.6
440000,879.9999999930145,-2766946.1297295354,-2216945.5685806414,300.91199318245646,12.6
440500,880.9999999929909,-2765290.642904468,-2216416.5165556013,300.2957070096598,12.6
441000,881.9999999929672,-2762774.382056743,-2214375.3859557323,300.035757475054,12.6
441500,882.9999999929436,-2764594.1508437973,-2216841.5554813463,299.6821037729046,12.6
442000,883.9999999929199,-2763055.5120277703,-2215660.26578486,299.4865937254268,12.6
442500,884.9999999928963,-2766153.4261806253,-2218039.0895088427,299.8800168408112,12.6
443000,885.9999999928726,-2765204.796603948,-2215368.3955684714,300.8221791887646,12.6
443500,886.999999992849,-2765407.2385381088,-2216071.952867991,300.54801288048037,12.6
444000,887.9999999928253,-2765936.768908439,-2219528.9194441936,298.9463769443579,12.6
444500,888.9999999928017,-2765587.6676143687,-2218976.914128468,299.0573882012436,12.6
445000,889.999999992778,-2768831.8731848113,-2221321.2417246522,299.5497223804842,12.6
445500,890.9999999927544,-2766391.571815271,-2219307.9878130658,299.31607952476054,12.6
446000,891.9999999927307,-2766171.5060469136,-2217649.5317801936,300.10304032451904,12.6
446500,892.9999999927071,-2766125.477914015,-2217797.981821724,299.996638951081,12.6
447000,893.9999999926835,-2767154.634610681,-2219170.9933564956,299.8085117890221,12.6
447500,894.9999999926598,-2766769.157058401,-2218678.185914311,299.8672332765635,12.6
448000,895.9999999926362,-2766679.922208056,-2218978.471427491,299.65412195040676,12.6
448500,896.9999999926125,-2767805.001051061,-2218534.1477032797,300.5127611736471,12.6
449000,897.9999999925889,-2766624.467809107,-2219601.2865379043,299.283032456333,12.6
449500,898.9999999925652,-2766068.7759963926,-2219074.911032654,299.26699314813044,12.6
450000,899.9999999925416,-2768914.2861604206,-2221861.575729876,299.2991882183851,12.6
450500,900.9999999925179,-2767088.534383172,-2220765.6157120755,298.8999102749503,12.6
451000,901.9999999924943,-2765543.7113118786,-2215076.0943282167,301.1675251075036,12.6
451500,902.9999999924706,-2763231.425024133,-2217633.7670760774,298.5031113166159,12.6
452000,903.999999992447,-2767888.2430456188,-2218388.167122728,300.6381716310736,12.6
452500,904.9999999924233,-2766152.4406694807,-2219279.4175755484,299.20087909212396,12.6
453000,905.9999999923997,-2763118.928431999,-2213455.392699587,300.7276024799904,12.6
453500,906.999999992376,-2763642.4244362917,-2215713.9022851074,299.7783554577054,12.6
454000,907.9999999923524,-2767081.8149494957,-2217737.1300012097,300.5531553398302,12.6
454500,908.9999999923288,-2767603.795253774,-2220170.548155399,299.50738445541566,12.6
455000,909.9999999923051,-2765146.8787357043,-2217723.3271746575,299.50207990907785,12.6
455500,910.9999999922815,-2766371.0544688385,-2217659.793435042,300.20660141588445,12.6
456000,911.9999999922578,-2766963.379840702,-2220332.4379415754,299.06843352754356,12.6
456500,912.9999999922342,-2765153.0112179834,-2215527.036325701,300.7070524877408,12.6
457000,913.9999999922105,-2766535.033592254,-2219110.6555267535,299.502532099712,12.6
457500,914.9999999921869,-2767075.1607799865,-2218883.038838703,299.92257410736545,12.6
458000,915.9999999921632,-2765015.7013813835,-2219049.7167259427,298.7046273358541,12.6
458500,916.9999999921396,-2764768.4074177593,-2214399.307969605,301.11362496618165,12.6
459000,917.9999999921159,-2768358.5611472335,-2219453.386741901,300.31269377879346,12.6
459500,918.9999999920923,-2769791.4418952186,-2218315.1500812164,301.71938336931464,12.6
460000,919.9999999920686,-2767625.2837727107,-2219793.5688703163,299.725391035038,12.6
460500,920.999999992045,-2766185.555932047,-2217346.119754694,300.2767275951076,12.6
461000,921.9999999920213,-2763731.4983836915,-2215562.3400023845,299.91001046454187,12.6
461500,922.9999999919977,-2768744.917971337,-2220431.658426566,299.98884996286387,12.6
462000,923.999999991974,-2768123.251047317,-2219335.0116061624,300.2487172383514,12.6
462500,924.9999999919504,-2766197.0484666675,-2216366.145307115,300.81917123401075,12.6
463000,925.9999999919268,-2763871.27184519,-2215553.8083633953,299.9911499879154,12.6
463500,926.9999999919031,-2767378.5462340154,-2217871.737044852,300.6418554829056,12.6
464000,927.9999999918795,-2769577.8728512228,-2220896.3258190844,300.1903445243538,12.6
464500,928.9999999918558,-2765413.74562327,-2217470.26094348,299.7865416390001,12.6
465000,929.9999999918322,-2767717.7714505065,-2218013.4414383983,300.74992152633513,12.6
465500,930.9999999918085,-2764184.6780782323,-2214344.12862849,300.8244488366403,12.6
466000,931.9999999917849,-2766262.6868713684,-2218184.64417304,299.86015996672046,12.6
466500,932.9999999917612,-2767786.52035824,-2218172.626127232,300.7004430110971,12.6
467000,933.9999999917376,-2765418.0516364295,-2215892.3362445715,300.6521992962365,12.6
467500,934.9999999917139,-2765876.36873821,-2219705.2839382705,298.8168401182449,12.6
468000,935.9999999916903,-2765580.8484655954,-2215778.6437845193,300.803469947558,12.6
468500,936.9999999916666,-2766048.630817717,-2217737.7648396217,299.9875404134377,12.6
469000,937.999999991643,-2765270.271489177,-2215878.0659975926,300.5791544067603,12.6
469500,938.9999999916193,-2764180.2891232893,-2216521.0100128376,299.6310493170204,12.6
470000,939.9999999915957,-2764521.480745081,-2213878.8413659823,301.26328198773734,12.6
470500,940.999999991572,-2767433.6875486337,-2218342.7093747025,300.4143492793499,12.6
471000,941.9999999915484,-2766583.8111706227,-2217421.876030201,300.4531706983175,12.6
471500,942.9999999915248,-2767494.545360595,-2220797.215557757,299.10475515672016,12.6
472000,943.9999999915011,-2769133.143847784,-2219133.547897451,300.9114651105899,12.6
472500,944.9999999914775,-2766402.8355662078,-2217186.756271419,300.4827936233846,12.6
473000,945.9999999914538,-2765660.056081021,-2218356.721227008,299.4363078872244,12.6
473500,946.9999999914302,-2768416.8354436643,-2219318.9652004796,300.4181200142231,12.6
474000,947.9999999914065,-2766843.0286506694,-2216037.630550017,301.3523292629041,12.6
474500,948.9999999913829,-2768247.491488127,-2220385.398735518,299.7420111261841,12.6
475000,949.9999999913592,-2763617.484250039,-2213168.1254596496,301.15753582800534,12.6
475500,950.9999999913356,-2765724.719216522,-2217116.6934543266,300.1501201437937,12.6
476000,951.9999999913119,-2764958.324333798,-2218216.7325396724,299.12897143023235,12.6
476500,952.9999999912883,-2766368.963741718,-2218760.644022213,299.60316881473676,12.6
477000,953.9999999912646,-2765188.460494304,-2215549.533759946,300.7141385979916,12.6
477500,954.999999991241,-2765393.230451215,-2216558.065003642,300.27439102692716,12.6
478000,955.9999999912174,-2766208.7689142656,-2218095.7061644336,299.8793198626253,12.6
478500,956.9999999911937,-2766604.196421163,-2218713.7111545186,299.75754501577154,12.6
479000,957.9999999911701,-2767654.465547491,-2219444.8324779477,299.93215465851324,12.6
479500,958.9999999911464,-2763183.0185861103,-2213306.1388649205,300.84432556980437,12.6
480000,959.9999999911228,-2767929.5855258517,-2221140.219165206,299.1551094763553,12.6
480500,960.9999999910991,-2766588.457359718,-2219491.7085339525,299.32328215977105,12.6
481000,961.9999999910755,-2767638.1496699546,-2219212.535219455,300.0503206976498,12.6
481500,962.9999999910518,-2767843.182154972,-2220697.8771172096,299.34984785363656,12.6
482000,963.9999999910282,-2765636.319579011,-2216481.6126070777,300.4492160794671,12.6
482500,964.9999999910045,-2766121.229203295,-2216846.8152847043,300.51470920522166,12.6
483000,965.9999999909809,-2764514.2683097627,-2216568.302631401,299.7878990234794,12.6
483500,966.9999999909572,-2765156.6128858477,-2217876.7096601864,299.4234881585023,12.6
484000,967.9999999909336,-2765025.3349584695,-2217307.8629135876,299.6628873788798,12.6
484500,968.9999999909099,-2764364.472150944,-2216353.782206673,299.82331045619003,12.6
485000,969.9999999908863,-2768707.5558313355,-2218986.927135355,300.7588387344196,12.6
485500,970.9999999908626,-2766150.9657173976,-2217464.265194469,300.19316406181434,12.6
486000,971.999999990839,-2766437.358533563,-2219036.128481625,299.4898675400891,12.6
486500,972.9999999908154,-2768806.45514993,-2219496.859793431,300.53395739759037,12.6
487000,973.9999999907917,-2762704.977496082,-2214521.8393577477,299.9176589595589,12.6
487500,974.9999999907681,-2764487.0910371523,-2217415.1489730915,299.30971007887445,12.6
488000,975.9999999907444,-2765102.0159079824,-2216491.0554805445,300.1517257348238,12.6
488500,976.9999999907208,-2766413.850456957,-2217474.972173266,300.33113358037036,12.6
489000,977.9999999906971,-2766901.3511032723,-2217926.1664622054,300.3509972298556,12.6
489500,978.9999999906735,-2767528.759898115,-2219003.028665963,300.1050958059791,12.6
490000,979.9999999906498,-2762649.4547778945,-2213834.3062313907,300.26343953701326,12.6
490500,980.9999999906262,-2766865.3897232097,-2218157.664692889,300.2046668253967,12.6
491000,981.9999999906025,-2764477.058916511,-2215037.6406780407,300.60498507453156,12.6
491500,982.9999999905789,-2767832.90826869,-2219851.0434007933,299.8075399064888,12.6
492000,983.9999999905552,-2764774.4669689406,-2216206.4842045098,300.1282121329271,12.6
492500,984.9999999905316,-2765680.5797553565,-2217533.6206402523,299.89786497613306,12.6
493000,985.999999990508,-2765889.689505838,-2217003.615904412,300.30224349677377,12.6
493500,986.9999999904843,-2768746.46696065,-2220849.338995116,299.76117931708706,12.6
494000,987.9999999904607,-2766158.0906093623,-2218497.29288229,299.6318801706347,12.6
494500,988.999999990437,-2765185.275247639,-2217728.0915329806,299.52048046917395,12.6
495000,989.9999999904134,-2766389.3781005777,-2218541.999325537,299.73396093018357,12.6
495500,990.9999999903897,-2763783.258835297,-2216485.469195347,299.43327403319915,12.6
496000,991.9999999903661,-2765849.6367756203,-2216727.7374233734,300.4312666319052,12.6
496500,992.9999999903424,-2764592.6954904776,-2213739.496462802,301.378481731179,12.6
497000,993.9999999903188,-2764765.9554267954,-2217847.6563282334,299.22565014466267,12.6
497500,994.9999999902951,-2766617.8788247425,-2217767.5205726316,300.2827031949838,12.6
498000,995.9999999902715,-2764872.136119565,-2216041.0695828917,300.2721484629449,12.6
498500,996.9999999902478,-2767771.963709548,-2218699.4378176667,300.40425381152187,12.6
499000,997.9999999902242,-2764730.8813019656,-2216413.1887979517,299.9912752887556,12.6
499500,998.9999999902005,-2765222.773627611,-2216528.5435349196,300.1972835809662,12.6
500000,999.9999999901769,-2765841.9662774596,-2216321.541933111,300.64930449982256,12.6
