#"Step","Time (ps)","Potential Energy (kJ/mole)","Total Energy (kJ/mole)","Temperature (K)","Speed (ns/day)"
500,1.0000000000000007,-2421157.2648795135,-1931244.8743057628,299.27393086509113,0
1000,2.0000000000000013,-2425343.058318628,-1935787.0533116194,299.0562247782179,15
1500,2.999999999999891,-2426658.857671084,-1935234.5594564378,300.1975134310797,14.7
2000,3.999999999999781,-2434367.5122237504,-1944482.6954700605,299.25708678097044,14.8
2500,4.999999999999671,-2436403.635945976,-1944926.8284326957,300.22958990946955,14.7
3000,5.999999999999561,-2434060.9613958243,-1943170.0328084088,299.87169267615155,14.8
3500,6.999999999999451,-2440154.9498540573,-1948453.7416103117,300.36667010990453,14.6
4000,7.999999999999341,-2439426.6940171197,-1947936.965769108,300.2374828289939,14.6
4500,8.999999999999675,-2439978.810722843,-1948435.4912089813,300.2702202512341,14.6
5000,10.000000000000009,-2439446.2691628635,-1947908.0245761052,300.267120118614,14.6
5500,11.000000000000343,-2440711.7093034014,-1949962.403462666,299.78517925678443,14.7
6000,12.000000000000677,-2442702.94375081,-1950273.2181708273,300.8117012034511,14.6
6500,13.00000000000101,-2443792.7699712086,-1951075.928537664,300.98709233819767,14.6
7000,14.000000000001345,-2446846.5038370937,-1956267.1110046324,299.68138409897733,14.6
7500,15.000000000001679,-2447215.875453744,-1957488.0978639442,299.1611558986711,14.5
8000,16.00000000000201,-2449343.1349369697,-1958818.924320251,299.64767480944545,14.5
8500,17.000000000001457,-2445594.486435782,-1953911.2468340253,300.35569356343666,14.5
9000,18.000000000000902,-2441732.9475021716,-1951564.2281892,299.430515003105,14.4
9500,19.000000000000348,-2443505.426963385,-1950649.4831410707,301.072066140618,14.4
10000,19.999999999999794,-2445315.6702166647,-1955590.0984192514,299.1598084411033,14.4
10500,20.99999999999924,-2447709.34957831,-1956062.481160216,300.3334754131826,14.4
11000,21.999999999998685,-2447586.382085696,-1958821.5237232312,298.57293517224144,14.4
11500,22.99999999999813,-2446686.462078763,-1955033.8415130733,300.3369892410734,14.4
12000,23.999999999997577,-2447055.384602217,-1954520.156437871,300.87614981456255,14.3
12500,24.999999999997023,-2447623.1355944946,-1956184.3588457939,300.2063579671295,14.3
13000,25.99999999999647,-2447800.295924468,-1957242.7145095584,299.6680601071902,14.3
13500,26.999999999995914,-2448675.0276084263,-1959130.1158811767,299.04944820039793,14.3
14000,27.99999999999536,-2449314.68024409,-1958049.3290737383,300.10041707740373,14.3
14500,28.999999999994806,-2449400.4080058504,-1959491.7506692396,299.271650333765,14.3
15000,29.99999999999425,-2448449.07819316,-1957598.7149816407,299.8469124098528,14.3
15500,30.999999999993697,-2450210.3294826765,-1957492.6947189728,300.9875769616523,14.2
16000,31.999999999993143,-2449894.8762557916,-1959773.6642832954,299.401494082625,14.2
16500,32.999999999994365,-2450713.5929878987,-1960236.2151050451,299.61906598748726,14.2
17000,33.99999999999559,-2451227.849811565,-1961524.2726892391,299.1463725023556,14.2
17500,34.99999999999681,-2451504.059907781,-1961839.2265437415,299.12270501187777,14.2
18000,35.99999999999803,-2452013.1310764663,-1963876.0404402723,298.1894492291909,14.2
18500,36.999999999999254,-2448897.28614047,-1956682.329287418,300.6805049276022,14.2
19000,38.000000000000476,-2450416.025864329,-1959937.540910535,299.61974226650887,14.2
19500,39.0000000000017,-2449955.6587768365,-1957479.445524998,300.84009923657027,14.2
20000,40.00000000000292,-2449704.422906669,-1957236.6382241817,300.83495045664574,14.2
20500,41.00000000000414,-2450781.683710737,-1959776.9092059159,299.9412379986838,14.2
21000,42.000000000005365,-2450943.3741786648,-1960209.9950176394,299.7754500886022,14.2
21500,43.00000000000659,-2452924.311226735,-1960030.3975979171,301.09526084535514,14.2
22000,44.00000000000781,-2453540.1307490002,-1962805.7223603246,299.7760788153104,14.2
22500,45.00000000000903,-2450828.636513602,-1959616.5081888712,300.0679047128927,14.2
23000,46.00000000001025,-2454065.2816933114,-1963795.8068546136,299.49206376737516,14.2
23500,47.000000000011475,-2453191.603257591,-1961641.151315739,300.2745772542461,14.2
24000,48.0000000000127,-2451116.8973472025,-1960438.6507891035,299.7417711061677,14.1
24500,49.00000000001392,-2452285.1205522865,-1962616.263559962,299.1251629351237,14.1
25000,50.00000000001514,-2453416.185184989,-1962935.7489886475,299.6209342266194,14.1
25500,51.000000000016364,-2451810.352402646,-1960151.3733226808,300.3408734815994,14.1
26000,52.000000000017586,-2453340.046991376,-1962957.634766981,299.56105409301216,14.1
26500,53.00000000001881,-2452774.294552056,-1964886.9421798312,298.0368910302486,14.1
27000,54.00000000002003,-2456323.9565731343,-1966127.6990821108,299.4473373145081,14.1
27500,55.00000000002125,-2455967.5285599586,-1965121.3196857986,299.84437464004833,14.1
28000,56.000000000022474,-2453463.4511340596,-1964459.3937386584,298.7190552464085,14.1
28500,57.0000000000237,-2455180.653220607,-1963228.0345892108,300.52024976296116,14.1
29000,58.00000000002492,-2453901.8567036446,-1962297.753652041,300.30735123347085,14.1
29500,59.00000000002614,-2458189.738731047,-1966657.1954510058,300.2636373480102,14.1
30000,60.00000000002736,-2454228.9585653655,-1962426.1722296244,300.42872135716055,14.1
30500,61.000000000028585,-2453430.446693413,-1963127.057519571,299.5127810968132,14.1
31000,62.00000000002981,-2452547.24828081,-1961573.0998736233,299.92252936260434,14.1
31500,63.00000000003103,-2454080.445026573,-1962791.7975289598,300.1146481594672,14.1
32000,64.00000000003224,-2452744.602138359,-1962264.4501527203,299.62076061016097,14.1
32500,65.00000000002991,-2451744.62400781,-1961194.2256629202,299.6636721683629,14.1
33000,66.00000000002758,-2455360.492318161,-1964563.4857451564,299.814318314963,14.1
33500,67.00000000002525,-2455110.331846934,-1965058.9525267384,299.3588352465577,14.1
34000,68.00000000002292,-2455375.8392803464,-1965174.536436934,299.45041938075315,14.1
34500,69.00000000002059,-2452993.890002122,-1963621.410450998,298.944114152618,14.1
35000,70.00000000001826,-2451019.101914538,-1960300.6409735351,299.7663369605542,14.1
35500,71.00000000001593,-2451056.675371999,-1959923.1804739144,300.0198697271634,14.1
36000,72.0000000000136,-2452796.6285718493,-1962294.4346023558,299.63422544852625,14.1
36500,73.00000000001127,-2453782.3198223356,-1960560.085100004,301.29582312165667,14.1
37000,74.00000000000894,-2452452.0045340974,-1961198.9481242048,300.0929065482511,14.1
37500,75.00000000000661,-2454017.1017376073,-1964557.835501838,298.9971297381804,14.1
38000,76.00000000000428,-2453312.1709063984,-1962908.1619091795,299.57424696427097,14.1
38500,77.00000000000195,-2454092.728737047,-1962058.7093309253,300.5699752451011,14.1
39000,77.99999999999962,-2455239.695577154,-1963454.3105459895,300.418091381428,14.1
39500,78.99999999999729,-2455718.5217557475,-1964460.1736108672,300.0961391228121,14.1
40000,79.99999999999496,-2455550.610757539,-1964258.0477236672,300.11704005228364,14.1
40500,80.99999999999262,-2455528.2735193744,-1965405.8286109876,299.40224724906363,14.1
41000,81.9999999999903,-2455061.630721014,-1964485.51268422,299.67938361686873,14.1
41500,82.99999999998796,-2459425.596975606,-1968929.0507479978,299.6307753991969,14.1
42000,83.99999999998563,-2454998.8090947326,-1963647.965632564,300.1526419541838,14.1
42500,84.9999999999833,-2454940.110975463,-1963733.2558363434,300.0646834696329,14.1
43000,85.99999999998097,-2455960.983169835,-1966769.9531015423,298.8332716815451,14.1
43500,86.99999999997864,-2454128.3277073894,-1960857.3591388746,301.32559328055453,14.1
44000,87.99999999997631,-2451561.0268164296,-1959442.7348809522,300.62145500272607,14.1
44500,88.99999999997398,-2453492.4819239005,-1961095.962424931,300.7914165268749,14.1
45000,89.99999999997165,-2452288.6702124253,-1959392.3747528195,301.09671583991394,14.1
45500,90.99999999996932,-2455851.795992315,-1964206.0624822588,300.3327821292483,14.1
46000,91.99999999996699,-2454520.3280681428,-1962819.5686885403,300.36639591121275,14.1
46500,92.99999999996466,-2454421.300748607,-1963278.3041675873,300.0256740424995,14.1
47000,93.99999999996233,-2455687.4945937656,-1963253.6107340793,300.81424138152465,14.1
47500,94.99999999996,-2456554.75482277,-1966238.2233615704,299.5208093567098,14.2
48000,95.99999999995767,-2454256.9488945343,-1961768.3928999747,300.84763907675983,14.2
48500,96.99999999995534,-2452524.0183157176,-1961649.6115894045,299.8615999281165,14.2
49000,97.999999999953,-2455617.175528789,-1964249.4589835112,300.16294925402974,14.2
49500,98.99999999995067,-2457110.5630445983,-1965505.7344151353,300.3077944689192,14.2
50000,99.99999999994834,-2456526.741791848,-1966795.8120077946,299.1630814869665,14.2
50500,100.99999999994601,-2455202.592337154,-1962772.1327606877,300.81214958160405,14.1
51000,101.99999999994368,-2455073.8967142943,-1964123.2657643417,299.9081631983555,14.1
51500,102.99999999994135,-2456899.8059763517,-1966588.102772181,299.5178599080164,14.1
52000,103.99999999993902,-2457370.0351631884,-1965104.317766233,300.7115131400889,14.1
52500,104.99999999993669,-2455122.225330882,-1963339.1767064966,300.41666413513997,14.1
53000,105.99999999993436,-2455402.526320191,-1965926.3080003755,299.007485297514,14.1
53500,106.99999999993203,-2457133.521112155,-1967841.4167657138,298.8950151628551,14.1
54000,107.9999999999297,-2456265.154744344,-1965238.6288835986,299.9545253004836,14.1
54500,108.99999999992737,-2457118.231047081,-1963808.976333348,301.3489812278641,14.1
55000,109.99999999992504,-2456462.374701984,-1967156.2180081462,298.9035993532618,14.1
55500,110.99999999992271,-2454453.54042409,-1962108.4506954718,300.7599995024584,14.1
56000,111.99999999992038,-2456689.5539968424,-1964604.8570570264,300.6009327489467,14.1
56500,112.99999999991805,-2454312.962380465,-1962908.4088539854,300.1854519471185,14.1
57000,113.99999999991572,-2458802.011331264,-1969246.3308513751,299.0560265335751,14.1
57500,114.99999999991338,-2457357.2413005214,-1965775.3290117043,300.2937955101705,14.1
58000,115.99999999991105,-2454741.0308126193,-1962855.396264851,300.47933103871895,14.1
58500,116.99999999990872,-2456002.8575728424,-1966223.973724237,299.19237529883077,14.1
59000,117.9999999999064,-2457336.7367171124,-1967106.3521317164,299.4681846126748,14.1
59500,118.99999999990406,-2453780.439958064,-1962361.7892904582,300.1940635007757,14.1
60000,119.99999999990173,-2454538.870065436,-1962044.2616521132,300.85133633200235,14.1
60500,120.9999999998994,-2458002.147788115,-1969366.315263384,298.49411685618185,14.1
61000,121.99999999989707,-2457209.553348832,-1966036.811643714,300.0438445162088,14.1
61500,122.99999999989474,-2458946.8915328085,-1967637.4192235647,300.12736946098204,14.1
62000,123.99999999989241,-2457469.0647407714,-1968588.4410266222,298.64365302409254,14.1
62500,124.99999999989008,-2455288.6324565634,-1964746.9358935566,299.6583564904586,14.1
63000,125.99999999988775,-2456444.1068388727,-1966332.4644253617,299.3956483036872,14.1
63500,126.99999999988542,-2456740.7022331282,-1965098.2248785286,300.3307930339291,14.1
64000,127.99999999988309,-2454574.149488084,-1964612.551819704,299.3039901183769,14.2
64500,128.99999999988785,-2456298.951917298,-1964431.0271147243,300.4685126451431,14.2
65000,129.99999999989262,-2456204.373324629,-1965747.7542663696,299.60638499562833,14.2
65500,130.9999999998974,-2458072.7288759705,-1967830.9264299665,299.4751594679591,14.2
66000,131.99999999990217,-2456458.741947053,-1967134.3003824097,298.9147690751683,14.2
66500,132.99999999990695,-2455632.9009095915,-1964860.5675296173,299.7992461436784,14.2
67000,133.99999999991172,-2456929.3047676235,-1964859.4373587603,300.59187379859867,14.2
67500,134.9999999999165,-2457917.175756721,-1966208.606251559,300.3711669009278,14.2
68000,135.99999999992127,-2457253.3507295307,-1965669.726235899,300.2948414487408,14.2
68500,136.99999999992605,-2457673.909976363,-1967085.4832982556,299.6869026254514,14.2
69000,137.99999999993082,-2457998.6630208194,-1967243.5138033512,299.788748814032,14.2
69500,138.9999999999356,-2458761.493320506,-1966556.5869671286,300.6743653552979,14.2
70000,139.99999999994037,-2456313.6980418693,-1966388.7823991117,299.28158208336635,14.2
70500,140.99999999994515,-2455846.5538604464,-1966624.433016135,298.85226417679905,14.2
71000,141.99999999994992,-2455300.994160451,-1963396.899910029,300.4906075605668,14.2
71500,142.9999999999547,-2456630.121648196,-1964159.5959596022,300.83662486147387,14.1
72000,143.99999999995947,-2458041.667327149,-1966973.647152585,299.97987302926936,14.2
72500,144.99999999996425,-2455876.8253487684,-1964701.5063692406,300.0454189018714,14.2
73000,145.99999999996902,-2455858.2214277517,-1964066.7952530975,300.421781748918,14.2
73500,146.9999999999738,-2455520.344441874,-1965588.5735252837,299.285769780568,14.2
74000,147.99999999997857,-2455841.37749115,-1965449.0253132964,299.56712613569044,14.2
74500,148.99999999998334,-2457117.393847909,-1967895.9049347183,298.85187814755335,14.2
75000,149.99999999998812,-2455339.25213792,-1962501.7402549465,301.0608065786101,14.2
75500,150.9999999999929,-2457595.4774794746,-1965960.1521846578,300.32642403839805,14.2
76000,151.99999999999767,-2457687.0402691327,-1967705.3562740893,299.31626029984784,14.2
76500,153.00000000000244,-2455831.0681973863,-1964617.7609848995,300.06862486282074,14.2
77000,154.00000000000722,-2455558.194540072,-1963973.6422555828,300.2954082105176,14.2
77500,155.000000000012,-2456903.9614903536,-1967398.4541650277,299.0253771409922,14.2
78000,156.00000000001677,-2456830.7235468943,-1964273.7684786676,300.88942217928536,14.2
78500,157.00000000002154,-2457635.2856640033,-1966520.8735839198,300.0082125613824,14.2
79000,158.00000000002632,-2454262.698041344,-1963203.9316868072,299.9742201265294,14.2
79500,159.0000000000311,-2457495.3983143773,-1966155.474775013,300.14597127533324,14.2
80000,160.00000000003587,-2456930.0989348684,-1964504.7264028601,300.80904204682713,14.2
80500,161.00000000004064,-2457814.6113630906,-1965824.2403997933,300.5433116184782,14.2
81000,162.00000000004542,-2457438.771686107,-1967992.3152162507,298.98930460643834,14.2
81500,163.0000000000502,-2457922.5636056047,-1964045.8410445142,301.6956316424809,14.2
82000,164.00000000005497,-2456996.98572959,-1965585.522223492,300.1896730625718,14.2
82500,165.00000000005974,-2458969.525947148,-1968873.5974869144,299.3860490841998,14.2
83000,166.00000000006452,-2459696.3517951816,-1970072.9808668217,299.09737675656555,14.2
83500,167.0000000000693,-2458680.3333396018,-1967959.5798738366,299.76773740053164,14.2
84000,168.00000000007407,-2456201.029842602,-1964169.193222754,300.56864184133156,14.2
84500,169.00000000007884,-2457565.4448169414,-1967806.6075972505,299.1801293676169,14.2
85000,170.00000000008362,-2456902.7568376213,-1965395.5458942323,300.24816252411557,14.2
85500,171.0000000000884,-2456446.4237081744,-1965786.962931227,299.7302953919834,14.2
86000,172.00000000009317,-2456556.396138262,-1964166.4354030048,300.78740995950585,14.2
86500,173.00000000009794,-2453550.540753929,-1962413.2899722522,300.02216409258085,14.2
87000,174.00000000010272,-2453614.5755928718,-1961686.8905143985,300.50501854501846,14.2
87500,175.0000000001075,-2455595.4620852508,-1964895.6931451797,299.75491853411256,14.2
88000,176.00000000011227,-2459543.1818975713,-1969100.8759653158,299.5976415027824,14.2
88500,177.00000000011704,-2454707.319458561,-1964897.3230732637,299.21138108707794,14.2
89000,178.00000000012182,-2458977.1543759946,-1966816.010267577,300.6476322100977,14.2
89500,179.0000000001266,-2457291.456261007,-1964923.9482951127,300.77369418363384,14.2
90000,180.00000000013137,-2455803.404112095,-1965838.4401253334,299.30604650918065,14.2
90500,181.00000000013614,-2454545.5506832916,-1963899.3438276658,299.7221989379855,14.2
91000,182.00000000014091,-2457124.9524925444,-1965799.4404504632,300.1371676901933,14.2
91500,183.0000000001457,-2457976.570757877,-1967311.7650886266,299.7335604388782,14.2
92000,184.00000000015046,-2457398.72569249,-1965676.162563506,300.37971521872686,14.2
92500,185.00000000015524,-2455372.8221232183,-1964112.6392636746,300.09725989926085,14.2
93000,186.00000000016001,-2459808.263044592,-1968196.9068738273,300.31178196338124,14.2
93500,187.0000000001648,-2457335.8510238733,-1965066.8585702884,300.71351378161233,14.2
94000,188.00000000016956,-2456652.7818853147,-1964492.9898522669,300.64680626464593,14.2
94500,189.00000000017434,-2455348.171932593,-1963920.8468984016,300.1993624314331,14.2
95000,190.0000000001791,-2454892.5321892034,-1964711.533776967,299.4380159652671,14.2
95500,191.0000000001839,-2455641.8639417235,-1964672.8021874344,299.91942206702043,14.2
96000,192.00000000018866,-2459787.5388081223,-1970171.2882364653,299.0930271275693,14.2
96500,193.00000000019344,-2457761.4073897135,-1965846.5842531896,300.4971615403789,14.2
97000,194.0000000001982,-2455769.1044659484,-1963962.192464007,300.4312416125468,14.2
97500,195.000000000203,-2457575.7112665847,-1967027.9883841188,299.6620378023582,14.2
98000,196.00000000020776,-2457460.042011641,-1966589.9599370677,299.858958117967,14.2
98500,197.00000000021254,-2457905.8556489535,-1966413.1268268218,300.2393157967429,14.2
99000,198.0000000002173,-2455975.574114546,-1964849.328897472,300.0154410975243,14.2
99500,199.0000000002221,-2456270.065216832,-1965270.5529279432,299.9380234564973,14.2
100000,200.00000000022686,-2455484.8128290866,-1964903.061421092,299.6828248875442,14.2
100500,201.00000000023164,-2457112.8961443156,-1965386.0455715368,300.3823342995719,14.2
101000,202.0000000002364,-2457015.2730302177,-1965760.4535622008,300.09398355170185,14.2
101500,203.0000000002412,-2454285.346972402,-1963768.4542898268,299.6432044858548,14.2
102000,204.00000000024596,-2458034.592593301,-1967696.1061856442,299.53422102633607,14.2
102500,205.00000000025074,-2460305.9946118165,-1971074.9012442287,298.8577452431332,14.2
103000,206.0000000002555,-2458394.4618903566,-1967035.9473824368,300.1573279838902,14.2
103500,207.0000000002603,-2457689.3334427606,-1967775.4335122036,299.27485288942273,14.2
104000,208.00000000026506,-2459363.921894703,-1969488.0607017165,299.25161607660294,14.2
104500,209.00000000026984,-2457889.242816493,-1967832.4235931705,299.3621583329373,14.2
105000,210.0000000002746,-2456618.1313907187,-1966731.8520694277,299.2579802230706,14.2
105500,211.00000000027939,-2460946.894958526,-1970234.323315843,299.7627393510791,14.2
106000,212.00000000028416,-2459295.8591241464,-1969033.6534097327,299.48762326037775,14.2
106500,213.00000000028894,-2458115.135216361,-1966295.8991240438,300.43877005853443,14.2
107000,214.0000000002937,-2455695.7625113297,-1965601.5283005321,299.3850141140737,14.2
107500,215.00000000029848,-2457114.501514824,-1966550.432806456,299.6720230153577,14.2
108000,216.00000000030326,-2454603.7951110248,-1963183.6180855539,300.1949959105841,14.2
108500,217.00000000030803,-2458370.7903722767,-1967672.5548524964,299.75398181006364,14.2
109000,218.0000000003128,-2457464.5059260353,-1967704.6542802723,299.1807490524503,14.2
109500,219.00000000031758,-2456317.327403361,-1964362.6136248603,300.52152963038606,14.2
110000,220.00000000032236,-2455094.772013638,-1962116.7860559872,301.1466183060175,14.2
110500,221.00000000032713,-2455718.8402099553,-1961728.0476764715,301.76531383400874,14.2
111000,222.0000000003319,-2456927.8108242042,-1966731.828846335,299.44716901114145,14.1
111500,223.00000000033668,-2457794.9277193584,-1967294.384395649,299.6332171146654,14.1
112000,224.00000000034146,-2458131.2932467423,-1966388.8538929243,300.3918570548007,14.1
112500,225.00000000034623,-2456908.3118205518,-1965040.060556413,300.4687120714848,14.1
113000,226.000000000351,-2461708.6839430854,-1970327.5423301077,300.1711502566172,14.1
113500,227.00000000035578,-2457547.542666955,-1966034.3197734999,300.2518350581504,14.1
114000,228.00000000036056,-2459291.3863662183,-1969918.082670712,298.94461759962945,14.1
114500,229.00000000036533,-2456587.410458483,-1964328.8758964902,300.7071253448518,14.1
115000,230.0000000003701,-2458277.501171738,-1965952.7685082424,300.7475639343502,14.1
115500,231.00000000037488,-2457367.348672984,-1966384.092184234,299.9280932377471,14.1
116000,232.00000000037966,-2458567.3594271727,-1966230.139442454,300.75519209354815,14.1
116500,233.00000000038443,-2458077.9368086457,-1966095.5108890794,300.53845821098315,14.1
117000,234.0000000003892,-2455211.630512107,-1964180.2364696623,299.95749913805435,14.1
117500,235.00000000039398,-2459658.6372915134,-1967760.4606983413,300.4869926274057,14.1
118000,236.00000000039876,-2459173.883988682,-1968954.1160529223,299.4616991950156,14.1
118500,237.00000000040353,-2458198.508930223,-1966922.8611780792,300.10670697446835,14.1
119000,238.0000000004083,-2461825.6087691505,-1972411.7896860517,298.9693673294558,14.1
119500,239.00000000041308,-2459826.5951593183,-1969786.016459917,299.35223744600603,14.1
120000,240.00000000041786,-2456655.3926688433,-1966065.114774458,299.6880334822801,14.1
120500,241.00000000042263,-2456284.8906149752,-1965848.0422890354,299.5943076020144,14.1
121000,242.0000000004274,-2456409.4695600215,-1964919.7406862564,300.2374832112493,14.1
121500,243.00000000043218,-2456692.4604538605,-1965376.6751394835,300.1312259012316,14.1
122000,244.00000000043696,-2460264.2016303875,-1968049.1767172702,300.6805465036139,14.1
122500,245.00000000044173,-2454640.9353517964,-1963124.4693555394,300.25381617996413,14.1
123000,246.0000000004465,-2457482.536505537,-1964592.3174458765,301.09300393523034,14.1
123500,247.00000000045128,-2459482.09036815,-1966072.3306598638,301.4103769495692,14.1
124000,248.00000000045605,-2455279.0632182285,-1963404.8949108466,300.4723266295661,14.1
124500,249.00000000046083,-2458520.7229715437,-1967223.9468824551,300.11961369120326,14.1
125000,250.0000000004656,-2456760.7099890485,-1966885.4441809584,299.2512523724351,14.1
125500,251.00000000047038,-2456755.693743106,-1966389.9521847486,299.55087044415717,14.1
126000,252.00000000047515,-2458838.035775559,-1968084.0433860668,299.78804213981346,14.1
126500,253.00000000047993,-2456717.9552414864,-1965523.7316333316,300.0569672166917,14.1
127000,254.0000000004847,-2459035.7715927195,-1969652.9087353759,298.95045702723706,14.1
127500,255.00000000048948,-2457566.7910716217,-1967340.259367871,299.4658309938291,14.1
128000,256.00000000049425,-2457701.5163753983,-1966273.97804409,300.19949272874305,14.1
128500,257.000000000499,-2458975.4559615273,-1967165.7715641994,300.4329351922179,14.1
129000,258.0000000005038,-2456020.3487421405,-1965889.112537812,299.4076176086309,14.1
129500,259.0000000005086,-2456251.338098081,-1966689.8058226462,299.05960123364264,14.1
130000,260.00000000051335,-2459274.948117433,-1967951.6130672512,300.1358378260468,14.1
130500,261.0000000005181,-2456477.881384138,-1965487.5533798402,299.93241303103224,14.1
131000,262.0000000005229,-2455572.985580627,-1963683.441193552,300.48171945142474,14.1
131500,263.0000000005277,-2457394.4200124536,-1966764.566503637,299.71220913067185,14.1
132000,264.00000000053245,-2459719.8965069,-1969344.1925276169,299.5569562115898,14.1
132500,265.0000000005372,-2457137.0384673215,-1965908.027325104,300.07821795920074,14.1
133000,266.000000000542,-2456791.6913138516,-1963381.8062691242,301.4104535141351,14.1
133500,267.0000000005468,-2457398.9896075483,-1967314.230327752,299.3792261407545,14.1
134000,268.00000000055155,-2455913.629379738,-1965721.5381459459,299.44479226318333,14.1
134500,269.0000000005563,-2457122.1048346777,-1965266.4750182563,300.46100197812046,14.1
135000,270.0000000005611,-2458830.886764964,-1967684.9057177235,300.0274971703782,14.1
135500,271.0000000005659,-2454582.9150849357,-1963063.5856553623,300.25556537218864,14.1
136000,272.00000000057065,-2457848.8728711493,-1968315.2662005424,299.04254225393646,14.1
136500,273.0000000005754,-2458730.7188269757,-1966740.1016168527,300.54346204385405,14.1
137000,274.0000000005802,-2458578.697129026,-1967518.7129804683,299.9749640432186,14.1
137500,275.000000000585,-2456017.7597653214,-1964626.3173810989,300.1774427129026,14.1
138000,276.00000000058975,-2456084.5502610803,-1964636.9510814203,300.21174734621803,14.1
138500,277.0000000005945,-2456988.7979332954,-1968007.319305875,298.7052625014652,14.1
139000,278.0000000005993,-2457419.2345539182,-1966177.1163610416,300.0862246939728,14.1
139500,279.0000000006041,-2454500.830844853,-1963412.6974668137,299.9921596290415,14.1
140000,280.00000000060885,-2456901.29737602,-1964417.4187435145,300.8447818056335,14.1
140500,281.0000000006136,-2455399.6283429954,-1965033.5906893723,299.5510513205665,14.1
141000,282.0000000006184,-2455433.3637771234,-1965293.7937926687,299.41270848443924,14.1
141500,283.0000000006232,-2457162.1295286454,-1965304.7600717,300.4620646764069,14.1
142000,284.00000000062795,-2458811.5369856823,-1968420.843020818,299.5661131792331,14.1
142500,285.0000000006327,-2459138.5927022137,-1969227.125654418,299.27336670862525,14.1
143000,286.0000000006375,-2459466.516555162,-1967862.6700035068,300.3071945447459,14.1
143500,287.0000000006423,-2457874.38398795,-1967399.4987444328,299.6175433030507,14.1
144000,288.00000000064705,-2458771.9115884136,-1969088.104214625,299.134295709707,14.1
144500,289.0000000006518,-2457852.911267439,-1968332.8024944314,299.0342967615777,14.1
145000,290.0000000006566,-2458702.749407416,-1968812.3989991923,299.26046713749196,14.1
145500,291.0000000006614,-2457732.046120703,-1966359.117888199,300.16613292962717,14.1
146000,292.00000000066615,-2460021.4007407166,-1967086.9679625514,301.1200128731336,14.1
146500,293.0000000006709,-2457789.4177936707,-1966840.6612193666,299.90701819410776,14.1
147000,294.0000000006757,-2459296.5678772293,-1967198.663315865,300.60900091969364,14.1
147500,295.0000000006805,-2459834.130284503,-1968601.3875411423,300.08049749114167,14.1
148000,296.00000000068525,-2457319.5477489363,-1967598.5468999567,299.1570161751149,14.1
148500,297.00000000069,-2458649.1540294476,-1968011.9593132907,299.7166936712148,14.1
149000,298.0000000006948,-2458522.2670787033,-1966869.6192095117,300.3370059200276,14.1
149500,299.0000000006996,-2459459.242753824,-1966337.1608258556,301.2346425493078,14.1
150000,300.00000000070435,-2458296.3681186642,-1966930.314691193,300.16193330135525,14.1
150500,301.0000000007091,-2460439.232597705,-1969896.2565127986,299.6591381150018,14.1
151000,302.0000000007139,-2461255.8493056726,-1971891.3835665148,298.9392187365099,14.1
151500,303.00000000071867,-2460094.3879607283,-1968747.9511042815,300.1499500806131,14.1
152000,304.00000000072345,-2457110.583737025,-1966600.4464234815,299.63907781773315,14.1
152500,305.0000000007282,-2459342.3807224985,-1969354.5911571067,299.31999002392405,14.1
153000,306.000000000733,-2459498.9190147985,-1968299.355968166,300.06022893199554,14.1
153500,307.00000000073777,-2459870.9187967796,-1968613.4761098216,300.09558600360776,14.1
154000,308.00000000074255,-2458911.1242173836,-1965666.2636962808,301.3096445964092,14.1
154500,309.0000000007473,-2457198.4060482737,-1965578.5062229391,300.317001045683,14.1
155000,310.0000000007521,-2457761.764515355,-1965157.5853531866,300.91827007229136,14.1
155500,311.00000000075687,-2457744.6112286,-1967518.4809035494,299.46558580268146,14.1
156000,312.00000000076164,-2456726.8011795264,-1966120.8807613624,299.6975890674622,14.1
156500,313.0000000007664,-2457515.458571097,-1966243.5781114998,300.10440563963607,14.1
157000,314.0000000007712,-2456928.9414110593,-1966482.5468503518,299.60013913283257,14.1
157500,315.00000000077597,-2459344.932311775,-1968379.435451971,299.9172443715669,14.1
158000,316.00000000078074,-2458544.324279681,-1966271.3626183646,300.7159384608468,14.1
158500,317.0000000007855,-2455723.4517699108,-1964608.4402234415,300.00857875881906,14.1
159000,318.0000000007903,-2460490.032001935,-1970457.658656871,299.34722502196047,14.1
159500,319.00000000079507,-2460175.323935965,-1970119.5390104523,299.361526509009,14.1
160000,320.00000000079984,-2455178.939419333,-1965012.2912200422,299.4292498170341,14.1
160500,321.0000000008046,-2457932.6140944324,-1967004.0114519515,299.8947067145144,14.1
161000,322.0000000008094,-2460574.5524201524,-1968972.368045569,300.3061791667403,14.1
161500,323.00000000081417,-2459162.3662610855,-1966967.7510376654,300.6680787886083,14.1
162000,324.00000000081894,-2458588.1349342763,-1967062.4541145207,300.25944526080326,14.1
162500,325.0000000008237,-2458768.4120584447,-1968235.6156587126,299.6529196268482,14.1
163000,326.0000000008285,-2457662.11879183,-1969073.8015827741,298.46509106387276,14.1
163500,327.00000000083327,-2455638.7629455924,-1963078.026971409,300.8917318301732,14.1
164000,328.00000000083804,-2456408.5814313646,-1965509.9856328904,299.8763763633506,14.1
164500,329.0000000008428,-2456922.846205026,-1965090.2665334754,300.4469212820713,14.1
165000,330.0000000008476,-2456361.9032215755,-1964553.8778078975,300.4319217649854,14.1
165500,331.00000000085237,-2458335.765589351,-1967292.890510945,299.96451258541447,14.1
166000,332.00000000085714,-2455987.686643338,-1965558.6635845224,299.58952736273585,14.1
166500,333.0000000008619,-2456633.908835573,-1964969.4625027645,300.3442132751644,14.1
167000,334.0000000008667,-2459922.8735883255,-1968547.0713399856,300.1678885864201,14.1
167500,335.00000000087147,-2457055.654541068,-1964817.4803398876,300.69468776349765,14.1
168000,336.00000000087624,-2458904.889445709,-1968292.404132097,299.701599380539,14.1
168500,337.000000000881,-2458558.705844078,-1967762.6326783595,299.81374812226557,14.1
169000,338.0000000008858,-2459446.394402098,-1969437.9126950102,299.3326302810446,14.1
169500,339.00000000089057,-2458080.3504640236,-1966926.8542358559,300.0320879865741,14.1
170000,340.00000000089534,-2458320.2279813197,-1966725.306215015,300.3017426401903,14.1
170500,341.0000000009001,-2459430.9451097045,-1970491.325470587,298.6796920031222,14.1
171000,342.0000000009049,-2457699.04223061,-1965929.6570763672,300.4083174990934,14.1
171500,343.00000000090967,-2457198.6975170076,-1965455.672227977,300.39221498641786,14.1
172000,344.00000000091444,-2456473.7043373547,-1966650.5544544905,299.2194161949814,14.1
172500,345.0000000009192,-2455413.8465186674,-1964051.7702967233,300.15950373648843,14.1
173000,346.000000000924,-2456197.061798703,-1965287.3202027867,299.88318502277065,14.1
173500,347.00000000092876,-2457564.2429484744,-1966034.9900649432,300.26162733577814,14.1
174000,348.00000000093354,-2460163.587636156,-1967677.3704598257,300.8462103573836,14.1
174500,349.0000000009383,-2459125.7762575485,-1968108.5388284575,299.9488512544578,14.1
175000,350.0000000009431,-2460195.8687819447,-1969081.1477669748,300.00840128116084,14.1
175500,351.00000000094786,-2459043.59719868,-1965789.6032679263,301.3152239437804,14.1
176000,352.00000000095264,-2456623.7727089487,-1965549.685696235,299.98357909291656,14.1
176500,353.0000000009574,-2457095.9731741305,-1964239.0162963276,301.0726849881998,14.1
177000,354.0000000009622,-2457848.203056222,-1967901.7099490305,299.29476315966366,14.1
177500,355.00000000096696,-2458185.6858710777,-1967137.7904695156,299.9675793619935,14.1
178000,356.00000000097174,-2455871.6924984846,-1964189.6660087383,300.3549525068581,14.1
178500,357.0000000009765,-2456561.975283863,-1967049.8626448165,299.0294121444741,14.1
179000,358.0000000009813,-2454917.7675082926,-1963148.2788238341,300.40838074283903,14.1
179500,359.00000000098606,-2458495.8433528207,-1968911.7015121914,299.07341279175216,14.1
180000,360.00000000099084,-2459738.593015235,-1968325.406214131,300.1907257758331,14.1
180500,361.0000000009956,-2458634.6031479556,-1966441.1306625418,300.6673807215627,14.1
181000,362.0000000010004,-2455228.9988647904,-1964717.1880501215,299.6401001132899,14.1
181500,363.00000000100516,-2456641.983012613,-1964921.069688295,300.3787073986818,14.1
182000,364.00000000100994,-2457599.526041491,-1966960.8786673876,299.7175810597809,14.1
182500,365.0000000010147,-2455306.4672273137,-1963611.469123917,300.36287650690684,14.1
183000,366.0000000010195,-2457362.2242213674,-1965665.0263510516,300.36422028368315,14.1
183500,367.00000000102426,-2456671.8698525876,-1964127.6348787737,300.88165182538296,14.1
184000,368.00000000102904,-2457715.755094424,-1967141.5572616993,299.6782106173059,14.1
184500,369.0000000010338,-2458134.986480167,-1967312.3854270359,299.8299532750567,14.1
185000,370.0000000010386,-2456408.7977654207,-1964070.4572343389,300.75587660433274,14.1
185500,371.00000000104336,-2460289.4059146903,-1968697.2636305687,300.3000447313914,14.1
186000,372.00000000104814,-2460303.1327475905,-1970240.2886442095,299.365838765547,14.1
186500,373.0000000010529,-2457543.1342485677,-1966727.4190394704,299.82574690336446,14.1
187000,374.0000000010577,-2456945.0909431614,-1965728.1331519356,300.07085490041555,14.1
187500,375.00000000106246,-2459247.664182063,-1966749.2263587709,300.85367561265053,14.1
188000,376.00000000106724,-2460646.5112470705,-1969518.6084807664,300.01645364850935,14.1
188500,377.000000001072,-2461835.7245187685,-1970061.940967795,300.4110043580185,14.1
189000,378.0000000010768,-2460983.584513737,-1968760.765681178,300.6853075934598,14.1
189500,379.00000000108156,-2459524.2964767013,-1969992.599967578,299.04137538911175,14.1
190000,380.00000000108633,-2456977.7822525725,-1965927.1946872468,299.96922393038494,14.1
190500,381.0000000010911,-2457851.082753852,-1969052.740691774,298.5933894383427,14.1
191000,382.0000000010959,-2458690.2076496948,-1969979.5623153953,298.5398179325976,14.1
191500,383.00000000110066,-2458264.08697382,-1965469.295936299,301.03470959556904,14.1
192000,384.00000000110543,-2457795.186229015,-1966236.560162428,300.27957060099095,14.1
192500,385.0000000011102,-2458635.046738947,-1966698.7231957046,300.51029554424895,14.1
193000,386.000000001115,-2458000.5591657404,-1965674.8836833488,300.7481398763401,14.1
193500,387.00000000111976,-2458685.776192777,-1965435.1780581323,301.313149545848,14.1
194000,388.00000000112453,-2458715.6486306116,-1968276.9205117929,299.59545591549835,14.1
194500,389.0000000011293,-2457063.3097273875,-1966301.4964000229,299.7928197344716,14.1
195000,390.0000000011341,-2456366.54444506,-1964097.3198389625,300.7136555971621,14.1
195500,391.00000000113886,-2456620.264128212,-1966103.2809604881,299.64325976072956,14.1
196000,392.00000000114363,-2458314.681075234,-1967869.0482254406,299.5996738247004,14.1
196500,393.0000000011484,-2457724.3719590753,-1967207.6551467737,299.6430970515683,14.1
197000,394.0000000011532,-2459449.5560647715,-1968703.0952902997,299.78344128448435,14.1
197500,395.00000000115796,-2456586.962243283,-1965424.2299669222,300.0377300329922,14.1
198000,396.00000000116273,-2456381.867969582,-1965820.3643302713,299.67045608560755,14.1
198500,397.0000000011675,-2459337.5232071914,-1967715.0038614538,300.31860123825436,14.1
199000,398.0000000011723,-2456473.7264907714,-1966604.1139969737,299.24779891907633,14.1
199500,399.00000000117706,-2455104.632149188,-1963587.6585595803,300.25412625470426,14.1
200000,400.00000000118183,-2456019.378868196,-1964317.2595196539,300.3672266786281,14.1
200500,401.0000000011866,-2457972.719003476,-1967788.160107037,299.4401909666013,14.1
201000,402.0000000011914,-2456874.1926711705,-1964130.0110139556,301.0037937247434,14.1
201500,403.00000000119616,-2459129.574936608,-1968297.8087005261,299.8355520318577,14.1
202000,404.00000000120093,-2457735.1608175244,-1968813.6384712246,298.6686368674208,14.1
202500,405.0000000012057,-2457953.793699246,-1967136.36874428,299.82679133983254,14.1
203000,406.0000000012105,-2460199.0883605275,-1969153.338313417,299.9662688242889,14.1
203500,407.00000000121526,-2459025.15461044,-1967729.5481195238,300.1188992160253,14.1
204000,408.00000000122003,-2456698.2202524934,-1966679.7004735142,299.33876226156,14.1
204500,409.0000000012248,-2459366.4912467245,-1966708.9229413304,300.9508840234099,14.1
205000,410.0000000012296,-2459296.325676525,-1969055.315080829,299.47467574850447,14.1
205500,411.00000000123435,-2455589.4136831425,-1964333.1130595002,300.0948883487119,14.1
206000,412.00000000123913,-2459748.308203796,-1967776.473769443,300.53198816557403,14.1
206500,413.0000000012439,-2457851.0386074483,-1966755.559450429,299.9966469622728,14.1
207000,414.0000000012487,-2458004.9506751522,-1968488.3734413069,299.0321394419683,14.1
207500,415.00000000125345,-2460637.185618615,-1971526.5004356478,298.78419121303904,14.1
208000,416.00000000125823,-2458195.7522629034,-1967407.7781561636,299.808800631115,14.1
208500,417.000000001263,-2459005.4872260336,-1966439.2783608816,300.8950750679131,14.1
209000,418.0000000012678,-2459160.293016961,-1969078.4918986005,299.37741908174127,14.1
209500,419.00000000127255,-2460097.376517374,-1970649.9869900232,298.98987458545815,14.1
210000,420.00000000127733,-2457280.964666331,-1964474.4631384385,301.04186321028334,14.1
210500,421.0000000012821,-2456795.392339954,-1965354.6059063117,300.2075856280826,14.1
211000,422.0000000012869,-2459592.368216647,-1968340.4450962557,300.09221425303576,14.1
211500,423.00000000129165,-2463203.9755849056,-1972451.6429012192,299.7870282714358,14.1
212000,424.0000000012964,-2455716.26007778,-1963187.7808125166,300.8720270987541,14.1
212500,425.0000000013012,-2457588.1380595807,-1964701.7232873696,301.0906800012351,14.1
213000,426.000000001306,-2457410.9253038485,-1965996.1819020854,300.19167666012794,14.1
213500,427.00000000131075,-2457956.1538470387,-1965319.1838120918,300.9383011096393,14.1
214000,428.0000000013155,-2461111.5120173004,-1971870.4626728648,298.8638270740568,14.1
214500,429.0000000013203,-2460599.313080428,-1969867.4926963923,299.77449787484727,14.1
215000,430.0000000013251,-2460692.8021703213,-1967381.8577863476,301.35001340068646,14.1
215500,431.00000000132985,-2460925.723936498,-1969727.509622502,300.05940502852724,14.1
216000,432.0000000013346,-2457490.456656307,-1965461.5249482547,300.5668673110508,14.1
216500,433.0000000013394,-2456111.7568222918,-1964492.186221265,300.3167999316581,14.1
217000,434.0000000013442,-2459384.8318075296,-1967328.9124837222,300.58335329917253,14.1
217500,435.00000000134895,-2457834.1513167173,-1966478.3880963437,300.1556472984151,14.1
218000,436.0000000013537,-2455285.4625807647,-1965242.8703976804,299.35346742750494,14.1
218500,437.0000000013585,-2456427.9349521566,-1965396.152655489,299.9577363118218,14.1
219000,438.0000000013633,-2459061.350966545,-1967605.4961852985,300.2167904649183,14.1
219500,439.00000000136805,-2460240.008115599,-1968259.7808780181,300.5371150969629,14.1
220000,440.0000000013728,-2456992.229933528,-1965627.4775945721,300.1611385023629,14.1
220500,441.0000000013776,-2457371.266164081,-1964726.440314991,300.9431000092469,14.1
221000,442.0000000013824,-2455266.355876809,-1963682.7859694697,300.2948081034843,14.1
221500,443.00000000138715,-2459306.124717891,-1967440.2440077565,300.46726396560143,14.1
222000,444.0000000013919,-2458545.8326988276,-1966964.5852099943,300.2933894022455,14.1
222500,445.0000000013967,-2460278.1162845194,-1971544.5634972285,298.5538114621241,14.1
223000,446.0000000014015,-2461035.8858982306,-1970333.3908924158,299.7565838122861,14.1
223500,447.00000000140625,-2460580.187981343,-1967863.7830419987,300.9868256959619,14.1
224000,448.000000001411,-2456230.033800792,-1965016.2185454685,300.0689352121397,14.1
224500,449.0000000014158,-2459654.9143566936,-1968470.5698385106,300.0509323538344,14.1
225000,450.0000000014206,-2458157.542706238,-1967561.0586435841,299.6918246588437,14.1
225500,451.00000000142535,-2458337.8792712893,-1967600.953838908,299.7776164077014,14.1
226000,452.0000000014301,-2456461.504578909,-1964176.8039953324,300.7231094438154,14.1
226500,453.0000000014349,-2458613.565855544,-1966210.6188560121,300.79534290921583,14.1
227000,454.0000000014397,-2459557.1846579425,-1967670.193066983,300.4801600188755,14.1
227500,455.00000000144445,-2459902.0654397067,-1968053.6109415623,300.45661877461873,14.1
228000,456.0000000014492,-2455589.877250038,-1964225.9277896974,300.1606480460205,14.1
228500,457.000000001454,-2457307.3046343178,-1965001.152489294,300.73621360946026,14.1
229000,458.0000000014588,-2460438.366749931,-1969713.8557988093,299.7700327444226,14.1
229500,459.00000000146355,-2456292.1419167165,-1965082.4780317184,300.06639925481414,14.1
230000,460.0000000014683,-2459430.2341770474,-1967771.1902299118,300.3409131071598,14.1
230500,461.0000000014731,-2459693.9701432753,-1967677.3685564157,300.559335181004,14.1
231000,462.0000000014779,-2458890.7157334164,-1967245.9550359896,300.33218786491636,14.1
231500,463.00000000148265,-2459772.938145565,-1967610.253061999,300.6485735491999,14.1
232000,464.0000000014874,-2458962.7346964404,-1968385.687267094,299.6799513570766,14.1
232500,465.0000000014922,-2459609.562740732,-1968887.0318137957,299.7688232024053,14.1
233000,466.00000000149697,-2460255.8783660755,-1970126.2980317413,299.4066060834446,14.1
233500,467.00000000150175,-2460403.564543709,-1969359.1945846388,299.96542576667156,14.1
234000,468.0000000015065,-2456608.7564126253,-1965529.0989559228,299.98698192309865,14.1
234500,469.0000000015113,-2458180.3726613503,-1967726.9686890305,299.6044209885412,14.1
235000,470.00000000151607,-2455637.451860031,-1964330.5593772817,300.1257935163218,14.1
235500,471.00000000152085,-2461374.1755885947,-1972549.0571097103,298.60974641086756,14.1
236000,472.0000000015256,-2458496.8523253147,-1964241.8433690167,301.92671633979586,14.1
236500,473.0000000015304,-2459660.5512889083,-1971365.9464071258,298.28567032576154,14.1
237000,474.00000000153517,-2457439.7720982824,-1964330.4840613543,301.22682711508634,14.1
237500,475.00000000153995,-2455103.4037163127,-1965127.7752067477,299.3125611712337,14.1
238000,476.0000000015447,-2457389.685827816,-1966331.8611027987,299.97364491109664,14.1
238500,477.0000000015495,-2458940.787596183,-1968143.9361454619,299.81422355505,14.1
239000,478.00000000155427,-2456901.275578065,-1967063.584863012,299.22829878723854,14.1
239500,479.00000000155904,-2462352.46602243,-1971188.7302678777,300.03834303006823,14.1
240000,480.0000000015638,-2461240.7334278785,-1969354.856608236,300.47947903590693,14.1
240500,481.0000000015686,-2458815.3010318056,-1968250.3030744728,299.6725906678518,14.1
241000,482.00000000157337,-2458398.738813065,-1968093.2024864245,299.5140927330782,14.1
241500,483.00000000157814,-2457679.0371612813,-1967369.2678219657,299.5166785634574,14.1
242000,484.0000000015829,-2458772.6525960844,-1968142.9495225085,299.7121172339435,14.1
242500,485.0000000015877,-2458438.4993284885,-1966513.5549642039,300.5033443185152,14.1
243000,486.00000000159247,-2459239.603303006,-1967139.8362606198,300.61013865784287,14.1
243500,487.00000000159724,-2457741.8747247085,-1965481.908486857,300.70799991604093,14.1
244000,488.000000001602,-2459938.758270994,-1967764.1461512598,300.65585944575275,14.1
244500,489.0000000016068,-2457543.9450844303,-1965339.7202168205,300.6739490544888,14.1
245000,490.00000000161157,-2457623.0872312933,-1965965.486009866,300.3400317859232,14.1
245500,491.00000000161634,-2461161.0761598703,-1969310.626470957,300.4578375814824,14.1
246000,492.0000000016211,-2456069.1700149775,-1965541.3173158225,299.6498996568838,14.1
246500,493.0000000016259,-2456302.3364186585,-1963128.4377340947,301.2662959729184,14.1
247000,494.00000000163067,-2458143.8955495264,-1966634.9977857096,300.24919295606594,14.1
247500,495.00000000163544,-2458531.942499798,-1967398.663787859,300.01973766502556,14.1
248000,496.0000000016402,-2455510.861346001,-1963315.2899011695,300.66866291782407,14.1
248500,497.000000001645,-2456928.8405816797,-1965187.2157905574,300.3913594609765,14.1
249000,498.00000000164977,-2456970.8408101834,-1965448.7443329087,300.25725568510677,14.1
249500,499.00000000165454,-2457388.9799200334,-1968267.1504267682,298.79099896400396,14.1
250000,500.0000000016593,-2458969.8913594764,-1968665.766309948,299.51323062291937,14.1
250500,501.0000000016641,-2459502.6849832777,-1969738.5631178608,299.18335761154384,14.1
251000,502.00000000166887,-2460193.806499565,-1971095.075616691,298.7768886617086,14.1
251500,503.00000000167364,-2455289.788491724,-1963907.933037063,300.17158632276005,14.1
252000,504.0000000016784,-2456548.839328561,-1964820.6888098945,300.3831284005646,14.1
252500,505.0000000016832,-2458570.45960154,-1968159.7545450875,299.5783374016773,14.1
253000,506.00000000168797,-2456982.960322337,-1966861.0836654347,299.40190011994684,14.1
253500,507.00000000169274,-2458729.034564838,-1968097.8859889782,299.7130002513132,14.1
254000,508.0000000016975,-2458742.3607827052,-1966187.3768373504,300.8882180748344,14.1
254500,509.0000000017023,-2460207.917190749,-1968367.9300295343,300.4514463126529,14.1
255000,510.00000000170706,-2458534.364092594,-1966330.343652151,300.6738241755861,14.1
255500,511.00000000171184,-2460014.7379222736,-1968310.7949632856,300.36834067181746,14.1
256000,512.0000000017166,-2461417.6078589913,-1970215.9103706013,300.06153280343705,14.1
256500,513.0000000016929,-2460159.731827138,-1968028.061176504,300.6296276898266,14.1
257000,514.0000000016693,-2459714.852084823,-1967285.648345634,300.81138242534155,14.1
257500,515.0000000016456,-2457917.6081929263,-1969073.7529517408,298.62119218079175,14.1
258000,516.000000001622,-2458636.6749129277,-1965724.203741288,301.1065971350558,14.1
258500,517.0000000015983,-2461090.404486768,-1970789.6437706223,299.5111754446965,14.1
259000,518.0000000015747,-2461251.300043013,-1967374.7560118116,301.6955225835089,14.1
259500,519.000000001551,-2460178.473308647,-1970184.6070412262,299.32370211314236,14.1
260000,520.0000000015274,-2456791.8128055036,-1968116.0161103746,298.51852986266806,14.1
260500,521.0000000015037,-2460111.2848515473,-1968203.9658986777,300.49257744211275,14.1
261000,522.0000000014801,-2459266.201543778,-1967838.0431181318,300.1998715272256,14.1
261500,523.0000000014564,-2461555.161836149,-1969578.7869125162,300.534761824908,14.1
262000,524.0000000014328,-2458399.426806405,-1966807.7701704642,300.2997480623485,14.1
262500,525.0000000014091,-2457573.4386079945,-1966872.8388157552,299.75542607872495,14.1
263000,526.0000000013855,-2457521.461925827,-1966108.689974676,300.19047235546964,14.1
263500,527.0000000013619,-2459196.870417755,-1967745.1662445606,300.2142549732446,14.1
264000,528.0000000013382,-2459461.917114755,-1970307.8953713556,298.8106643193339,14.1
264500,529.0000000013146,-2457701.8151333593,-1966723.3024208555,299.92519539602745,14.1
265000,530.0000000012909,-2459761.3318003993,-1968519.091508393,300.08629928095445,14.1
265500,531.0000000012673,-2457469.99869629,-1969232.4822408133,298.25079658491273,14.1
266000,532.0000000012436,-2457740.9066866376,-1966053.4406978723,300.35827534637934,14.1
266500,533.00000000122,-2458997.01050104,-1968775.912340786,299.4625117923718,14.1
267000,534.0000000011963,-2456843.151685288,-1967760.5721301802,298.7670222622416,14.1
267500,535.0000000011727,-2458303.2722931188,-1967756.6015933752,299.6613950530313,14.1
268000,536.000000001149,-2459881.3759063073,-1968015.4157814214,300.4673124778767,14.1
268500,537.0000000011254,-2459030.3363562413,-1967960.7892781752,299.98080577239233,14.1
269000,538.0000000011017,-2458308.1213711984,-1966206.4669432784,300.61129160946996,14.1
269500,539.0000000010781,-2463141.893277105,-1971952.7728310437,300.05384983609673,14.1
270000,540.0000000010544,-2460712.2661552858,-1966777.48284407,301.73109934906125,14.1
270500,541.0000000010308,-2460000.532482559,-1966453.0676938682,301.49449717495185,14.1
271000,542.0000000010072,-2458107.770590877,-1967536.3130099415,299.6765366732698,14.1
271500,543.0000000009835,-2459108.3378757965,-1966861.0566565758,300.7002509889639,14.1
272000,544.0000000009599,-2459461.0559435785,-1969987.956459953,299.005580086737,14.1
272500,545.0000000009362,-2456870.214733362,-1965179.6045335496,300.36019605795497,14.1
273000,546.0000000009126,-2460851.8744323887,-1969922.4675805594,299.89519798376494,14.1
273500,547.0000000008889,-2458407.3657856137,-1966882.5506509026,300.25891643775003,14.1
274000,548.0000000008653,-2459584.0777942,-1968556.4168844575,299.9552186705261,14.1
274500,549.0000000008416,-2458686.651919516,-1968027.6685117013,299.7300037803817,14.1
275000,550.000000000818,-2457132.114526678,-1966182.0495298812,299.9078174732241,14.1
275500,551.0000000007943,-2455269.604874909,-1964476.1372425223,299.812156474009,14.1
276000,552.0000000007707,-2457703.017624898,-1966212.4241350961,300.23801138127516,14.1
276500,553.000000000747,-2458664.484248381,-1966792.182167647,300.4711866033175,14.1
277000,554.0000000007234,-2459633.579995243,-1968638.5253940257,299.93530037837627,14.1
277500,555.0000000006997,-2457007.1638612915,-1965074.1154719945,300.5082948432783,14.1
278000,556.0000000006761,-2460306.091197716,-1971515.5348374252,298.5886333684347,14.1
278500,557.0000000006524,-2461332.690987395,-1970489.8708722484,299.8423045408833,14.1
279000,558.0000000006288,-2462251.403461596,-1971527.856541396,299.7694438445929,14.1
279500,559.0000000006052,-2458015.13051397,-1968701.4380153962,298.908202767972,14.1
280000,560.0000000005815,-2458059.6884796917,-1965873.4759076373,300.6629458412645,14.1
280500,561.0000000005579,-2456785.6989324875,-1964776.3872831573,300.5548819597706,14.1
281000,562.0000000005342,-2457186.4096793514,-1964778.6563569577,300.79827895893305,14.1
281500,563.0000000005106,-2457998.5726357643,-1967133.4117391715,299.85595190643403,14.1
282000,564.0000000004869,-2455980.997525515,-1964884.211145461,299.99744550867325,14.1
282500,565.0000000004633,-2459128.159484992,-1967148.7079136611,300.53664126390174,14.1
283000,566.0000000004396,-2461332.5829280093,-1971559.2007030742,299.18901450907816,14.1
283500,567.000000000416,-2457702.6765773557,-1970245.364275138,297.77419144424755,14.1
284000,568.0000000003923,-2457611.852577584,-1966468.5377029788,300.0258684792482,14.1
284500,569.0000000003687,-2458841.7088650297,-1967536.1879780719,300.1249556463842,14.1
285000,570.000000000345,-2457206.1243726555,-1967531.1641768473,299.1288912133475,14.1
285500,571.0000000003214,-2458877.8328220528,-1967436.663664155,300.20781942374595,14.1
286000,572.0000000002977,-2458107.8403855152,-1967887.3965471133,299.46211208524767,14.1
286500,573.0000000002741,-2459666.215505516,-1970289.0606670817,298.9469701563407,14.1
287000,574.0000000002505,-2457973.8605297785,-1966429.7982369992,300.2706739943334,14.1
287500,575.0000000002268,-2454715.5639010463,-1963452.8422082157,300.09881080230434,14.1
288000,576.0000000002032,-2458554.4873617496,-1967002.5685344378,300.27547333400673,14.1
288500,577.0000000001795,-2457123.1873500682,-1966068.9980661143,299.97142412068933,14.1
289000,578.0000000001559,-2456636.606540451,-1963763.7132104032,301.0824201261532,14.1
289500,579.0000000001322,-2458608.386676263,-1967335.353908081,300.10510955308365,14.1
290000,580.0000000001086,-2459216.3530930467,-1968423.8918115937,299.81154172205436,14.1
290500,581.0000000000849,-2460628.2870343328,-1969130.4982060601,300.2424068145598,14.1
291000,582.0000000000613,-2459414.7505919244,-1968545.906622817,299.85820179357773,14.1
291500,583.0000000000376,-2458088.86699412,-1968561.9343210552,299.03846529340774,14.1
292000,584.000000000014,-2458502.6720989067,-1967425.1030249095,299.98570618785817,14.1
292500,584.9999999999903,-2458616.4373934437,-1967090.2655270968,300.25974522758594,14.1
293000,585.9999999999667,-2456247.2487793677,-1963434.1794966988,301.04587527004463,14.1
293500,586.999999999943,-2459234.455858551,-1969558.3937054663,299.129564368573,14.1
294000,587.9999999999194,-2459334.2388695143,-1969016.3531045276,299.52163666344,14.1
294500,588.9999999998957,-2457768.529854292,-1967061.6585056274,299.7592571991051,14.1
295000,589.9999999998721,-2462321.905836832,-1972275.8067148286,299.35560971950616,14.1
295500,590.9999999998485,-2458151.911438847,-1968604.1619709572,299.05118169767724,14.1
296000,591.9999999998248,-2459030.6654206477,-1967949.9516190216,299.98762721499924,14.1
296500,592.9999999998012,-2458882.6631922666,-1968257.7977749063,299.70916204354694,14.1
297000,593.9999999997775,-2458898.5016671866,-1966438.9703349653,300.82990871321505,14.1
297500,594.9999999997539,-2458670.4135290645,-1966985.895854919,300.3564743025138,14.1
298000,595.9999999997302,-2459831.845935479,-1966392.1607235004,301.4286576121845,14.1
298500,596.9999999997066,-2457549.7290324327,-1965515.5200187403,300.57009107112236,14.1
299000,597.9999999996829,-2460136.289155217,-1967792.158049521,300.7594139062259,14.1
299500,598.9999999996593,-2460805.367920827,-1970469.3610149794,299.53270636725136,14.1
300000,599.9999999996356,-2455776.6693209615,-1966168.1866273647,299.0882819456832,14.1
300500,600.999999999612,-2456290.260077603,-1965971.578389535,299.5221228708392,14.1
301000,601.9999999995883,-2457024.2678848393,-1964843.108062366,300.6598592562792,14.1
301500,602.9999999995647,-2458387.0595439095,-1967076.8731511547,300.12780567485095,14.1
302000,603.999999999541,-2461869.2516461033,-1971513.0520267528,299.54504153750054,14.1
302500,604.9999999995174,-2459439.501649251,-1967063.658957915,300.7787856369093,14.1
303000,605.9999999994938,-2458983.1196323317,-1965995.3231255598,301.15261129916456,14.1
303500,606.9999999994701,-2458820.28271096,-1971566.6245250101,297.6497847766781,14.1
304000,607.9999999994465,-2459831.3544263206,-1967668.1275715947,300.64890450221895,14.1
304500,608.9999999994228,-2460224.2380947135,-1970567.1037772198,299.1180018772603,14.1
305000,609.9999999993992,-2460398.0604217853,-1968632.8784269239,300.4057499052659,14.1
305500,610.9999999993755,-2460401.4951532017,-1969628.9651385252,299.7993662623801,14.1
306000,611.9999999993519,-2457447.0379976183,-1966240.8990719563,300.0642459546386,14.1
306500,612.9999999993282,-2457432.8223609813,-1967455.8450632107,299.31338510864776,14.1
307000,613.9999999993046,-2459806.0449730437,-1967629.5830885794,300.6569894158712,14.1
307500,614.9999999992809,-2459417.754131848,-1969604.7984058182,299.213188866491,14.1
308000,615.9999999992573,-2459993.892906489,-1969410.3138199907,299.68394136579747,14.1
308500,616.9999999992336,-2460331.892906489,-1968273.1198481233,300.5850965666941,14.1
309000,617.99999999921,-2456152.0929427687,-1966336.593585237,299.21474270063135,14.1
309500,618.9999999991863,-2458868.502759153,-1967463.8965171499,300.18548414957394,14.1
310000,619.9999999991627,-2459820.476669276,-1969221.3414429459,299.6934441814155,14.1
310500,620.999999999139,-2462388.6116950233,-1971441.963037884,299.90573052580623,14.1
311000,621.9999999991154,-2458243.0738514885,-1964596.9707052987,301.55475261970247,14.1
311500,622.9999999990918,-2460228.886535585,-1968321.3378599477,300.4927177733985,14.1
312000,623.9999999990681,-2459359.5535641946,-1966359.4696588921,301.1601173311186,14.1
312500,624.9999999990445,-2457858.665682055,-1965794.1380238081,300.5886118926181,14.1
313000,625.9999999990208,-2458534.4235386457,-1968817.2047635587,299.1547058107672,14.1
313500,626.9999999989972,-2459085.9439364187,-1969540.246596096,299.04992810969816,14.1
314000,627.9999999989735,-2459283.109186543,-1968025.0190417008,300.0959815177238,14.1
314500,628.9999999989499,-2458234.071247561,-1967087.7421651445,300.0277097754422,14.1
315000,629.9999999989262,-2458027.6101850066,-1965435.9620974332,300.9106151853682,14.1
315500,630.9999999989026,-2459129.113836881,-1967527.5175441734,300.30581992378563,14.1
316000,631.9999999988789,-2459653.8626403064,-1968437.3018637996,300.07061237510317,14.1
316500,632.9999999988553,-2457288.9438561834,-1967463.6955331033,299.220698074077,14.1
317000,633.9999999988316,-2461019.8951119613,-1970033.6997722988,299.92988850049545,14.1
317500,634.999999998808,-2460051.578748582,-1967711.0025305946,300.7572423236354,14.1
318000,635.9999999987843,-2459333.48763841,-1967837.7286824335,300.24116682171046,14.1
318500,636.9999999987607,-2457602.595282905,-1967151.2859229518,299.6031414477729,14.1
319000,637.999999998737,-2458720.9843027983,-1966487.0670399896,300.69208731757215,14.1
319500,638.9999999987134,-2459782.8381301947,-1968626.9658455104,300.03353945379024,14.1
320000,639.9999999986898,-2457083.825862853,-1966547.1418540967,299.6552944596891,14.1
320500,640.9999999986661,-2455954.5978135336,-1962984.211876631,301.141975663521,14.1
321000,641.9999999986425,-2459817.172050629,-1968321.6390690557,300.24102878019653,14.1
321500,642.9999999986188,-2458484.4165921863,-1968133.0114215866,299.5421127413492,14.1
322000,643.9999999985952,-2459815.0859119315,-1969281.5522573567,299.6533699954429,14.1
322500,644.9999999985715,-2458008.1164551787,-1967546.680896347,299.60932726262774,14.1
323000,645.9999999985479,-2458868.896299064,-1967706.918521548,300.0372691305137,14.1
323500,646.9999999985242,-2459631.3342271037,-1969671.9099078015,299.30266247952926,14.1
324000,647.9999999985006,-2457112.7444005627,-1965141.7900857984,300.5314505248572,14.1
324500,648.9999999984769,-2459348.819799576,-1969155.318028341,299.44565392149866,14.1
325000,649.9999999984533,-2458463.3175829314,-1967968.8539860111,299.6295031777048,14.1
325500,650.9999999984296,-2454711.569129238,-1962787.0121430461,300.5031076799511,14.1
326000,651.999999998406,-2461609.1674143597,-1972443.6156446876,298.81770769352073,14.1
326500,652.9999999983823,-2459280.503266547,-1968592.0366247585,299.74801427265703,14.1
327000,653.9999999983587,-2456922.4526931327,-1966541.4825643345,299.5601731566931,14.1
327500,654.999999998335,-2460635.4067064486,-1968481.6145361161,300.6431411144394,14.1
328000,655.9999999983114,-2459493.010031294,-1968255.5396220745,300.0833854914712,14.1
328500,656.9999999982878,-2459004.4342979137,-1967784.5493017125,300.07264304898314,14.1
329000,657.9999999982641,-2460164.697155187,-1968865.8524887725,300.1208773278853,14.1
329500,658.9999999982405,-2459921.057613112,-1969943.2370051837,299.3139002635013,14.1
330000,659.9999999982168,-2460038.1712915637,-1967367.882354297,300.9586547056316,14.1
330500,660.9999999981932,-2461204.1712915637,-1971717.8373602193,299.01366464484954,14.1
331000,661.9999999981695,-2459316.4987250865,-1970323.2104370813,298.7124766965202,14.1
331500,662.9999999981459,-2459412.1240153722,-1966860.7629753011,300.8860049421881,14.1
332000,663.9999999981222,-2460862.447534144,-1967727.1873250701,301.2426927967893,14.1
332500,664.9999999980986,-2459461.641603887,-1965891.9598103687,301.5080689287894,14.1
333000,665.9999999980749,-2459231.467855256,-1969101.4387572685,299.4068802207499,14.1
333500,666.9999999980513,-2462070.2841615826,-1970813.1580854885,300.0953925947869,14.1
334000,667.9999999980276,-2458508.9352634344,-1966089.9713456454,300.80512720163097,14.1
334500,668.999999998004,-2459279.481018275,-1970458.605558875,298.60715446760537,14.1
335000,669.9999999979804,-2458732.483355915,-1966906.4324127068,300.4429330624791,14.1
335500,670.9999999979567,-2456618.48766681,-1965111.736685146,300.24788154621797,14.1
336000,671.9999999979331,-2458471.3687785175,-1966436.3643482544,300.57057696910823,14.1
336500,672.9999999979094,-2461475.664677482,-1970066.303529689,300.188388790024,14.1
337000,673.9999999978858,-2458895.664714396,-1964755.728387393,301.85642165289516,14.1
337500,674.9999999978621,-2457165.5046054535,-1967577.229988202,299.0759373906985,14.1
338000,675.9999999978385,-2460748.8658397887,-1967551.2015593543,301.2808137181977,14.1
338500,676.9999999978148,-2455863.9717675224,-1963986.9579763855,300.4740648569001,14.1
339000,677.9999999977912,-2456939.14450497,-1966569.75186524,299.55310078879694,14.1
339500,678.9999999977675,-2458428.672403438,-1967905.9752213983,299.646750294054,14.1
340000,679.9999999977439,-2458747.5886703394,-1969339.5891606193,298.9658123130192,14.1
340500,680.9999999977202,-2457032.454419693,-1965226.7427763345,300.4305083466845,14.1
341000,681.9999999976966,-2457115.8304437976,-1965563.963487926,300.27544164717847,14.1
341500,682.999999997673,-2456545.6667641494,-1964920.76603644,300.3200559586438,14.1
342000,683.9999999976493,-2456669.3636565693,-1965216.2418031883,300.21512099486455,14.1
342500,684.9999999976257,-2458590.8064267654,-1967336.3594507372,300.09375600664714,14.1
343000,685.999999997602,-2460244.81282134,-1970340.9995796168,299.26869121016153,14.1
343500,686.9999999975784,-2457356.613368064,-1965708.9207748747,300.3339788789561,14.1
344000,687.9999999975547,-2459022.0698693767,-1966612.938696058,300.79912064995864,14.1
344500,688.9999999975311,-2458723.618431542,-1966481.4364676112,300.6971359949273,14.1
345000,689.9999999975074,-2457074.5351338796,-1967325.55178721,299.1741099090972,14.1
345500,690.9999999974838,-2459033.7930527516,-1969072.2135790759,299.3039790037353,14.1
346000,691.9999999974601,-2458033.3432065696,-1967221.3294479593,299.8234857896255,14.1
346500,692.9999999974365,-2455890.7895520795,-1965061.964620343,299.8337552703751,14.1
347000,693.9999999974128,-2459179.118501818,-1969938.1190619064,298.8637965887631,14.1
347500,694.9999999973892,-2456683.408721572,-1966747.9885808036,299.2879989906989,14.1
348000,695.9999999973655,-2458436.717508599,-1968094.0016014413,299.5368047106142,14.1
348500,696.9999999973419,-2459010.8426459357,-1968283.8289854864,299.7715615803384,14.1
349000,697.9999999973182,-2461568.9780358113,-1971206.9461179983,299.5486043273388,14.1
349500,698.9999999972946,-2461174.392431969,-1970550.6004280497,299.7085063249609,14.1
350000,699.999999997271,-2459543.5750199463,-1968954.799110598,299.6871159611584,14.1
350500,700.9999999972473,-2460278.4381555356,-1969927.7218191286,299.54169195159056,14.1
351000,701.9999999972237,-2459338.6179035623,-1970349.2542948376,298.7100792184848,14.1
351500,702.9999999972,-2460797.0252247546,-1968716.9644586206,300.59810063865797,14.1
352000,703.9999999971764,-2461661.8880082164,-1970029.0287387527,300.32491761170786,14.1
352500,704.9999999971527,-2459703.824839905,-1967675.920846137,300.56623950881595,14.1
353000,705.9999999971291,-2460213.3758082855,-1969872.7970436378,299.53549918935755,14.1
353500,706.9999999971054,-2457110.996417109,-1966885.6993127575,299.4650768111991,14.1
354000,707.9999999970818,-2458116.725714715,-1966081.132102395,300.57093688413306,14.1
354500,708.9999999970581,-2457562.528920615,-1966730.297042604,299.8358364796351,14.1
355000,709.9999999970345,-2460125.3428259194,-1968320.249809352,300.430130444686,14.1
355500,710.9999999970108,-2460714.4021315947,-1970312.0897845193,299.5732105276193,14.1
356000,711.9999999969872,-2459573.5550133456,-1968165.6655086107,300.18748980397817,14.1
356500,712.9999999969635,-2460931.3465690855,-1968185.9434694073,301.0045398701653,14.1
357000,713.9999999969399,-2460233.5373581797,-1969038.9337697714,300.05719933612033,14.1
357500,714.9999999969162,-2460880.9232707266,-1968501.44759082,300.7810049291565,14.1
358000,715.9999999968926,-2462885.6790305004,-1973680.3376015923,298.8420140959641,14.1
358500,716.999999996869,-2458887.0773167107,-1966146.110403576,301.00182992648877,14.1
359000,717.9999999968453,-2457187.707335504,-1964995.3925496978,300.6666735148885,14.1
359500,718.9999999968217,-2457832.6468539685,-1966224.960578025,300.30954012612597,14.1
360000,719.999999996798,-2460405.455366168,-1969339.0205363925,299.97890458598107,14.1
360500,720.9999999967744,-2458301.085043071,-1967514.789528809,299.8077752253917,14.1
361000,721.9999999967507,-2459734.063042043,-1969787.8728471296,299.29457811892996,14.1
361500,722.9999999967271,-2462134.948001776,-1970791.6073656892,300.14805868522103,14.1
362000,723.9999999967034,-2461305.531222701,-1969291.4805012387,300.55777692787706,14.1
362500,724.9999999966798,-2460893.994342342,-1969064.9859326656,300.4447396969556,14.1
363000,725.9999999966561,-2461361.7407242656,-1969954.3098724613,300.18720962558695,14.1
363500,726.9999999966325,-2460776.3439158574,-1968665.1436146714,300.6171229194567,14.1
364000,727.9999999966088,-2462029.095013451,-1970275.3325256356,300.39877404421793,14.1
364500,728.9999999965852,-2462345.848282529,-1970969.9582116369,300.1679422347885,14.1
365000,729.9999999965615,-2461289.319349464,-1968618.7825857794,300.9588060959366,14.1
365500,730.9999999965379,-2456032.846395349,-1964389.9722871792,300.3310353997129,14.1
366000,731.9999999965142,-2459638.1423634626,-1969968.3694573224,299.125722441544,14.1
366500,732.9999999964906,-2457556.8562959004,-1967728.520828624,299.2225839250914,14.1
367000,733.999999996467,-2461890.703963585,-1972424.4488871286,299.0013990276797,14.1
367500,734.9999999964433,-2460975.8328215033,-1970619.8828193317,299.544889053269,14.1
368000,735.9999999964197,-2461709.8459257577,-1969992.230827196,300.37669260377976,14.1
368500,736.999999996396,-2461282.7585709766,-1969240.1350851466,300.57523123944884,14.1
369000,737.9999999963724,-2458808.4891773127,-1967348.1618241626,300.21952263540527,14.1
369500,738.9999999963487,-2462033.062724795,-1970188.5350760906,300.4542199708931,14.1
370000,739.9999999963251,-2458006.6945265587,-1965961.735783507,300.5766577835039,14.1
370500,740.9999999963014,-2456494.711971363,-1965654.4605624825,299.8407353892629,14.1
371000,741.9999999962778,-2460238.1454486717,-1968076.3480573928,300.64803128253106,14.1
371500,742.9999999962541,-2459338.297864778,-1970984.820990207,298.32163359804997,14.1
372000,743.9999999962305,-2455995.3582271375,-1967358.6065093195,298.4946783658184,14.1
372500,744.9999999962068,-2456886.8436160963,-1966519.2472575898,299.55200349027376,14.1
373000,745.9999999961832,-2458220.4392981697,-1965782.585954842,300.8166662293051,14.1
373500,746.9999999961595,-2457595.744523296,-1965963.8979099954,300.3242990080629,14.1
374000,747.9999999961359,-2456139.0366483517,-1963876.1420280947,300.709788783868,14.1
374500,748.9999999961123,-2459883.6267587673,-1970608.5386419673,298.88462041875124,14.1
375000,749.9999999960886,-2460852.2954012025,-1970696.8858970075,299.4223844090063,14.1
375500,750.999999996065,-2459175.7806247976,-1969163.551923118,299.33491921641746,14.1
376000,751.9999999960413,-2458116.2366245314,-1967271.5006661678,299.84347487652184,14.1
376500,752.9999999960177,-2461074.262335671,-1969279.3741016188,300.42389662526097,14.1
377000,753.999999995994,-2461250.049173562,-1970839.2558048014,299.57839134922386,14.1
377500,754.9999999959704,-2459450.218483761,-1968459.744972363,299.93250191729567,14.1
378000,755.9999999959467,-2460021.625195455,-1969849.0467294157,299.4328724529889,14.1
378500,756.9999999959231,-2462848.808814641,-1972371.8722040453,299.61879642646835,14.1
379000,757.9999999958994,-2459135.269426666,-1969299.2812454526,299.22725875639975,14.1
379500,758.9999999958758,-2460466.577683529,-1968363.6836598148,300.61204884425933,14.1
380000,759.9999999958521,-2459915.529237272,-1967344.0758986643,300.89827877171126,14.1
380500,760.9999999958285,-2461435.2611020803,-1970004.013050169,300.20175889446716,14.1
381000,761.9999999958048,-2459507.8261285964,-1967777.7192497584,300.3843234868902,14.1
381500,762.9999999957812,-2458719.4138828795,-1967489.3020085376,300.0788903660147,14.1
382000,763.9999999957575,-2461008.874892736,-1969488.7507797126,300.2560508223313,14.1
382500,764.9999999957339,-2459825.0990823135,-1970837.2026900114,298.7091829365482,14.1
383000,765.9999999957103,-2457600.7494418044,-1968004.9983950052,299.08050453474834,14.1
383500,766.9999999956866,-2458666.7556721475,-1968489.7383368297,299.4355840354743,14.1
384000,767.999999995663,-2457667.6278861947,-1967291.3083327028,299.5573322488502,14.1
384500,768.9999999956393,-2462384.372814985,-1972363.7446347391,299.3400502255859,14.1
385000,769.9999999956157,-2460158.586050486,-1969115.1368003453,299.96486333104883,14.1
385500,770.999999995592,-2461106.956951391,-1971136.1020190734,299.3096451249065,14.1
386000,771.9999999955684,-2460389.799534343,-1969302.241015858,299.9918084632377,14.1
386500,772.9999999955447,-2456858.0215336457,-1966764.3176615408,299.384690144833,14.1
387000,773.9999999955211,-2460442.4206146467,-1969467.0563540729,299.923272093814,14.1
387500,774.9999999954974,-2457869.5991766024,-1966852.402823047,299.9488261625491,14.1
388000,775.9999999954738,-2460834.4751894064,-1969558.6015380821,300.10684497003047,14.1
388500,776.9999999954501,-2458625.440839924,-1966816.229540153,300.43264619000377,14.1
389000,777.9999999954265,-2458393.9670307823,-1968928.2266350896,299.0010846234345,14.1
389500,778.9999999954028,-2461799.697140228,-1969009.7441508775,301.03175416573805,14.1
390000,779.9999999953792,-2461105.392804643,-1970518.8387109607,299.6857587154124,14.1
390500,780.9999999953556,-2458786.419929819,-1968575.7105113463,299.4561655973185,14.1
391000,781.9999999953319,-2461553.405506773,-1971266.4625163667,299.5027345781717,14.1
391500,782.9999999953083,-2461674.8017605916,-1970150.2794424598,300.2587375641996,14.1
392000,783.9999999952846,-2460213.869848594,-1969594.6061522705,299.70574010708134,14.1
392500,784.999999995261,-2460569.8671491873,-1970808.803383482,299.18148950300184,14.1
393000,785.9999999952373,-2458502.35823285,-1967055.785060885,300.2111205864916,14.1
393500,786.9999999952137,-2458874.1720674597,-1965738.2465102684,301.243099239554,14.1
394000,787.99999999519,-2458070.7337232567,-1966957.4371013676,300.00753115881935,14.1
394500,788.9999999951664,-2458707.03906828,-1967589.5123325954,300.01011521835306,14.1
395000,789.9999999951427,-2457358.320402287,-1966419.155614446,299.9011588370185,14.1
395500,790.9999999951191,-2458106.4246915914,-1965805.2210212564,300.73319072312313,14.1
396000,791.9999999950954,-2459010.8301877566,-1969130.710236132,299.25421763447883,14.1
396500,792.9999999950718,-2461683.161957668,-1968396.8262607353,301.3349806343269,14.1
397000,793.9999999950481,-2461185.624089962,-1970413.5795603278,299.79906969299384,14.1
397500,794.9999999950245,-2460722.6544661913,-1970466.512714088,299.4839189535014,14.1
398000,795.9999999950008,-2460097.094856458,-1969838.7297865995,299.485277116832,14.1
398500,796.9999999949772,-2459401.5712265186,-1969033.6428459059,299.55220631339637,14.1
399000,797.9999999949536,-2461138.1724823713,-1968339.1122915498,301.0373175032569,14.1
399500,798.9999999949299,-2460641.7386284135,-1969431.168729313,300.0669527137735,14.1
400000,799.9999999949063,-2458644.657934025,-1967349.5685302722,300.118583341777,14.1
400500,800.9999999948826,-2457992.3500854634,-1965690.7706619313,300.73342026035976,14.1
401000,801.999999994859,-2456781.865273347,-1967111.6133461373,299.12601506226804,14.1
401500,802.9999999948353,-2459554.183829611,-1968907.5018795743,299.7224891600224,14.1
402000,803.9999999948117,-2459070.685417628,-1967981.5139137083,299.99279379143235,14.1
402500,804.999999994788,-2457954.869110748,-1968231.972613934,299.1581741739528,14.1
403000,805.9999999947644,-2463011.1731646694,-1972455.4883317086,299.6669015377277,14.1
403500,806.9999999947407,-2462218.080923207,-1970362.573747772,300.4609270601337,14.1
404000,807.9999999947171,-2461932.729054287,-1971282.4938435978,299.7246597486895,14.1
404500,808.9999999946934,-2458416.3672236577,-1966521.1755246096,300.4851692381326,14.1
405000,809.9999999946698,-2457904.1881255377,-1967973.3435984105,299.28520387486435,14.1
405500,810.9999999946461,-2459060.850994721,-1967903.7033322742,300.0343185467948,14.1
406000,811.9999999946225,-2459457.9198786095,-1969268.9958712906,299.4428574921206,14.1
406500,812.9999999945989,-2460236.4715209473,-1970195.4522894323,299.35250655489125,14.1
407000,813.9999999945752,-2458350.8154228404,-1966555.942687858,300.4238871573079,14.1
407500,814.9999999945516,-2460008.6951230317,-1968127.726776147,300.4764805856431,14.1
408000,815.9999999945279,-2458707.2515148595,-1967067.4582065756,300.32915342426213,14.1
408500,816.9999999945043,-2460231.643460624,-1968717.3625354785,300.25248138045015,14.1
409000,817.9999999944806,-2459283.19730179,-1967726.6291843327,300.27831345678055,14.1
409500,818.999999994457,-2459559.8548327535,-1969059.2269327755,299.633268779969,14.1
410000,819.9999999944333,-2460439.1777086984,-1970417.1631453736,299.3408971286683,14.1
410500,820.9999999944097,-2459544.868099898,-1967711.514633695,300.4473939718252,14.1
411000,821.999999994386,-2460083.362795057,-1971015.213941565,298.7582069457055,14.1
411500,822.9999999943624,-2457140.0366462804,-1966525.769047332,299.70268812936195,14.1
412000,823.9999999943387,-2459870.7221741118,-1967551.2589943877,300.74434495244174,14.1
412500,824.9999999943151,-2458420.578996826,-1967989.2696622775,299.5909239853542,14.1
413000,825.9999999942914,-2457400.636673318,-1966724.765955877,299.74031977081387,14.1
413500,826.9999999942678,-2455284.827739427,-1963799.9512263997,300.23451903826674,14.1
414000,827.9999999942441,-2459961.4343438223,-1970337.1528594873,299.0979329900293,14.1
414500,828.9999999942205,-2460517.2783186156,-1969347.9599158722,300.0417533154599,14.1
415000,829.9999999941969,-2457497.7947770655,-1966547.817449072,299.90776391877677,14.1
415500,830.9999999941732,-2454462.129806593,-1963240.6086799407,300.0736425158285,14.1
416000,831.9999999941496,-2456597.25927563,-1964753.5530140474,300.4537182082158,14.1
416500,832.9999999941259,-2461790.6652203854,-1969983.86331941,300.4311743549116,14.1
417000,833.9999999941023,-2458016.1159307454,-1966454.3154610847,300.28150975604063,14.1
417500,834.9999999940786,-2457431.0764597002,-1966620.965479528,299.8223234348992,14.1
418000,835.999999994055,-2457852.4705250934,-1965038.3297027452,301.0465298440013,14.1
418500,836.9999999940313,-2461568.334282251,-1969742.631406337,300.44272043779483,14.1
419000,837.9999999940077,-2459963.715716567,-1968235.6342393868,300.3830862250298,14.1
419500,838.999999993984,-2461128.0395718887,-1970583.8205877854,299.6598973677489,14.1
420000,839.9999999939604,-2461958.3565419726,-1972001.6106231555,299.3010263187442,14.1
420500,840.9999999939367,-2461121.6059745625,-1969632.058564091,300.2373723603416,14.1
421000,841.9999999939131,-2458679.1195337344,-1967407.430999098,300.1042883979853,14.1
421500,842.9999999938894,-2456463.787721012,-1964474.240794998,300.54280823689044,14.1
422000,843.9999999938658,-2456469.029255353,-1963920.2274312605,300.88444158792197,14.1
422500,844.9999999938422,-2461801.054200655,-1969502.78969855,300.731395266534,14.1
423000,845.9999999938185,-2460941.906909829,-1970109.171585525,299.8361440210527,14.1
423500,846.9999999937949,-2456965.144203119,-1964293.404682905,300.95954082663826,14.1
424000,847.9999999937712,-2456835.4897443987,-1965599.8375211898,300.0822748119191,14.1
424500,848.9999999937476,-2458366.312186653,-1967927.216680055,299.59568034253255,14.1
425000,849.9999999937239,-2459146.0675274767,-1966218.1229053275,301.1160494380536,14.1
425500,850.9999999937003,-2459185.851271149,-1969224.0171268042,299.304134575004,14.1
426000,851.9999999936766,-2461790.332720358,-1971404.3138228988,299.56325730984435,14.1
426500,852.999999993653,-2456899.696515685,-1966415.1424615013,299.62344971209563,14.1
427000,853.9999999936293,-2460015.6980301365,-1969251.9845774295,299.79398046849525,14.1
427500,854.9999999936057,-2460410.336503582,-1966948.413911424,301.44224181276104,14.1
428000,855.999999993582,-2458010.3720852006,-1968908.3792224585,298.7788813149999,14.1
428500,856.9999999935584,-2459884.0260509364,-1969006.0262192027,299.8637948568506,14.1
429000,857.9999999935347,-2459413.336241929,-1968117.2694487404,300.11918040195354,14.1
429500,858.9999999935111,-2458037.6172953974,-1965018.9559235147,301.17146579169236,14.1
430000,859.9999999934874,-2460082.736025689,-1969795.70606228,299.5027877075739,14.1
430500,860.9999999934638,-2461118.996754717,-1971267.5532781712,299.23669996890175,14.1
431000,861.9999999934402,-2458195.0851453934,-1967166.148379975,299.95599805547494,14.1
431500,862.9999999934165,-2458302.3943030126,-1967107.4487510882,300.0574082321753,14.1
432000,863.9999999933929,-2458005.1516687814,-1964890.326903152,301.2302093495316,14.1
432500,864.9999999933692,-2457560.0220025927,-1967497.771102078,299.365476394321,14.1
433000,865.9999999933456,-2457673.5676397868,-1968634.5043775418,298.74043936237547,14.1
433500,866.9999999933219,-2458655.6436865646,-1965307.1297830618,301.3729635811811,14.1
434000,867.9999999932983,-2458966.7408399507,-1968593.3770777427,299.5555266376974,14.1
434500,868.9999999932746,-2458447.9098347593,-1967118.7747603506,300.1393809004472,14.1
435000,869.999999993251,-2456633.335473094,-1966324.405584398,299.51616576628896,14.1
435500,870.9999999932273,-2459052.8677507564,-1968433.4449397852,299.7058373058192,14.1
436000,871.9999999932037,-2458728.586937554,-1969064.028384477,299.1225371374609,14.1
436500,872.99999999318,-2457498.27911005,-1969126.872410518,298.33258643226895,14.1
437000,873.9999999931564,-2458045.410440713,-1967605.2025408794,299.5963598727971,14.1
437500,874.9999999931327,-2458095.1869222205,-1966080.0162432264,300.5584610789608,14.1
438000,875.9999999931091,-2458635.2325134464,-1967309.7110882334,300.1371734220889,14.1
438500,876.9999999930855,-2459444.2749754842,-1969437.560463779,299.3315507502572,14.1
439000,877.9999999930618,-2458820.515199367,-1965478.1970944665,301.3691787391598,14.1
439500,878.9999999930382,-2456552.550924467,-1964766.189945916,300.4186875606966,14.1
440000,879.9999999930145,-2459869.172338579,-1968126.222054602,300.39216916790474,14.1
440500,880.9999999929909,-2459681.0131754,-1967835.5598885638,300.4547854176292,14.1
441000,881.9999999929672,-2456954.9171610754,-1965818.4388516545,300.0216922106426,14.1
441500,882.9999999929436,-2458354.086983353,-1968444.7268189827,299.2720796718065,14.1
442000,883.9999999929199,-2457286.531962296,-1965557.5298187172,300.3836486346718,14.1
442500,884.9999999928963,-2457268.741716977,-1964931.168760635,300.75540771415166,14.1
443000,885.9999999928726,-2460095.2103723064,-1969257.8714040287,299.8389562598423,14.1
443500,886.999999992849,-2461085.7643267475,-1969115.5068750272,300.5310248304953,14.1
444000,887.9999999928253,-2462170.053717226,-1970289.5588545853,300.4761913472125,14.1
444500,888.9999999928017,-2459125.171560334,-1967837.8802691267,300.11381969047994,14.1
445000,889.999999992778,-2456447.4443580452,-1966488.6689611687,299.3022660707654,14.1
445500,890.9999999927544,-2460123.441114044,-1968606.8651403498,300.2538833621388,14.1
446000,891.9999999927307,-2457093.548264507,-1966860.7884428394,299.469635578826,14.1
446500,892.9999999927071,-2457239.1174079347,-1963986.7291635089,301.3142430744078,14.1
447000,893.9999999926835,-2458646.294721434,-1966309.3922622863,300.754998125958,14.1
447500,894.9999999926598,-2458100.7083689217,-1967033.3283064107,299.9794820025185,14.1
448000,895.9999999926362,-2459358.03805417,-1967617.5651398504,300.390655811293,14.1
448500,896.9999999926125,-2463739.9019785672,-1973607.3708576844,299.408408637343,14.1
449000,897.9999999925889,-2458080.0883441195,-1968274.484905655,299.208697557345,14.1
449500,898.9999999925652,-2457622.3865422737,-1965331.0226471995,300.7271798765355,14.1
450000,899.9999999925416,-2455560.412315171,-1965092.3650036175,299.6133661995174,14.1
450500,900.9999999925179,-2457611.951971529,-1966308.1957109894,300.12387768490606,14.1
451000,901.9999999924943,-2458128.255225124,-1965481.4542770083,300.94430654262,14.1
451500,902.9999999924706,-2457292.287173532,-1964043.4233766673,301.3120900868613,14.1
452000,903.999999992447,-2458079.849308891,-1966652.3936037468,300.19944225470465,14.1
452500,904.9999999924233,-2462140.1029853616,-1970710.883135728,300.20051992178566,14.1
453000,905.9999999923997,-2458509.360542942,-1969483.3187218416,298.73248492408834,14.1
453500,906.999999992376,-2458900.3509063087,-1969983.8983273413,298.665539886762,14.1
454000,907.9999999923524,-2460988.7042709813,-1969199.7575020597,300.4202671485239,14.1
454500,908.9999999923288,-2456475.7855952457,-1965875.8195208726,299.6939517235077,14.1
455000,909.9999999923051,-2459713.5833870526,-1969450.581615379,299.4881095497429,14.1
455500,910.9999999922815,-2458447.336039532,-1966460.6797595785,300.541042421153,14.1
456000,911.9999999922578,-2459629.461046038,-1968006.8808913291,300.31863838477335,14.1
456500,912.9999999922342,-2458106.5995223466,-1967754.059514636,299.54280598195635,14.1
457000,913.9999999922105,-2460044.013175316,-1967642.321083534,300.7945763207759,14.1
457500,914.9999999921869,-2461643.9972598962,-1971441.7617489826,299.45098912153674,14.1
458000,915.9999999921632,-2460126.2210963443,-1970507.2158980705,299.09470985279034,14.1
458500,916.9999999921396,-2460473.870223079,-1969692.1967802434,299.8049517297807,14.1
459000,917.9999999921159,-2459722.4795446787,-1969517.8966353387,299.452423082318,14.1
459500,918.9999999920923,-2459282.875999989,-1966034.5350271333,301.31177070813294,14.1
460000,919.9999999920686,-2461001.24040368,-1968327.1709267544,300.9609641327584,14.1
460500,920.999999992045,-2459054.081530219,-1968297.6483505825,299.78953315101256,14.1
461000,921.9999999920213,-2462000.5562900286,-1969053.9115086184,301.12747284819284,14.1
461500,922.9999999919977,-2461432.0431787632,-1970339.7039887062,299.9947288432913,14.1
462000,923.999999991974,-2458073.7698085345,-1966747.6974465658,300.1375099741169,14.1
462500,924.9999999919504,-2458247.370287366,-1967897.3030573293,299.54129543046014,14.1
463000,925.9999999919268,-2457601.651669495,-1967153.0674900217,299.60147671038266,14.1
463500,926.9999999919031,-2460169.036438264,-1969985.8153679506,299.4393737256186,14.1
464000,927.9999999918795,-2459044.900713429,-1967434.9975784554,300.3108943440001,14.1
464500,928.9999999918558,-2460580.9984742347,-1970541.8706190842,299.3513511653763,14.1
465000,929.9999999918322,-2456650.3399240915,-1964869.222638109,300.415484333921,14.1
465500,930.9999999918085,-2456557.866494609,-1963963.1101303506,300.9125139456357,14.1
466000,931.9999999917849,-2458562.2200993653,-1967127.650756367,300.20378777934184,14.1
466500,932.9999999917612,-2458890.89296701,-1968160.6634255773,299.77352607309587,14.1
467000,933.9999999917376,-2460726.220546961,-1968207.663696494,300.86596576995936,14.1
467500,934.9999999917139,-2461173.045258738,-1969901.1121953349,300.10443777384654,14.1
468000,935.9999999916903,-2460278.590287255,-1968812.15727768,300.2232524120633,14.1
468500,936.9999999916666,-2457083.334878456,-1964428.2744989148,300.9493520008631,14.1
469000,937.999999991643,-2460242.8395240027,-1969020.1586200222,300.0743509917247,14.1
469500,938.9999999916193,-2459288.9343539253,-1969066.6203959147,299.46325448959846,14.1
470000,939.9999999915957,-2457665.7486878354,-1965498.2662006961,300.65150415037067,14.1
470500,940.999999991572,-2458747.8435093705,-1969572.12926958,298.8239156654728,14.1
471000,941.9999999915484,-2458958.287017146,-1967364.6511576427,300.30095711528713,14.1
471500,942.9999999915248,-2458273.3733749073,-1967149.5702215848,300.0139493083138,14.1
472000,943.9999999915011,-2455395.9879328106,-1964204.215048461,300.055470137294,14.1
472500,944.9999999914775,-2455526.992964864,-1964438.3550180169,299.99246785617225,14.1
473000,945.9999999914538,-2458888.8338351157,-1968267.4721851742,299.70702168892745,14.1
473500,946.9999999914302,-2458740.23952483,-1968833.2597724013,299.27062554398185,14.1
474000,947.9999999914065,-2459262.4948217683,-1970241.370292728,298.72948108635666,14.1
474500,948.9999999913829,-2460313.6270928737,-1968957.519275384,300.15585780326353,14.1
475000,949.9999999913592,-2458742.059501838,-1966432.212357352,300.73847078244637,14.1
475500,950.9999999913356,-2460053.286632875,-1968160.7807024084,300.4835285763811,14.1
476000,951.9999999913119,-2457025.886779584,-1965386.0679952372,300.3291689868845,14.1
476500,952.9999999912883,-2458457.822282357,-1967174.2352498695,300.1115568612694,14.1
477000,953.9999999912646,-2459484.5705499705,-1966844.3302835776,300.9402988035914,14.1
477500,954.999999991241,-2457406.769824924,-1965111.1110240459,300.72980351571533,14.1
478000,955.9999999912174,-2457350.732315803,-1964682.4852297166,300.957407395213,14.1
478500,956.9999999911937,-2457951.1208696924,-1966004.2965524702,300.5167101766742,14.1
479000,957.9999999911701,-2461089.877449438,-1969271.6275087257,300.43816764579105,14.1
479500,958.9999999911464,-2454344.0159201026,-1963347.8926051573,299.9359532260373,14.1
480000,959.9999999911228,-2459212.483287627,-1968755.2880599664,299.6067369615815,14.1
480500,960.9999999910991,-2459192.7738086414,-1968773.5587729735,299.5835359126362,14.1
481000,961.9999999910755,-2459918.1154808234,-1966940.3897585333,301.1464593354323,14.1
481500,962.9999999910518,-2457829.4627229497,-1968068.7089130743,299.18130015955717,14.1
482000,963.9999999910282,-2460701.879657682,-1968890.0958945781,300.4342176367124,14.1
482500,964.9999999910045,-2460079.279298026,-1968813.5162664028,300.10066867206456,14.1
483000,965.9999999909809,-2457377.463012401,-1965482.0546212154,300.4853016093669,14.1
483500,966.9999999909572,-2461638.120660456,-1970439.0703078134,300.0599157414156,14.1
484000,967.9999999909336,-2459395.357578188,-1969950.331673907,298.98843071349074,14.1
484500,968.9999999909099,-2458757.498879075,-1969380.798755493,298.9466923836125,14.1
485000,969.9999999908863,-2458128.96424699,-1967420.321467176,299.76033931740534,14.1
485500,970.9999999908626,-2458694.059721155,-1967479.5157229064,300.0693803810393,14.1
486000,971.999999990839,-2460060.004699668,-1969363.4438822619,299.75295878069727,14.1
486500,972.9999999908154,-2459626.5876423325,-1969556.0963743697,299.3705102069075,14.1
487000,973.9999999907917,-2460329.1391606797,-1969786.205102791,299.659112441859,14.1
487500,974.9999999907681,-2459608.40144608,-1968089.1221256678,300.2555347618878,14.1
488000,975.9999999907444,-2459953.2722651847,-1968418.7692273848,300.2648345098278,14.1
488500,976.9999999907208,-2459195.596240241,-1970452.7046448512,298.55951628172676,14.1
489000,977.9999999906971,-2457136.0095051564,-1965962.6856125572,300.04420015844084,14.1
489500,978.9999999906735,-2456450.813459128,-1966209.3931429521,299.47492603541485,14.1
490000,979.9999999906498,-2458047.3555073887,-1966802.527801287,300.0878798606703,14.1
490500,980.9999999906262,-2459024.2760381754,-1967354.308634377,300.3475859447467,14.1
491000,981.9999999906025,-2460754.3461910374,-1973365.2404275995,297.73252595596006,14.1
491500,982.9999999905789,-2459022.927565882,-1967565.2586474821,300.2178986711354,14.1
492000,983.9999999905552,-2459670.8212952763,-1969302.254782308,299.55259613080483,14.1
492500,984.9999999905316,-2462071.389565857,-1969975.8293281542,300.60756883720114,14.1
493000,985.999999990508,-2459181.636304766,-1966879.5980009884,300.7337005776113,14.1
493500,986.9999999904843,-2461028.8152165934,-1969293.395278039,300.3875690881382,14.1
494000,987.9999999904607,-2461517.738088457,-1969873.4267802467,300.3319133454718,14.1
494500,988.999999990437,-2463223.7624860965,-1971771.58841442,300.2145420212322,14.1
495000,989.9999999904134,-2461811.1073962227,-1969659.2604149324,300.64195285224764,14.1
495500,990.9999999903897,-2458796.6477024127,-1968529.1132882084,299.4908784157145,14.1
496000,991.9999999903661,-2457466.4659408946,-1966528.7797727901,299.9002555891126,14.1
496500,992.9999999903424,-2461756.5264082775,-1969881.797571375,300.4726690415487,14.1
497000,993.9999999903188,-2460010.91107662,-1969598.2536199265,299.5795300689909,14.1
497500,994.9999999902951,-2457945.9629715104,-1967090.147745266,299.8502428948728,14.1
498000,995.9999999902715,-2459047.102400558,-1966816.8102985728,300.6898728070789,14.1
498500,996.9999999902478,-2458210.1010980923,-1967299.9177065436,299.8834549035047,14.1
499000,997.9999999902242,-2459097.553288402,-1968751.3635007734,299.5389268081235,14.1
499500,998.9999999902005,-2457821.4090829976,-1968623.9104160971,298.83722316954544,14.1
500000,999.9999999901769,-2457217.389207704,-1967308.240257444,299.2719506469477,14.1
