#"Step","Time (ps)","Potential Energy (kJ/mole)","Total Energy (kJ/mole)","Temperature (K)","Speed (ns/day)"
500,1.0000000000000007,-1821231.2803915571,-1443219.5486423299,299.6908936726126,0
1000,2.0000000000000013,-1827342.678599691,-1449698.8629239644,299.3992067020688,17.7
1500,2.999999999999891,-1834076.5283237286,-1456054.9966576048,299.6986631294995,17.9
2000,3.999999999999781,-1837066.5463505369,-1459900.7839270183,299.0202020460114,18.2
2500,4.999999999999671,-1838564.2240829393,-1458893.1956224376,301.0063981199711,18.1
3000,5.999999999999561,-1839844.6328473482,-1462053.656881678,299.5158766228733,18.1
3500,6.999999999999451,-1840382.253013976,-1458838.0435503293,302.4914718404225,18.1
4000,7.999999999999341,-1843081.4846593197,-1463885.3509145165,300.6298975783359,18.2
4500,8.999999999999675,-1842342.6573379338,-1463599.7383656572,300.2705850787593,18.2
5000,10.000000000000009,-1844189.5413538683,-1465500.289694698,300.2280371796467,18.3
5500,11.000000000000343,-1845626.3271405064,-1466970.8235572127,300.2012814200506,18.3
6000,12.000000000000677,-1845350.803544674,-1467517.6901042596,299.5492835687496,18.2
6500,13.00000000000101,-1845302.5035763197,-1468671.1811251154,298.59649352200313,18.2
7000,14.000000000001345,-1844925.2757237107,-1467511.4724990807,299.2168508881209,18.2
7500,15.000000000001679,-1846041.7859088928,-1466642.3261535112,300.79109615684337,18.2
8000,16.00000000000201,-1843600.9540819898,-1466755.5852116405,298.7661913309684,18.2
8500,17.000000000001457,-1844702.7506207544,-1466763.894486671,299.63311726940844,18.1
9000,18.000000000000902,-1847204.3358575627,-1468736.7240075986,300.052319266906,18.1
9500,19.000000000000348,-1847912.4632173385,-1471244.8775613266,298.62524329705894,18.1
10000,19.999999999999794,-1847068.5124018732,-1468891.4924795122,299.8219355323209,18.1
10500,20.99999999999924,-1848438.1021052543,-1468709.079693204,301.05237621458434,18.1
11000,21.999999999998685,-1848928.4458783884,-1471486.1757569434,299.2394196843515,18.2
11500,22.99999999999813,-1849002.6331610307,-1471738.6110580666,299.0981031497911,18.1
12000,23.999999999997577,-1848186.5410774965,-1470527.669653745,299.4111430262661,18.1
12500,24.999999999997023,-1850137.8383168895,-1470586.179492051,300.9117608646042,18.1
13000,25.99999999999647,-1849988.7594535667,-1471091.268131844,300.3931313429406,18.1
13500,26.999999999995914,-1850560.8343214449,-1472121.0997729623,300.0302179068358,18.1
14000,27.99999999999536,-1851257.2429706529,-1471856.570542303,300.7920575742152,18.2
14500,28.999999999994806,-1851455.3703955412,-1473264.7018994726,299.83275623683403,18.2
15000,29.99999999999425,-1851032.4069854654,-1472120.9593847576,300.4041959987967,18.2
15500,30.999999999993697,-1852959.5253346544,-1472518.7374176935,301.61666991855196,18.2
16000,31.999999999993143,-1851173.4773178361,-1471456.182307754,301.0430786312526,18.2
16500,32.999999999994365,-1849623.1218292136,-1470611.237019256,300.4838234665972,18.2
17000,33.99999999999559,-1853015.1623394303,-1474683.0437771315,299.94489904404924,18.2
17500,34.99999999999681,-1852065.75997724,-1472509.7378451095,300.91522013147846,18.2
18000,35.99999999999803,-1852711.1800593212,-1475311.2569662288,299.2058466026043,18.2
18500,36.999999999999254,-1853209.7828961667,-1473453.6868956503,301.0738403841876,18.2
19000,38.000000000000476,-1853079.7368926276,-1474282.9956589956,300.3132558221525,18.1
19500,39.0000000000017,-1853935.392046338,-1474227.39726033,301.0357053350555,18.2
20000,40.00000000000292,-1853563.3672694433,-1476658.301109404,298.8135198464465,18.1
20500,41.00000000000414,-1852023.0239609573,-1472746.0286002518,300.6940053503922,18.1
21000,42.000000000005365,-1852891.2034874111,-1474684.6183752073,299.8453750645401,18.1
21500,43.00000000000659,-1854125.7375544906,-1475241.6732117955,300.38248632056127,18.1
22000,44.00000000000781,-1854892.3371100929,-1475077.75905314,301.12020545247844,18.1
22500,45.00000000000903,-1854873.0524658654,-1476340.2644924582,300.1039914480587,18.1
23000,46.00000000001025,-1854143.413537968,-1477447.0586387177,298.64805179608743,18.1
23500,47.000000000011475,-1856723.535568172,-1478144.0169865845,300.1410398689177,18.1
24000,48.0000000000127,-1854849.1491044834,-1476613.4090534055,299.8684893463263,18.1
24500,49.00000000001392,-1856685.6600834746,-1476380.8496801243,301.5088657972757,18.1
25000,50.00000000001514,-1852255.5988598745,-1474669.106005375,299.35376068524306,18
25500,51.000000000016364,-1853837.6391500104,-1476934.549797237,298.8119526169497,18
26000,52.000000000017586,-1853438.9433140848,-1475438.0121291042,299.6823308940546,18
26500,53.00000000001881,-1854488.7745573223,-1475797.9375523769,300.2292940551672,18
27000,54.00000000002003,-1856568.4684324376,-1478453.2378086955,299.7729484544945,18
27500,55.00000000002125,-1853620.4494744148,-1475637.7528719143,299.6678743630526,18
28000,56.000000000022474,-1852942.9180514477,-1473257.270142149,301.01798854245556,18
28500,57.0000000000237,-1855487.6035161912,-1475502.1943298515,301.2556418147207,18
29000,58.00000000002492,-1855396.5335340817,-1476261.067218694,300.5817999278894,18
29500,59.00000000002614,-1854753.7525203545,-1475312.6235775955,300.82413184054013,18
30000,60.00000000002736,-1852709.3598191142,-1474658.2909409502,299.72208048068075,18
30500,61.000000000028585,-1855019.6284491438,-1478079.3994495564,298.84139724263076,18
31000,62.00000000002981,-1855628.9697224107,-1478724.1123196075,298.8133543419466,18
31500,63.00000000003103,-1855586.2228811681,-1477543.693001159,299.7153106908219,18
32000,64.00000000003224,-1853993.3675796948,-1475414.1639162248,300.1407901991742,18
32500,65.00000000002991,-1854297.7366517205,-1475562.6579821305,300.264369220569,18
33000,66.00000000002758,-1853246.327577185,-1475708.5239499277,299.31515945464923,18
33500,67.00000000002525,-1857527.2835977897,-1478802.4367910137,300.2562573133103,18
34000,68.00000000002292,-1856234.5437017623,-1477210.5613137835,300.4934145286303,18
34500,69.00000000002059,-1857176.8312008902,-1477114.3216826415,301.3167676090588,18
35000,70.00000000001826,-1853359.0649720617,-1475960.6037374982,299.2046876288155,18
35500,71.00000000001593,-1855197.4868674278,-1478337.2601684951,298.7779707429606,18
36000,72.0000000000136,-1852993.9076886326,-1476268.5717178606,298.6710282343682,18
36500,73.00000000001127,-1855392.1212696005,-1475990.5429791121,300.79277574936947,18
37000,74.00000000000894,-1854780.9873899706,-1477085.6237148896,299.4400743913388,18
37500,75.00000000000661,-1852914.2834984288,-1475444.979400237,299.2608524494491,18
38000,76.00000000000428,-1855515.8675306719,-1476387.253316852,300.57636752389254,18
38500,77.00000000000195,-1854818.9490039404,-1476048.6118038092,300.2923224813808,18
39000,77.99999999999962,-1855414.0672766976,-1477841.9587069768,299.34235670277866,18
39500,78.99999999999729,-1853555.349359179,-1476792.152078856,298.7010450003622,17.9
40000,79.99999999999496,-1856027.4411294013,-1478488.9318710133,299.31571888496967,17.9
40500,80.99999999999262,-1857692.4672241341,-1479708.354276906,299.6689972531152,17.9
41000,81.9999999999903,-1857632.7595092691,-1479969.9896532428,299.41423373630016,17.9
41500,82.99999999998796,-1855950.9102255255,-1477667.1363681033,299.90657095369653,17.9
42000,83.99999999998563,-1857133.2869113758,-1479824.9366912702,299.1332468554627,17.9
42500,84.9999999999833,-1853596.2289576288,-1475388.8032653707,299.84604148350684,17.9
43000,85.99999999998097,-1856047.4194025006,-1477658.623745169,299.9898331236939,17.9
43500,86.99999999997864,-1855546.380213419,-1477464.0295014745,299.7468809827128,17.9
44000,87.99999999997631,-1856606.7787112538,-1476537.373539603,301.3222345413175,17.9
44500,88.99999999997398,-1854719.1342548728,-1478198.4824289703,298.5087529155238,17.9
45000,89.99999999997165,-1855366.081427507,-1476776.424670938,300.14907749967153,17.9
45500,90.99999999996932,-1856646.777138276,-1477277.181639463,300.76741952199797,17.9
46000,91.99999999996699,-1855990.8250114378,-1476756.0455453866,300.6605362325487,17.9
46500,92.99999999996466,-1855050.465933416,-1476241.493578118,300.3229527587151,17.9
47000,93.99999999996233,-1855896.9114652164,-1476186.4713354083,301.03764402427413,17.9
47500,94.99999999996,-1854632.91609307,-1477105.8937526904,299.3066119593522,17.9
48000,95.99999999995767,-1855363.5733085442,-1477955.4298979403,299.2123637397575,17.9
48500,96.99999999995534,-1854110.4126304667,-1474482.7168807741,300.97204358084736,17.9
49000,97.999999999953,-1855708.1917338967,-1477316.341063283,299.99225516402726,17.9
49500,98.99999999995067,-1855574.493474001,-1477794.5685156526,299.50711529093013,17.9
50000,99.99999999994834,-1855974.9765720665,-1477779.913741502,299.8362401023376,17.9
50500,100.99999999994601,-1857949.7253418993,-1480502.2427945877,299.2435521396033,17.9
51000,101.99999999994368,-1856947.6658191513,-1477984.9303201356,300.44485747776025,17.9
51500,102.99999999994135,-1855200.6874501258,-1477260.8674020974,299.63388146852543,17.9
52000,103.99999999993902,-1856272.1387787089,-1477399.4191497588,300.3734921356851,17.8
52500,104.99999999993669,-1857270.8592636175,-1478411.105955649,300.36321232689556,17.8
53000,105.99999999993436,-1855177.1231871638,-1475276.1253618808,301.1887197747244,17.8
53500,106.99999999993203,-1855484.4908436276,-1478489.403823585,298.8848891445864,17.8
54000,107.9999999999297,-1859388.753494151,-1480709.545365982,300.2200745834397,17.8
54500,108.99999999992737,-1854572.6924849786,-1476154.9417264066,300.01278897251643,17.8
55000,109.99999999992504,-1855560.7114917412,-1477205.8252026236,299.96294949017056,17.8
55500,110.99999999992271,-1854769.373104265,-1477969.667969986,298.7299887353292,17.8
56000,111.99999999992038,-1855209.1396372505,-1477341.86214111,299.5763691206838,17.9
56500,112.99999999991805,-1858057.6565703582,-1479240.4204502567,300.3295043412483,17.8
57000,113.99999999991572,-1856462.4265543316,-1477193.365376145,300.68771506347775,17.8
57500,114.99999999991338,-1857573.1815124396,-1480531.3531913152,298.9219460428677,17.8
58000,115.99999999991105,-1857379.9423756562,-1477641.0267431033,301.0602196433583,17.8
58500,116.99999999990872,-1856752.4722193982,-1478396.4846199881,299.9638226182722,17.8
59000,117.9999999999064,-1857580.2033621091,-1479185.600734906,299.99443693845467,17.8
59500,118.99999999990406,-1856393.8754117005,-1477845.6838409854,300.1162035501054,17.8
60000,119.99999999990173,-1855527.619389534,-1476441.6685510897,300.5425436395537,17.8
60500,120.9999999998994,-1855198.0598689094,-1475584.057512237,300.9611873432047,17.8
61000,121.99999999989707,-1859742.5254098456,-1481229.7879607626,300.08809522302494,17.8
61500,122.99999999989474,-1856776.302508153,-1477155.4759916223,300.96659759477814,17.8
62000,123.99999999989241,-1858659.5088881701,-1480045.7143045873,300.1682141727995,17.8
62500,124.99999999989008,-1857528.6330710556,-1478195.7696229767,300.7382980419318,17.8
63000,125.99999999988775,-1855239.1713522188,-1475931.4651833535,300.7183531384893,17.8
63500,126.99999999988542,-1855654.794326732,-1477590.201081162,299.73280271338876,17.8
64000,127.99999999988309,-1855592.648281414,-1477291.2997783343,299.9205042812118,17.8
64500,128.99999999988785,-1857447.6871808246,-1479248.5136038216,299.839499136834,17.8
65000,129.99999999989262,-1857579.9526808169,-1480677.9532270664,298.8110885357989,17.8
65500,130.9999999998974,-1855048.7738320362,-1475822.927820854,300.65345371407545,17.8
66000,131.99999999990217,-1857993.7514060251,-1478206.778804529,301.09831961423276,17.8
66500,132.99999999990695,-1860982.601193307,-1484214.554011935,298.7048900428771,17.8
67000,133.99999999991172,-1860085.8823293,-1482537.484642262,299.3235585147222,17.8
67500,134.9999999999165,-1855942.9210202005,-1477366.1459677422,300.1388647758517,17.8
68000,135.99999999992127,-1855486.6912943702,-1476224.083800027,300.6825985284182,17.8
68500,136.99999999992605,-1859198.8555281796,-1480661.3108223306,300.10776262571454,17.8
69000,137.99999999993082,-1859442.032057399,-1481009.4942200063,300.0245122934992,17.8
69500,138.9999999999356,-1858718.5358522385,-1481429.1902432186,299.11817983927824,17.8
70000,139.99999999994037,-1858957.8754558284,-1481359.4612397533,299.36321204138966,17.8
70500,140.99999999994515,-1859259.7248998974,-1480877.210244821,299.9848534920558,17.8
71000,141.99999999994992,-1859990.7957955562,-1482370.2426890275,299.38076394072976,17.8
71500,142.9999999999547,-1857015.5190992318,-1477097.1872317716,301.20246234976815,17.8
72000,143.99999999995947,-1856248.146537641,-1478850.6711984961,299.2039060026008,17.8
72500,144.99999999996425,-1854564.1982254852,-1476864.0519976788,299.44386603953365,17.8
73000,145.99999999996902,-1857707.8505406976,-1479289.2849938434,300.0134349435483,17.8
73500,146.9999999999738,-1856334.8562192246,-1477677.6770666759,300.2026098255082,17.8
74000,147.99999999997857,-1857390.1920744851,-1481530.566263574,297.9846859077171,17.8
74500,148.99999999998334,-1855874.9008041844,-1478909.632385578,298.86124870551555,17.8
75000,149.99999999998812,-1858250.7864204068,-1478676.932804345,300.9293570825465,17.8
75500,150.9999999999929,-1858827.9764192197,-1480433.651555172,299.99421672547913,17.8
76000,151.99999999999767,-1859697.1307731997,-1481508.8373321602,299.83087327314684,17.8
76500,153.00000000000244,-1857893.153373843,-1479787.4723052757,299.76537748649486,17.8
77000,154.00000000000722,-1856669.5683481842,-1478155.8615598918,300.0888637233372,17.8
77500,155.000000000012,-1857576.6677439064,-1479041.066151787,300.10622210873794,17.8
78000,156.00000000001677,-1858244.6232724376,-1480570.4131769314,299.4233036547857,17.8
78500,157.00000000002154,-1858215.7063550912,-1479488.0574192288,300.25847886491704,17.8
79000,158.00000000002632,-1858050.6304501966,-1481061.5159111174,298.8801541112341,17.8
79500,159.0000000000311,-1859322.3086134065,-1480479.2271787117,300.34999472495105,17.8
80000,160.00000000003587,-1857777.6757766455,-1480457.9233971508,299.1422865837306,17.8
80500,161.00000000004064,-1857741.1362780295,-1481115.6723359614,298.5918488464783,17.8
81000,162.00000000004542,-1856847.41112593,-1479395.9688046537,299.24669148184734,17.8
81500,163.0000000000502,-1857256.6794169638,-1478267.8885306627,300.46551440886753,17.8
82000,164.00000000005497,-1858711.6865113676,-1481560.83861696,299.00837768136176,17.8
82500,165.00000000005974,-1857106.2228707355,-1479281.6008979336,299.5425514615062,17.8
83000,166.00000000006452,-1859191.0283452123,-1480367.887258444,300.3341858486959,17.8
83500,167.0000000000693,-1857436.727917835,-1480142.541483843,299.1220176862026,17.8
84000,168.00000000007407,-1857669.4202680923,-1479671.2152635874,299.68016955514776,17.8
84500,169.00000000007884,-1857195.4858836606,-1477910.2556746553,300.70053400767705,17.8
85000,170.00000000008362,-1857630.0286260415,-1480335.4354384597,299.12234016388396,17.8
85500,171.0000000000884,-1857021.0800410826,-1479934.5043398628,298.95742214375014,17.8
86000,172.00000000009317,-1859419.6025416944,-1479617.8127966586,301.1100667707787,17.8
86500,173.00000000009794,-1857920.5968107618,-1481194.2282097493,298.6718469123445,17.8
87000,174.00000000010272,-1857185.2250313628,-1478677.6763249713,300.0839815439943,17.8
87500,175.0000000001075,-1858061.3504805546,-1477906.6182701054,301.3898825383615,17.8
88000,176.00000000011227,-1858791.7046229653,-1480438.1416552055,299.96190034982106,17.8
88500,177.00000000011704,-1856910.2139300741,-1478948.0967244678,299.65155884337827,17.8
89000,178.00000000012182,-1859235.2396934573,-1480586.8815105846,300.1956164862457,17.8
89500,179.0000000001266,-1858309.075702019,-1480352.410184549,299.64723669897813,17.8
90000,180.00000000013137,-1860458.9800600111,-1482710.9123173312,299.48185862127747,17.8
90500,181.00000000013614,-1859522.644803755,-1479598.600244469,301.20699142009795,17.8
91000,182.00000000014091,-1857664.6492604222,-1480718.9687114952,298.8457192769917,17.8
91500,183.0000000001457,-1857261.0133465547,-1478181.1761302026,300.53769670832264,17.8
92000,184.00000000015046,-1857344.5415682774,-1481683.6736297098,297.82710898778544,17.8
92500,185.00000000015524,-1856695.5228698272,-1478365.2879574066,299.94340567051614,17.8
93000,186.00000000016001,-1856684.9803275876,-1478400.889493106,299.9068222557866,17.8
93500,187.0000000001648,-1859738.1339364182,-1481814.2318929988,299.6212615400257,17.8
94000,188.00000000016956,-1859728.1680286769,-1481217.1091375009,300.0867644481388,17.8
94500,189.00000000017434,-1857605.0774177779,-1477507.6263091755,301.34446959701285,17.8
95000,190.0000000001791,-1855937.84229617,-1478285.2891600265,299.4061338344852,17.8
95500,191.0000000001839,-1856916.3827089127,-1477903.869354003,300.4843217823438,17.8
96000,192.00000000018866,-1857876.4809609558,-1481287.145333961,298.5632060131432,17.8
96500,193.00000000019344,-1857364.964369513,-1478371.2619696017,300.46940829834114,17.8
97000,194.0000000001982,-1855808.8635328691,-1476462.6782110885,300.74885973592103,17.8
97500,195.000000000203,-1858806.3554012384,-1479539.4479539467,300.6860075674338,17.8
98000,196.00000000020776,-1858717.5697073136,-1481170.8365658207,299.3222388489552,17.8
98500,197.00000000021254,-1857979.113583332,-1478564.2568770968,300.803302989525,17.8
99000,198.0000000002173,-1855810.506865956,-1477653.8543920869,299.8057880471301,17.8
99500,199.0000000002221,-1857645.825321069,-1478562.2735686635,300.5406416238792,17.8
100000,200.00000000022686,-1856372.8612833805,-1477820.4495882676,300.1195493003719,17.8
100500,201.00000000023164,-1855607.5451426245,-1476049.6886579115,300.9166744216991,17.8
101000,202.0000000002364,-1856976.8258777019,-1478851.7039420956,299.7807903700837,17.8
101500,203.0000000002412,-1856110.3988477867,-1477189.378080432,300.4117856861707,17.8
102000,204.00000000024596,-1858826.8026076518,-1481961.7061831772,298.7818315025007,17.8
102500,205.00000000025074,-1855562.9687256776,-1475819.0972001222,301.0641487171889,17.8
103000,206.0000000002555,-1857372.2325517405,-1478779.3813132108,300.1516101119508,17.8
103500,207.0000000002603,-1855452.9031001776,-1477183.3335390761,299.8953096676019,17.8
104000,208.00000000026506,-1856194.964340184,-1477208.3807577663,300.4637644397055,17.8
104500,209.00000000026984,-1856304.8479633331,-1479426.0138052343,298.7927228937488,17.8
105000,210.0000000002746,-1857351.5054943431,-1479271.1782962256,299.74527672385994,17.8
105500,211.00000000027939,-1858018.4992683884,-1479594.6979111661,300.01758593823047,17.8
106000,212.00000000028416,-1856734.880405631,-1479905.754844528,298.75331349820453,17.8
106500,213.00000000028894,-1858946.119925797,-1480431.2528107795,300.08978364016525,17.8
107000,214.0000000002937,-1856426.8062210288,-1478654.9150696842,299.50074602088284,17.8
107500,215.00000000029848,-1856411.1915453244,-1479714.7482528859,298.6481218749537,17.8
108000,216.00000000030326,-1857014.217629753,-1479544.2401512498,299.26138631104754,17.8
108500,217.00000000030803,-1857536.4740204904,-1479374.7545529357,299.80980520252064,17.8
109000,218.0000000003128,-1859952.0512687135,-1480860.634091006,300.5468773994912,17.8
109500,219.00000000031758,-1856258.7583078034,-1478316.2479375997,299.636014378669,17.8
110000,220.00000000032236,-1856992.3173045106,-1477491.9967800027,300.87105942649146,17.8
110500,221.00000000032713,-1860904.8190601654,-1480781.6346686883,301.36487116102313,17.8
111000,222.0000000003319,-1856897.9020154234,-1476495.2211688424,301.58645831129684,17.8
111500,223.00000000033668,-1858496.9616210181,-1479081.1311496713,300.80407499873013,17.8
112000,224.00000000034146,-1859495.9076353442,-1481907.8346619664,299.35501341683573,17.8
112500,225.00000000034623,-1857691.2267886978,-1479906.8946378934,299.5106093503329,17.8
113000,226.000000000351,-1855606.9790853243,-1476208.673175871,300.79018137804604,17.8
113500,227.00000000035578,-1858141.6619290933,-1479236.5731633292,300.39915466074575,17.8
114000,228.00000000036056,-1857917.2190929558,-1481087.6898791376,298.7536335174865,17.8
114500,229.00000000036533,-1857976.1727210842,-1479553.8006236386,300.01645280900794,17.8
115000,230.0000000003701,-1859625.8529669438,-1478958.2974126022,301.7964532167795,17.8
115500,231.00000000037488,-1857491.6162418406,-1478517.6452664891,300.45376505829563,17.8
116000,232.00000000037966,-1857892.402914863,-1478883.2530880405,300.4816551488676,17.8
116500,233.00000000038443,-1857510.1828388423,-1478962.6209378166,300.1157043426574,17.8
117000,234.0000000003892,-1854756.7652011812,-1476773.1736324667,299.66858389982605,17.8
117500,235.00000000039398,-1857413.7031455543,-1478545.988017065,300.3695245254512,17.8
118000,236.00000000039876,-1857643.0893416014,-1480232.1592146647,299.21457307200313,17.8
118500,237.00000000040353,-1857211.2361190375,-1477138.9457361668,301.3245219611416,17.8
119000,238.0000000004083,-1857346.965707533,-1479411.6002176027,299.6303498572416,17.8
119500,239.00000000041308,-1854632.9781927746,-1475389.3971565058,300.6675141917566,17.8
120000,240.00000000041786,-1858092.6985570472,-1477710.1809795296,301.5704727012816,17.8
120500,241.00000000042263,-1856167.5628812555,-1477727.1236078902,300.03077661867513,17.8
121000,242.0000000004274,-1857453.4353619218,-1478368.1499727708,300.5420160657336,17.8
121500,243.00000000043218,-1861209.5162833817,-1483084.8026491497,299.78046666530565,17.8
122000,244.00000000043696,-1859237.5906225573,-1481094.3282431455,299.7951722671497,17.8
122500,245.00000000044173,-1858345.3414900694,-1479961.5517923613,299.98586435662344,17.8
123000,246.0000000004465,-1860792.7812733017,-1482545.0654857082,299.87798381138464,17.8
123500,247.00000000045128,-1859618.8183120266,-1481164.9642343135,300.04141198886526,17.8
124000,248.00000000045605,-1860196.2389804758,-1482436.1664165058,299.4913761449908,17.8
124500,249.00000000046083,-1858340.690488305,-1479230.1904233969,300.5620064736406,17.8
125000,250.0000000004656,-1856141.2240514997,-1477892.4043552284,299.87885899950817,17.8
125500,251.00000000047038,-1860562.9659515787,-1483153.361131601,299.2135223574521,17.8
126000,252.00000000047515,-1856947.7940979078,-1478157.1960643132,300.3083854412764,17.8
126500,253.00000000047993,-1857683.970980024,-1479058.969792698,300.17709886289975,17.8
127000,254.0000000004847,-1857606.065854948,-1478575.2516440062,300.4988308555779,17.8
127500,255.00000000048948,-1855996.8009345941,-1476870.5147741092,300.5745218235457,17.8
128000,256.00000000049425,-1857938.184135763,-1479594.9988715174,299.9536728188234,17.8
128500,257.000000000499,-1857700.2540637143,-1479706.580809489,299.67657674525043,17.8
129000,258.0000000005038,-1857961.331117848,-1479154.8160541574,300.32100459717407,17.8
129500,259.0000000005086,-1859172.7208874617,-1480526.0954517326,300.19424274967514,17.8
130000,260.00000000051335,-1859511.1720625758,-1481437.209980852,299.74023040582216,17.8
130500,261.0000000005181,-1857606.313340433,-1478875.0468440303,300.261346897468,17.8
131000,262.0000000005229,-1856938.5894322991,-1479163.5566628552,299.50323672224647,17.8
131500,263.0000000005277,-1856587.7963587083,-1477861.4806039901,300.2574219076457,17.8
132000,264.00000000053245,-1857760.588074483,-1479477.6597095695,299.90590064009456,17.8
132500,265.0000000005372,-1856010.6479411423,-1477194.9390891462,300.3282935101948,17.8
133000,266.000000000542,-1858853.9553030692,-1480659.96230035,299.835391933786,17.8
133500,267.0000000005468,-1859143.7884033322,-1482077.4097918998,298.9414097203793,17.8
134000,268.00000000055155,-1858095.7741254754,-1479336.4687652905,300.2835763454948,17.8
134500,269.0000000005563,-1860058.7089812271,-1481301.8497755062,300.2816370135751,17.8
135000,270.0000000005611,-1857541.798273474,-1477359.2207551084,301.4119585336631,17.8
135500,271.0000000005659,-1857921.8622943442,-1477690.0814235639,301.4509673670361,17.8
136000,272.00000000057065,-1859800.4224243052,-1482489.8644894771,299.13499715034135,17.8
136500,273.0000000005754,-1856803.8441664502,-1475896.9196307634,301.98622696693525,17.8
137000,274.0000000005802,-1861136.9288561754,-1482236.4248649946,300.3955198127324,17.8
137500,275.000000000585,-1857439.4732326996,-1479240.1552073,299.83961365674287,17.8
138000,276.00000000058975,-1858617.7578183524,-1479607.5917073255,300.4824608675686,17.8
138500,277.0000000005945,-1858253.4811061658,-1479516.6396591018,300.26576676543897,17.8
139000,278.0000000005993,-1859513.3092062902,-1480833.1430512313,300.2208341152497,17.8
139500,279.0000000006041,-1858494.4241786078,-1481609.0634282352,298.797897231228,17.8
140000,280.00000000060885,-1857698.0510470644,-1480004.5790047552,299.43857468890025,17.8
140500,281.0000000006136,-1858135.613890091,-1480682.4275551888,299.2480741505801,17.8
141000,282.0000000006184,-1857664.2513388228,-1477926.3672214705,301.05940184939504,17.8
141500,283.0000000006232,-1859494.1759736035,-1480361.4409303244,300.579634552293,17.8
142000,284.00000000062795,-1857236.4138860311,-1479017.854771879,299.8548681544188,17.8
142500,285.0000000006327,-1860141.5779215377,-1482287.7646820787,299.56569454426557,17.8
143000,286.0000000006375,-1860527.9545650557,-1482229.006827604,299.9186009339446,17.8
143500,287.0000000006423,-1857369.9675489962,-1478509.5977046716,300.3637011221261,17.8
144000,288.00000000064705,-1856099.8467792645,-1478029.980094658,299.7369835403973,17.8
144500,289.0000000006518,-1857753.3870900795,-1479117.8742828711,300.18543256392513,17.8
145000,290.0000000006566,-1862090.5714553576,-1483457.520278518,300.18348096257745,17.8
145500,291.0000000006614,-1857176.653512137,-1478216.146590188,300.4430906430389,17.8
146000,292.00000000066615,-1855788.367397584,-1476539.4237805598,300.67176569107255,17.8
146500,293.0000000006709,-1858598.9386240374,-1479138.191662576,300.83968517146417,17.8
147000,294.0000000006757,-1857850.2481685225,-1480154.9770015967,299.44000105009206,17.8
147500,295.0000000006805,-1860314.3589555845,-1480618.4878899918,301.0260935471116,17.8
148000,296.00000000068525,-1859999.1113858745,-1480597.5204901337,300.79278574292005,17.8
148500,297.00000000069,-1858411.7634704188,-1481844.5980895925,298.5456292547275,17.8
149000,298.0000000006948,-1859149.864687344,-1481467.884866585,299.4294635585905,17.8
149500,299.0000000006996,-1857893.298919687,-1480338.849656138,299.32835625569277,17.8
150000,300.00000000070435,-1860582.0725514106,-1483123.791708643,299.25211311944474,17.8
150500,301.0000000007091,-1859027.817423407,-1480559.5478033992,300.0528407525524,17.8
151000,302.0000000007139,-1860199.2616189234,-1479922.9794333605,301.4862483852603,17.8
151500,303.00000000071867,-1858742.4379699938,-1477475.4271771016,302.2717063929883,17.8
152000,304.00000000072345,-1858637.021104537,-1480949.7842474799,299.43363138136914,17.8
152500,305.0000000007282,-1857499.4419405293,-1478404.6015010956,300.5495913903011,17.8
153000,306.000000000733,-1857809.1913245302,-1478866.9520930157,300.4286078637708,17.8
153500,307.00000000073777,-1857527.109624464,-1479538.3339873399,299.6726938730466,17.8
154000,308.00000000074255,-1856100.30923477,-1478661.8946900433,299.2363629505644,17.8
154500,309.0000000007473,-1856555.909287518,-1479260.5807559604,299.1229231507986,17.8
155000,310.0000000007521,-1857269.6375760268,-1478270.484755158,300.4737294381113,17.8
155500,311.00000000075687,-1858655.7419939116,-1481738.7570126636,298.82296918856883,17.8
156000,312.00000000076164,-1856167.8533650395,-1479025.0685762786,299.00198518310293,17.8
156500,313.0000000007664,-1857976.606943639,-1480282.8381323423,299.43880996986024,17.8
157000,314.0000000007712,-1857253.081155058,-1478602.2214462538,300.1975997171324,17.8
157500,315.00000000077597,-1857914.8294750638,-1478804.8375322355,300.5616036301641,17.8
158000,316.00000000078074,-1859903.3813432492,-1481356.6449645592,300.1150498615772,17.8
158500,317.0000000007855,-1856784.5533804484,-1477414.7273368812,300.7676022998262,17.8
159000,318.0000000007903,-1857785.9658343717,-1479223.2648370322,300.1277067460819,17.8
159500,319.00000000079507,-1858186.6620898955,-1480451.5010534553,299.4716260755587,17.8
160000,320.00000000079984,-1856013.948998848,-1477045.920623422,300.4490537148827,17.8
160500,321.0000000008046,-1858334.149529038,-1479715.170702866,300.17232428411114,17.8
161000,322.0000000008094,-1855015.8996068686,-1477143.0566978357,299.58078142703124,17.8
161500,323.00000000081417,-1857466.126440702,-1477962.2182519066,300.8739037570405,17.8
162000,324.00000000081894,-1859005.319395274,-1481178.8741930344,299.5439969332037,17.8
162500,325.0000000008237,-1857425.5827705134,-1478658.97217928,300.2893679943711,17.8
163000,326.0000000008285,-1858804.6171013396,-1480718.2155531165,299.7500925199284,17.8
163500,327.00000000083327,-1860273.905325845,-1480773.52046296,300.87111043450017,17.8
164000,328.00000000083804,-1859093.8753334936,-1481123.1064045206,299.65841800273716,17.8
164500,329.0000000008428,-1861628.4676050097,-1483750.7091705909,299.5846784970744,17.8
165000,330.0000000008476,-1858219.7022729106,-1480342.2701699398,299.58441977874617,17.8
165500,331.00000000085237,-1856858.5338294227,-1478339.2130916123,300.0933145099314,17.8
166000,332.00000000085714,-1859531.091709653,-1481924.4485145563,299.3697360454612,17.8
166500,333.0000000008619,-1857025.7803087514,-1478525.8464982535,300.07794439021325,17.8
167000,334.0000000008667,-1858493.3806794267,-1478545.2089169612,301.22611967056054,17.8
167500,335.00000000087147,-1858825.7294494696,-1481045.9039538284,299.5070364360557,17.8
168000,336.00000000087624,-1859144.0059336536,-1479615.9955898975,300.8930121490637,17.8
168500,337.000000000881,-1860063.7651814185,-1480573.3133660054,300.8632354305684,17.8
169000,338.0000000008858,-1860893.8555070907,-1482140.5203858262,300.27884308965315,17.8
169500,339.00000000089057,-1857949.5212026406,-1479339.484955535,300.16523453189694,17.8
170000,340.00000000089534,-1860567.612567462,-1481462.48962333,300.5577434468734,17.8
170500,341.0000000009001,-1860189.9451346584,-1481869.7186691633,299.9354708892607,17.8
171000,342.0000000009049,-1859036.1914670207,-1479811.5723335114,300.6524810350937,17.8
171500,343.00000000090967,-1858040.1022076905,-1477920.5411419875,301.3619985577461,17.8
172000,344.00000000091444,-1859412.1819211897,-1481414.4292752994,299.67981092141747,17.8
172500,345.0000000009192,-1859797.4462971464,-1482304.8457878483,299.27932204093906,17.8
173000,346.000000000924,-1860400.1726949979,-1481696.322348655,300.23961114213967,17.8
173500,347.00000000092876,-1860188.9424359389,-1481238.8627110305,300.4348238731555,17.8
174000,348.00000000093354,-1857723.602806013,-1479562.7440025867,299.80912286073044,17.8
174500,349.0000000009383,-1861078.728972448,-1481873.6964699687,300.6369525885818,17.8
175000,350.0000000009431,-1860032.7681818064,-1480872.4068445028,300.6015369115314,17.8
175500,351.00000000094786,-1858932.5131616592,-1480434.4975092378,300.07642365828906,17.8
176000,352.00000000095264,-1859840.2937041596,-1479764.5530972616,301.3272573278915,17.8
176500,353.0000000009574,-1858860.3131950088,-1481009.6000290308,299.56323677982624,17.8
177000,354.0000000009622,-1859528.5369982608,-1480279.7496818374,300.67164177463604,17.8
177500,355.00000000096696,-1858642.4174510278,-1479527.9464059663,300.5651547002457,17.8
178000,356.00000000097174,-1855301.2308794595,-1477183.286462351,299.7750999727964,17.8
178500,357.0000000009765,-1858173.3089237548,-1479424.7617575624,300.27504715843224,17.8
179000,358.0000000009813,-1856477.2685503121,-1478290.6005574937,299.82958460406843,17.8
179500,359.00000000098606,-1853554.980464941,-1475925.3259026017,299.3879796517685,17.8
180000,360.00000000099084,-1857253.3991133682,-1477990.336679708,300.6829592081512,17.8
180500,361.0000000009956,-1858713.8454674836,-1481413.9199025193,299.1265677177109,17.8
181000,362.0000000010004,-1859861.1388366073,-1482222.0668432235,299.39544587064165,17.8
181500,363.00000000100516,-1856319.6428369023,-1476890.3222943684,300.8147700411064,17.8
182000,364.00000000100994,-1857499.2056967262,-1478153.5229095118,300.7484613222725,17.8
182500,365.0000000010147,-1861043.2889730223,-1482945.106774852,299.7594323187077,17.8
183000,366.0000000010195,-1860711.700826496,-1481706.7586461748,300.47831929118297,17.8
183500,367.00000000102426,-1858710.0891175307,-1479104.049074696,300.95487475354344,17.8
184000,368.00000000102904,-1856263.277149953,-1476767.400279966,300.8675364596554,17.8
184500,369.0000000010338,-1858258.405337071,-1479668.183140712,300.1495257851127,17.8
185000,370.0000000010386,-1859546.019527046,-1480848.8707329133,300.23429809494525,17.8
185500,371.00000000104336,-1857552.3429822586,-1478985.823588781,300.1307340027909,17.8
186000,372.00000000104814,-1860092.7276216708,-1480896.6512679332,300.6298520782143,17.8
186500,373.0000000010529,-1858072.8207987119,-1477421.1295530049,301.7838758589019,17.8
187000,374.0000000010577,-1855753.5169323739,-1478846.7730812808,298.814849934084,17.8
187500,375.00000000106246,-1858809.6157588698,-1480472.057368893,299.9492117853779,17.8
188000,376.00000000106724,-1858428.588307824,-1480465.7066488322,299.6521649084789,17.8
188500,377.000000001072,-1860862.3778161537,-1482558.0348210707,299.9228783397638,17.8
189000,378.0000000010768,-1859207.3083056752,-1480050.7781068522,300.59849955258545,17.8
189500,379.00000000108156,-1859725.7417881768,-1481998.8619198734,299.465060695516,17.8
190000,380.00000000108633,-1858838.6891347934,-1480109.4064439028,300.2597741197024,17.8
190500,381.0000000010911,-1858645.169085255,-1480532.875165999,299.770620210374,17.8
191000,382.0000000010959,-1859270.5113296509,-1481655.811203459,299.3761236484835,17.8
191500,383.00000000110066,-1857672.6841098778,-1478722.7004791629,300.43474768886733,17.8
192000,384.00000000110543,-1855734.434977647,-1477215.3672188402,300.09311394604055,17.8
192500,385.0000000011102,-1856132.4555227794,-1475747.255913043,301.57259903907743,17.8
193000,386.000000001115,-1858173.7586804535,-1481334.3691811156,298.76145083512773,17.8
193500,387.00000000111976,-1859150.7007642165,-1482148.4676911817,298.8905545957551,17.8
194000,388.00000000112453,-1858092.1317209639,-1479380.2656785091,300.245966053719,17.8
194500,389.0000000011293,-1861777.5748681314,-1482645.2830815865,300.57928313461025,17.8
195000,390.0000000011341,-1858743.9527876545,-1481887.581943276,298.77491378890284,17.8
195500,391.00000000113886,-1858791.6871114038,-1481488.9561740723,299.1287918406179,17.8
196000,392.00000000114363,-1858355.2568747122,-1480451.4199479674,299.6053537460531,17.8
196500,393.0000000011484,-1859277.6929034293,-1481268.153896077,299.6891552483338,17.8
197000,394.0000000011532,-1859792.372801751,-1481561.74481626,299.8644364575517,17.8
197500,395.00000000115796,-1860793.3518417943,-1482804.9242549837,299.6724179358185,17.8
198000,396.00000000116273,-1858908.2123891804,-1479369.751174685,300.9012976876552,17.8
198500,397.0000000011675,-1859323.3742465116,-1480911.9508370124,300.00777259672975,17.8
199000,398.0000000011723,-1857847.8662917633,-1480723.3774116542,298.9874800321939,17.8
199500,399.00000000117706,-1857563.9063677024,-1479156.336573142,300.0047174182581,17.8
200000,400.00000000118183,-1856943.833886616,-1477473.737243271,300.8470976782303,17.8
200500,401.0000000011866,-1856150.35176103,-1476697.468827541,300.833450503667,17.8
201000,402.0000000011914,-1858607.4846973494,-1480026.6094881422,300.14211541475265,17.8
201500,403.00000000119616,-1858094.0756383222,-1480326.9683424546,299.4969533398555,17.8
202000,404.00000000120093,-1858535.9382790774,-1480271.9653205054,299.8908726338468,17.8
202500,405.0000000012057,-1856841.8534051627,-1478029.2084794512,300.32586440355794,17.8
203000,406.0000000012105,-1858090.9886987265,-1479876.3241131008,299.8517805393094,17.8
203500,407.00000000121526,-1857647.4106282443,-1479672.8527910453,299.66142188118033,17.8
204000,408.00000000122003,-1858332.8901440445,-1479574.0469506225,300.2832099357816,17.8
204500,409.0000000012248,-1858781.886732148,-1480434.8794359658,299.9567029580242,17.8
205000,410.0000000012296,-1860395.592257157,-1480980.4298089608,300.80354538433403,17.8
205500,411.00000000123435,-1859106.7325058002,-1480509.2929634508,300.15524775797263,17.8
206000,412.00000000123913,-1861413.5708377063,-1481575.4510208115,301.13886955859755,17.8
206500,413.0000000012439,-1860331.3045185115,-1482911.4956016224,299.22161225166894,17.8
207000,414.0000000012487,-1859193.3946004156,-1480866.5417307827,299.9407243584287,17.8
207500,415.00000000125345,-1860714.5368030053,-1482651.9489458776,299.7312128244941,17.8
208000,416.00000000125823,-1857131.6128769089,-1478695.4477082575,300.027388072358,17.8
208500,417.000000001263,-1861133.6580217108,-1482640.0708818,300.0729126961669,17.8
209000,418.0000000012678,-1860108.5588291548,-1483408.0183633815,298.6513701485788,17.8
209500,419.00000000127255,-1858335.4328057934,-1481224.4121687314,298.9768022953515,17.8
210000,420.00000000127733,-1859219.8224564996,-1480274.5312631584,300.4310274848842,17.8
210500,421.0000000012821,-1857092.4154375214,-1480551.5087860462,298.524811112313,17.8
211000,422.0000000012869,-1859826.3943741154,-1480518.4980323159,300.71850390919764,17.8
211500,423.00000000129165,-1857031.826137673,-1478635.9245444115,299.99546676971704,17.8
212000,424.0000000012964,-1857610.6136521436,-1479043.7825541776,300.13098112474216,17.8
212500,425.0000000013012,-1860255.9060753547,-1480704.478199237,300.9115777665076,17.8
213000,426.000000001306,-1859320.118638292,-1479249.343735075,301.32332047607207,17.8
213500,427.00000000131075,-1860915.3965794314,-1483124.0921321646,299.51613704585736,17.8
214000,428.0000000013155,-1857650.2478578165,-1480352.500355484,299.12484093126017,17.8
214500,429.0000000013203,-1857986.5546776913,-1479045.9599184631,300.42730411225284,17.8
215000,430.0000000013251,-1859903.4954221547,-1481847.4488917068,299.7260268054533,17.8
215500,431.00000000132985,-1855892.8546117488,-1477711.9801621751,299.8249914340509,17.8
216000,432.0000000013346,-1859104.1430896576,-1479811.1053639005,300.7067238729012,17.8
216500,433.0000000013394,-1859780.588693956,-1481558.563613921,299.85761600144485,17.8
217000,434.0000000013442,-1858909.8006574009,-1479794.1246153591,300.5661100320292,17.8
217500,435.00000000134895,-1857668.556479171,-1479614.3632468488,299.72455749504593,17.8
218000,436.0000000013537,-1860726.1911963448,-1481373.2868064798,300.7541866698485,17.8
218500,437.0000000013585,-1857804.9260322973,-1477732.0871571633,301.3249568104406,17.8
219000,438.0000000013633,-1859996.9470598847,-1482497.7459265483,299.2845550714266,17.8
219500,439.00000000136805,-1861105.8918756098,-1483148.5052825063,299.6478083738305,17.8
220000,440.0000000013728,-1859498.0504707247,-1481995.5407756804,299.28717812709306,17.8
220500,441.0000000013776,-1859226.1472153086,-1480665.022400008,300.12645713564893,17.8
221000,442.0000000013824,-1858069.6997485328,-1477932.4613190207,301.37601332107954,17.8
221500,443.00000000138715,-1860408.7266689893,-1481417.7394490177,300.4672556807521,17.8
222000,444.0000000013919,-1860189.195255082,-1482069.0416821933,299.77685141015786,17.8
222500,445.0000000013967,-1859520.6042669509,-1481427.7110390484,299.7552391784078,17.8
223000,446.0000000014015,-1861138.4242796768,-1483623.93575898,299.2966750412453,17.8
223500,447.00000000140625,-1859698.4778100383,-1481221.8834614877,300.05944066765295,17.8
224000,448.000000001411,-1857225.3208370507,-1478730.142742171,300.0741740187036,17.8
224500,449.0000000014158,-1857978.773420021,-1479848.4894792992,299.7848828513384,17.8
225000,450.0000000014206,-1858541.1648812015,-1480922.526011379,299.37924631770113,17.8
225500,451.00000000142535,-1858126.2263119183,-1478385.41105899,301.06172567843646,17.8
226000,452.0000000014301,-1857962.3834804595,-1478693.3545907792,300.6876894648774,17.8
226500,453.0000000014349,-1860642.0353868231,-1480433.8771770867,301.43223912184027,17.8
227000,454.0000000014397,-1857890.7709600087,-1480051.803888252,299.5539243771185,17.8
227500,455.00000000144445,-1858219.0912596062,-1479478.0714500872,300.2690794064844,17.8
228000,456.0000000014492,-1857811.8643358517,-1478862.3012477853,300.43441427910363,17.8
228500,457.000000001454,-1856882.3413369097,-1478666.5421686347,299.8526800460166,17.8
229000,458.0000000014588,-1859122.372784648,-1479690.1733451122,300.8170524549651,17.8
229500,459.00000000146355,-1858740.352098845,-1480491.4450965005,299.87892821650036,17.8
230000,460.0000000014683,-1858282.4768098574,-1477987.797622275,301.5008336838452,17.8
230500,461.0000000014731,-1858725.3362480458,-1479045.9094119454,301.0130564230799,17.8
231000,462.0000000014779,-1859135.4315203167,-1480504.990588953,300.18141153791765,17.8
231500,463.00000000148265,-1859568.5683091003,-1480764.3571041243,300.3191780785264,17.8
232000,464.0000000014874,-1860987.5545122884,-1481913.035758024,300.53348018665895,17.8
232500,465.0000000014922,-1858129.109345844,-1480690.233853087,299.23672839405606,17.8
233000,466.00000000149697,-1861535.4417606778,-1483955.483177408,299.3485802598228,17.8
233500,467.00000000150175,-1858534.0153529868,-1478617.609540775,301.2009353568997,17.8
234000,468.0000000015065,-1858587.9553494882,-1478884.3281944734,301.0322426403145,17.8
234500,469.0000000015113,-1859066.827652922,-1479759.2721572872,300.71823368347947,17.8
235000,470.00000000151607,-1859720.227125017,-1482030.3881369466,299.43569437281445,17.8
235500,471.00000000152085,-1858002.918087855,-1480395.0088219708,299.3707397970751,17.8
236000,472.0000000015256,-1859665.6385315526,-1480743.8183312817,300.4124194833389,17.8
236500,473.0000000015304,-1858814.4114174396,-1479855.3673043775,300.44193091579825,17.8
237000,474.00000000153517,-1856619.1116406247,-1478141.069616138,300.0605883973623,17.8
237500,475.00000000153995,-1860123.6196161546,-1483898.393905796,298.2745365959088,17.8
238000,476.0000000015447,-1859276.571653936,-1480353.1620555678,300.4136795715746,17.8
238500,477.0000000015495,-1860402.468305815,-1483303.3052289342,298.9674015214891,17.8
239000,478.00000000155427,-1859035.6914617978,-1481387.8082292425,299.4024314954777,17.8
239500,479.00000000155904,-1860273.264232697,-1483400.221620034,298.7881313076111,17.8
240000,480.0000000015638,-1857856.749938948,-1479356.2454669913,300.0783968154376,17.8
240500,481.0000000015686,-1858010.9756976888,-1477690.8686726585,301.52099308814104,17.8
241000,482.00000000157337,-1858984.340761505,-1479470.0474677146,300.8821371559947,17.8
241500,483.00000000157814,-1859629.7561185285,-1481976.6419090694,299.40657865814865,17.8
242000,484.0000000015829,-1858464.9879289959,-1479593.1513021144,300.37279208418715,17.8
242500,485.0000000015877,-1858554.1532838866,-1481088.7216037111,299.2577823637387,17.8
243000,486.00000000159247,-1861142.3163099047,-1482647.1012657117,300.0742033124314,17.8
243500,487.00000000159724,-1859997.3626019713,-1480293.8254319837,301.03217129942493,17.8
244000,488.000000001602,-1859117.6691219024,-1480324.590354824,300.31035218773513,17.8
244500,489.0000000016068,-1859257.9490958434,-1480523.738637837,300.2636808950922,17.8
245000,490.00000000161157,-1855487.7834837623,-1477742.2089630032,299.4798819738805,17.8
245500,491.00000000161634,-1859671.4107311852,-1480858.3081943872,300.32622720149226,17.8
246000,492.0000000016211,-1859825.662215773,-1480380.4556706878,300.82736459810434,17.8
246500,493.0000000016259,-1858307.907979183,-1480103.0801649014,299.84398186390496,17.8
247000,494.00000000163067,-1859881.066726299,-1479137.1215121064,301.85701558430765,17.8
247500,495.00000000163544,-1857856.9217533283,-1480069.063217368,299.51340509826895,17.8
248000,496.0000000016402,-1859865.9397081267,-1481109.9741602233,300.2809285141094,17.8
248500,497.000000001645,-1858793.9323099982,-1479654.460624732,300.58497541895895,17.8
249000,498.00000000164977,-1859451.6003461946,-1480666.0731876013,300.30436520874605,17.8
249500,499.00000000165454,-1859451.3925482873,-1481089.1945873967,299.96874624530767,17.8
250000,500.0000000016593,-1859520.1564401034,-1481181.2794906236,299.95025715048854,17.8
250500,501.0000000016641,-1858003.1809749715,-1479655.9257110334,299.9568995489555,17.8
251000,502.00000000166887,-1858598.9610801172,-1478890.2575168263,301.03626725967194,17.8
251500,503.00000000167364,-1858973.3558421247,-1481160.0067965752,299.53361418956774,17.8
252000,504.0000000016784,-1859848.1187790167,-1480784.4629193945,300.52486799203706,17.8
252500,505.0000000016832,-1858175.501727771,-1480114.3557689262,299.73006967535696,17.8
253000,506.00000000168797,-1858776.581125643,-1478386.041437211,301.57683269857057,17.8
253500,507.00000000169274,-1859167.742204832,-1481806.1440170198,299.17546229400045,17.8
254000,508.0000000016975,-1857415.129314756,-1478113.6286695371,300.71343334692966,17.8
254500,509.0000000017023,-1858606.106460847,-1480298.336220863,299.9255954884684,17.8
255000,510.00000000170706,-1860713.3565528858,-1482566.5877329982,299.7979522027748,17.8
255500,511.00000000171184,-1861531.601219833,-1483748.253547815,299.5098288472361,17.8
256000,512.0000000017166,-1856894.8754607346,-1478045.416877448,300.3550505822168,17.8
256500,513.0000000016929,-1859629.982415082,-1481708.4308745814,299.61939804145885,17.8
257000,514.0000000016693,-1861519.2136234902,-1482912.7745992704,300.16238262321036,17.8
257500,515.0000000016456,-1858910.5028736014,-1481550.315619517,299.1743436938242,17.8
258000,516.000000001622,-1859305.3701827303,-1479607.3869491268,301.02776809175026,17.8
258500,517.0000000015983,-1860494.1108354237,-1480694.7837604994,301.10811434511413,17.8
259000,518.0000000015747,-1857497.32332954,-1477289.3522236282,301.4320907843477,17.8
259500,519.000000001551,-1859493.393175833,-1480925.4358818494,300.1318739824569,17.8
260000,520.0000000015274,-1861002.4082240276,-1482721.5273205177,299.9042773954005,17.8
260500,521.0000000015037,-1860223.4115142878,-1481945.6851719155,299.90177643268686,17.8
261000,522.0000000014801,-1857539.239385374,-1479347.5219423566,299.8335878508346,17.7
261500,523.0000000014564,-1861069.2382666245,-1484350.9225444319,298.6654625220005,17.8
262000,524.0000000014328,-1859235.1514100805,-1481069.6380776227,299.8128130106593,17.8
262500,525.0000000014091,-1860230.7937885858,-1479156.7503037965,302.11872028129443,17.8
263000,526.0000000013855,-1858609.792062832,-1482421.9347555307,298.24491061034604,17.8
263500,527.0000000013619,-1858851.2470345795,-1482430.8626367054,298.4292600517096,17.8
264000,528.0000000013382,-1858640.9823628217,-1477681.9856709535,302.02751021216477,17.8
264500,529.0000000013146,-1860891.8978660516,-1481563.1554647011,300.73503084127856,17.8
265000,530.0000000012909,-1859549.111146219,-1481531.7044563163,299.69539281351155,17.8
265500,531.0000000012673,-1858909.064932758,-1479428.6394783687,300.8552864468647,17.8
266000,532.0000000012436,-1859588.6818587426,-1481211.6344728307,299.98051899488496,17.8
266500,533.00000000122,-1860256.4505800623,-1480934.7501489795,300.72944790777285,17.8
267000,534.0000000011963,-1858906.005814096,-1481783.3028736562,298.98606412413983,17.8
267500,535.0000000011727,-1858841.5046592467,-1480458.370107717,299.9853449511997,17.8
268000,536.000000001149,-1861499.5141057707,-1485053.0495320582,298.44993663539117,17.8
268500,537.0000000011254,-1863161.4535375033,-1484864.4986200675,299.9170210094044,17.8
269000,538.0000000011017,-1860871.920505317,-1481149.9506016707,301.04678492635503,17.8
269500,539.0000000010781,-1858545.048851898,-1480472.1350047973,299.73939935655955,17.8
270000,540.0000000010544,-1859281.2638016306,-1480486.4965965105,300.3116907956752,17.8
270500,541.0000000010308,-1858902.0837551411,-1481981.8513661535,298.825543760853,17.8
271000,542.0000000010072,-1858152.3443965819,-1479599.1025340087,300.1202074641462,17.8
271500,543.0000000009835,-1860220.6970027424,-1481794.0082772167,300.01987506820865,17.8
272000,544.0000000009599,-1859687.296499502,-1480918.1821872462,300.2913529655444,17.8
272500,545.0000000009362,-1860170.299381502,-1480677.3838870572,300.8651886561134,17.8
273000,546.0000000009126,-1859071.2260642722,-1481340.8190747213,299.46785702703147,17.8
273500,547.0000000008889,-1857916.9044310078,-1480093.8364393658,299.5413194521176,17.8
274000,548.0000000008653,-1861194.9739494827,-1483398.4961573202,299.52023851738545,17.8
274500,549.0000000008416,-1860991.1267787796,-1483185.3193551486,299.5276351280132,17.8
275000,550.000000000818,-1860406.2123333514,-1481923.4549961765,300.06432673708787,17.8
275500,551.0000000007943,-1860697.114314247,-1483211.4144896343,299.27385111983637,17.8
276000,552.0000000007707,-1859634.6953098942,-1481550.664209155,299.74821320914197,17.8
276500,553.000000000747,-1857395.4262753297,-1479647.0720861948,299.4820857184464,17.8
277000,554.0000000007234,-1861533.0306163114,-1481399.4301797226,301.3731290895629,17.8
277500,555.0000000006997,-1858076.4694687687,-1480758.4651031008,299.1409007436048,17.8
278000,556.0000000006761,-1860443.3072182182,-1482050.8881681175,299.9927057800852,17.8
278500,557.0000000006524,-1860864.499110248,-1482264.873181239,300.15698114378284,17.8
279000,558.0000000006288,-1858872.206536658,-1480971.2728977348,299.60305199494667,17.8
279500,559.0000000006052,-1858695.751963053,-1479949.5139918819,300.2732164091155,17.8
280000,560.0000000005815,-1860979.6044020317,-1482486.5983927422,300.07245197090214,17.8
280500,561.0000000005579,-1861298.6372669265,-1482341.190130575,300.4406648191737,17.8
281000,562.0000000005342,-1856399.3007303923,-1476729.561943731,301.0053756556578,17.8
281500,563.0000000005106,-1858535.5220893435,-1480422.9534734217,299.7708379922107,17.8
282000,564.0000000004869,-1859024.8578073196,-1480679.7721906698,299.9551794342602,17.8
282500,565.0000000004633,-1860196.953080874,-1482748.110912408,299.2446300587381,17.8
283000,566.0000000004396,-1858460.3093425594,-1478944.283830023,300.88351047364716,17.8
283500,567.000000000416,-1857186.112946462,-1479963.7001461294,299.0651149432266,17.8
284000,568.0000000003923,-1858929.4866320267,-1480994.1341181616,299.63033956970725,17.8
284500,569.0000000003687,-1861456.5259117223,-1483595.836574588,299.57114597257913,17.8
285000,570.000000000345,-1859488.4551021457,-1481659.9061302287,299.5456648195728,17.8
285500,571.0000000003214,-1860946.416420808,-1485072.6200415841,297.9959204539621,17.8
286000,572.0000000002977,-1859751.741787061,-1482237.0747300244,299.29681658636343,17.8
286500,573.0000000002741,-1861646.4521924537,-1484330.8286517407,299.13901320547166,17.8
287000,574.0000000002505,-1860445.7236517835,-1482432.3272384314,299.6922134323908,17.8
287500,575.0000000002268,-1861318.2181221526,-1483079.2106975433,299.87107974765865,17.8
288000,576.0000000002032,-1861629.8801727444,-1482213.4725777388,300.80453254724125,17.8
288500,577.0000000001795,-1860466.3327123802,-1482893.1687053847,299.34319346236447,17.8
289000,578.0000000001559,-1859519.0650408193,-1480681.33653364,300.3457508788052,17.8
289500,579.0000000001322,-1860007.007684948,-1481332.1495615416,300.21662586292314,17.8
290000,580.0000000001086,-1858817.9830120523,-1479582.1153047741,300.66139899938497,17.8
290500,581.0000000000849,-1858005.9837206285,-1478449.2331254412,300.9157976631426,17.8
291000,582.0000000000613,-1859109.0407592878,-1481527.2182525862,299.3500579940626,17.8
291500,583.0000000000376,-1858984.1037617922,-1480663.3478930765,299.9358906046055,17.8
292000,584.000000000014,-1858238.9104961287,-1479219.8773173469,300.48949075377715,17.8
292500,584.9999999999903,-1859383.3140531033,-1480018.917114673,300.76329805941884,17.8
293000,585.9999999999667,-1857871.557467835,-1480723.5733788074,299.00610723226856,17.8
293500,586.999999999943,-1860033.624524394,-1481394.4792381546,300.1883124239814,17.8
294000,587.9999999999194,-1860354.1941210963,-1480564.2751155274,301.1006555482672,17.8
294500,588.9999999998957,-1858218.6137016118,-1479770.0907696239,300.03718541150675,17.8
295000,589.9999999998721,-1859655.1165815555,-1480300.871936156,300.7552492357563,17.8
295500,590.9999999998485,-1859433.019927824,-1482119.17867441,299.1376001930474,17.8
296000,591.9999999998248,-1859236.3996104822,-1478689.3517002359,301.7009137387159,17.8
296500,592.9999999998012,-1858059.8556567058,-1479932.7726598158,299.7823451160328,17.8
297000,593.9999999997775,-1858890.4110832326,-1481179.4296160254,299.45245630884654,17.8
297500,594.9999999997539,-1859116.6179603413,-1481147.0495841643,299.6574661943403,17.8
298000,595.9999999997302,-1858554.9251739997,-1479949.1568390029,300.1618508951298,17.8
298500,596.9999999997066,-1860150.4890896492,-1482140.4774123288,299.6895299850767,17.8
299000,597.9999999996829,-1860812.897821866,-1482450.676781816,299.96876454266027,17.8
299500,598.9999999996593,-1859616.9282424767,-1481212.8835826581,300.00192266166107,17.8
300000,599.9999999996356,-1860629.970215859,-1483490.8036870384,298.99911659606175,17.8
300500,600.999999999612,-1860165.3366481662,-1483440.0200448292,298.671012879702,17.8
301000,601.9999999995883,-1857395.970710216,-1478993.2670508793,300.0008595051528,17.8
301500,602.9999999995647,-1859070.1094102934,-1481034.3414716087,299.70994976662763,17.8
302000,603.999999999541,-1857508.075907549,-1479427.4996282724,299.7454741975065,17.8
302500,604.9999999995174,-1857771.5390995275,-1479845.7847885299,299.6227300334062,17.8
303000,605.9999999994938,-1859778.896323597,-1479561.331461872,301.4396967949866,17.8
303500,606.9999999994701,-1859763.17513212,-1483369.1448422717,298.4083662922762,17.8
304000,607.9999999994465,-1858726.598728655,-1480596.5515843944,299.78469511710387,17.8
304500,608.9999999994228,-1859201.5090654716,-1480334.9658172885,300.36859544884635,17.8
305000,609.9999999993992,-1858041.2557992488,-1480519.340498331,299.30256305533214,17.8
305500,610.9999999993755,-1862777.4403067864,-1484078.5974613717,300.2356411531098,17.8
306000,611.9999999993519,-1861471.6075046435,-1482929.559426663,300.11133293717677,17.8
306500,612.9999999993282,-1858929.546361763,-1481499.7666718704,299.22951716472073,17.8
307000,613.9999999993046,-1857458.4329698924,-1478680.657279214,300.29821977951326,17.8
307500,614.9999999992809,-1860770.3622678649,-1483207.9420328343,299.3346757092073,17.8
308000,615.9999999992573,-1856891.1392700188,-1476700.5801200317,301.4182864386267,17.8
308500,616.9999999992336,-1859926.4907205403,-1481656.1188708572,299.8959457287657,17.8
309000,617.99999999921,-1862716.3056364302,-1485519.60498185,299.0447301369056,17.8
309500,618.9999999991863,-1858450.8275656085,-1478328.752646954,301.36399156159854,17.8
310000,619.9999999991627,-1860659.44962213,-1482362.3620828902,299.9171261530909,17.8
310500,620.999999999139,-1861082.0856093764,-1481513.7518472408,300.9249808957323,17.8
311000,621.9999999991154,-1861290.8223806582,-1483395.8614459808,299.5983167845743,17.8
311500,622.9999999990918,-1856957.5632611886,-1478647.0071987216,299.9278041120623,17.8
312000,623.9999999990681,-1856724.019005876,-1478859.2581358338,299.5743739182574,17.8
312500,624.9999999990445,-1859912.2115571778,-1480471.1164586844,300.8241050085206,17.8
313000,625.9999999990208,-1862727.8938799892,-1482622.986763487,301.35038078305035,17.8
313500,626.9999999989972,-1862005.5591774043,-1483065.7358776098,300.42669249269795,17.8
314000,627.9999999989735,-1859079.002936501,-1482055.943883414,298.90706560863987,17.8
314500,628.9999999989499,-1856177.9653395824,-1479065.1457873685,298.9782284904779,17.8
315000,629.9999999989262,-1859057.2333422154,-1481785.1368622296,299.10450458409133,17.8
315500,630.9999999989026,-1860999.4918404222,-1483007.0187963205,299.67562520852704,17.8
316000,631.9999999988789,-1861736.0371811204,-1484236.6680884685,299.2846882309904,17.8
316500,632.9999999988553,-1857527.2649590317,-1479555.5363817804,299.6591788199974,17.8
317000,633.9999999988316,-1859399.7687646262,-1483054.4304304589,298.36976289855306,17.8
317500,634.999999998808,-1858527.7916426118,-1481401.1963583608,298.98915000718875,17.8
318000,635.9999999987843,-1859281.967287805,-1481344.965211495,299.63164735674604,17.8
318500,636.9999999987607,-1859310.7287124954,-1482370.5787377986,298.84133459102986,17.8
319000,637.999999998737,-1858488.8830327056,-1481155.829958338,299.1528314869654,17.8
319500,638.9999999987134,-1859583.0391992629,-1480228.7446145692,300.7552888280504,17.8
320000,639.9999999986898,-1860253.3736308087,-1480475.1750706355,301.09136348016506,17.8
320500,640.9999999986661,-1860069.8411445096,-1481552.5463803757,300.09170830088897,17.8
321000,641.9999999986425,-1859284.0437937472,-1480791.1576554524,300.07235693616497,17.8
321500,642.9999999986188,-1861992.1873523556,-1481739.8572376787,301.4672589811593,17.8
322000,643.9999999985952,-1859396.4450278059,-1481130.928150658,299.8920966655339,17.8
322500,644.9999999985715,-1860857.1388489287,-1483834.314457745,298.9068795667008,17.8
323000,645.9999999985479,-1860034.0322415177,-1481537.577959823,300.0751857903895,17.8
323500,646.9999999985242,-1859859.2629725244,-1481188.1841494911,300.2136296016667,17.8
324000,647.9999999985006,-1858074.3687767517,-1479522.9109553546,300.11879306123336,17.8
324500,648.9999999984769,-1856873.9603879899,-1477524.404620722,300.75153185357055,17.8
325000,649.9999999984533,-1859065.2913582772,-1479636.931902498,300.8140080834097,17.8
325500,650.9999999984296,-1858033.535357928,-1478374.039241208,300.99725518041714,17.8
326000,651.999999998406,-1862109.6744501162,-1485600.4703430769,298.49967706732,17.8
326500,652.9999999983823,-1859192.572670726,-1481471.2292530295,299.46067135071314,17.8
327000,653.9999999983587,-1861976.0175738372,-1484830.5418121156,299.0041186091945,17.8
327500,654.999999998335,-1861151.091979498,-1482826.1475859336,299.93921130248253,17.8
328000,655.9999999983114,-1860788.266782986,-1481605.315338419,300.619446539369,17.8
328500,656.9999999982878,-1860485.4450843278,-1480990.5038198468,300.86679470370814,17.8
329000,657.9999999982641,-1861297.0098744798,-1482710.9368733661,300.1462362680774,17.8
329500,658.9999999982405,-1861033.3368899114,-1481169.582301374,301.15919302207067,17.8
330000,659.9999999982168,-1855966.386501912,-1478031.774426894,299.6297525435356,17.8
330500,660.9999999981932,-1857809.9346902408,-1480551.8278460547,299.09341348267077,17.8
331000,661.9999999981695,-1858221.872217331,-1478270.2260920296,301.228874174762,17.8
331500,662.9999999981459,-1858850.561769979,-1480220.9086340512,300.18078696704237,17.8
332000,663.9999999981222,-1855609.28590779,-1479259.9407308428,298.3729395573512,17.8
332500,664.9999999980986,-1860851.492265476,-1482161.8497793113,300.22834703058874,17.8
333000,665.9999999980749,-1859577.6999366004,-1482927.8159227807,298.6112092856183,17.8
333500,666.9999999980513,-1857822.0555159058,-1480049.7504918952,299.501074142628,17.8
334000,667.9999999980276,-1859085.3354622107,-1481359.0470505818,299.46459178366894,17.8
334500,668.999999998004,-1860860.4659265056,-1481124.9696734464,301.0575087304153,17.8
335000,669.9999999979804,-1860510.534167979,-1481965.337474124,300.11382918643545,17.8
335500,670.9999999979567,-1858397.0737361144,-1479392.623920121,300.47792894058534,17.8
336000,671.9999999979331,-1859091.8806763254,-1481241.729072981,299.56279156822717,17.8
336500,672.9999999979094,-1857540.0700750127,-1479298.3603243905,299.8732221745461,17.8
337000,673.9999999978858,-1858546.9019065779,-1479559.441170428,300.4644598545931,17.8
337500,674.9999999978621,-1860296.680212738,-1481113.2440959886,300.6198307915689,17.8
338000,675.9999999978385,-1860427.363561144,-1479683.6316016046,301.8568465142176,17.8
338500,676.9999999978148,-1859871.0659344848,-1480017.7566357786,301.15091190807027,17.8
339000,677.9999999977912,-1858421.8391553387,-1480594.934123901,299.5443614896758,17.8
339500,678.9999999977675,-1858322.6662485804,-1480664.4468915348,299.41062606227405,17.8
340000,679.9999999977439,-1860772.71178543,-1483128.9420026822,299.3991703177276,17.8
340500,680.9999999977202,-1862001.5923928153,-1483624.0652508882,299.98089934950576,17.8
341000,681.9999999976966,-1862241.270827558,-1482642.2975480915,300.94927216385804,17.8
341500,682.999999997673,-1860568.3894566335,-1484456.9295713173,298.1843420889325,17.8
342000,683.9999999976493,-1859587.0400634222,-1481717.855200952,299.5778812968199,17.8
342500,684.9999999976257,-1858809.8168392666,-1480028.8915742834,300.3007167886237,17.8
343000,685.999999997602,-1859666.3447447382,-1482905.675631362,298.6990406482537,17.8
343500,686.9999999975784,-1860776.9164511748,-1483418.08297117,299.17327041029955,17.8
344000,687.9999999975547,-1859500.4579409081,-1479894.3238766466,300.9549492945246,17.8
344500,688.9999999975311,-1859083.6892168485,-1480265.1836893074,300.3305107381878,17.8
345000,689.9999999975074,-1859359.7560719326,-1480607.993898034,300.27759604369606,17.8
345500,690.9999999974838,-1861432.2524629664,-1481890.5183563305,300.90389246418755,17.8
346000,691.9999999974601,-1859523.7882403191,-1482004.9469991904,299.30012591476753,17.8
346500,692.9999999974365,-1859016.2285104692,-1479572.3752190175,300.8262917271941,17.8
347000,693.9999999974128,-1859777.7787462994,-1480491.6102507454,300.7012778891778,17.8
347500,694.9999999973892,-1860209.5593584515,-1483434.2703638817,298.7106314135457,17.8
348000,695.9999999973655,-1862141.092968598,-1484542.0979606307,299.36367249810746,17.8
348500,696.9999999973419,-1861972.098396698,-1484176.466511077,299.5195678755347,17.8
349000,697.9999999973182,-1860848.0688843578,-1480909.2243323592,301.21872497932355,17.8
349500,698.9999999972946,-1862253.064319428,-1484090.6198100229,299.81038002182345,17.8
350000,699.999999997271,-1860112.2491884362,-1482509.5954578517,299.36657316430046,17.8
350500,700.9999999972473,-1859521.6785286274,-1479543.6633762564,301.2497797621394,17.8
351000,701.9999999972237,-1858986.402568927,-1481267.7229804567,299.45855944440353,17.8
351500,702.9999999972,-1857904.5567424018,-1479298.3300177597,300.16221431031215,17.8
352000,703.9999999971764,-1857920.6020626947,-1479851.2966921714,299.73653852585124,17.8
352500,704.9999999971527,-1858301.483567519,-1479740.6335339213,300.12623928639397,17.8
353000,705.9999999971291,-1861410.078165412,-1481250.7950385087,301.39349054336407,17.8
353500,706.9999999971054,-1860774.9270842373,-1483128.5034901225,299.40127428179375,17.8
354000,707.9999999970818,-1859265.9680011086,-1479475.4282414159,301.1011476873796,17.8
354500,708.9999999970581,-1858164.2050744016,-1479432.5589162405,300.2616478965167,17.8
355000,709.9999999970345,-1859911.3194108568,-1481435.629376288,300.0587237198902,17.8
355500,710.9999999970108,-1857947.861278545,-1479575.2291776857,299.9770185196032,17.8
356000,711.9999999969872,-1859435.110050952,-1480761.8163181432,300.2153856008444,17.8
356500,712.9999999969635,-1857673.356347965,-1479307.6055567083,299.9715629592296,17.8
357000,713.9999999969399,-1857876.696789505,-1480081.3000586864,299.51938144282127,17.8
357500,714.9999999969162,-1859222.5429016538,-1480436.363384315,300.3048824042693,17.8
358000,715.9999999968926,-1861060.2537086941,-1484161.8392576636,298.8082463153631,17.8
358500,716.999999996869,-1858833.5602793917,-1479934.4948701668,300.3943792928073,17.8
359000,717.9999999968453,-1859990.4256633893,-1481365.6433043964,300.1769253739489,17.8
359500,718.9999999968217,-1859872.9593049046,-1480765.7337374391,300.5594104244112,17.8
360000,719.999999996798,-1859791.7708823457,-1482379.9938996758,299.2152444663811,17.8
360500,720.9999999967744,-1859248.2029259056,-1480550.8574415417,300.2344540326217,17.8
361000,721.9999999967507,-1859511.5254801437,-1480271.4286872535,300.6647518541775,17.8
361500,722.9999999967271,-1859159.1136029214,-1480031.8893736945,300.5752655323672,17.8
362000,723.9999999967034,-1859108.7425797805,-1480530.5347709835,300.1400006771783,17.8
362500,724.9999999966798,-1861318.597598523,-1483932.482677533,299.19489936713563,17.8
363000,725.9999999966561,-1858769.8406521697,-1480697.5492307926,299.73890589218877,17.8
363500,726.9999999966325,-1859479.3600269426,-1480845.9304660964,300.18378094861373,17.8
364000,727.9999999966088,-1860331.1295031793,-1481797.256011481,300.1048520561284,17.8
364500,728.9999999965852,-1859785.069456324,-1481320.945803353,300.0495537948681,17.8
365000,729.9999999965615,-1857920.9674081467,-1479648.1393307524,299.89789304684075,17.8
365500,730.9999999965379,-1860095.7170833796,-1482907.349052077,299.0381239627928,17.8
366000,731.9999999965142,-1860194.255994292,-1481917.788643027,299.90077829390333,17.8
366500,732.9999999964906,-1860839.852941202,-1481869.6993419486,300.450738610283,17.8
367000,733.999999996467,-1857761.049110543,-1480098.2958583427,299.4142205726468,17.8
367500,734.9999999964433,-1861633.528768316,-1482001.1531981209,300.97575378206824,17.8
368000,735.9999999964197,-1861304.7656560503,-1483927.204808059,299.18811762581356,17.8
368500,736.999999996396,-1860484.2965262085,-1481679.3476697505,300.3197628948518,17.8
369000,737.9999999963724,-1860759.2901289165,-1481913.4645210833,300.3521703285929,17.8
369500,738.9999999963487,-1858928.3680289946,-1478572.814390927,301.54909546234427,17.8
370000,739.9999999963251,-1859836.6434225198,-1482542.5352715438,299.1219556227661,17.8
370500,740.9999999963014,-1861888.4341487829,-1484199.048942197,299.4353346110209,17.8
371000,741.9999999962778,-1861141.4571543448,-1481748.1206543404,300.78624158826244,17.8
371500,742.9999999962541,-1862082.8387133647,-1483699.9162761825,299.98517678515344,17.8
372000,743.9999999962305,-1858576.6688564196,-1479798.1954522443,300.29877293266645,17.8
372500,744.9999999962068,-1861247.9886634257,-1482699.6678848863,300.1163059871598,17.8
373000,745.9999999961832,-1860209.6420577765,-1483093.5250849933,298.9808427133556,17.8
373500,746.9999999961595,-1862312.3146649227,-1483901.5470327046,300.0072526909626,17.8
374000,747.9999999961359,-1859654.8463780265,-1480736.3555346308,300.409779941088,17.8
374500,748.9999999961123,-1857881.9242191445,-1479410.1301829251,300.0556349394925,17.8
375000,749.9999999960886,-1859855.930592429,-1480669.9845375,300.62182069175697,17.8
375500,750.999999996065,-1859993.2128495704,-1481881.7576024379,299.7699553040309,17.8
376000,751.9999999960413,-1862467.379006235,-1483784.394445767,300.2230685708626,17.8
376500,752.9999999960177,-1859892.0465173833,-1481660.350284268,299.86528337329094,17.8
377000,753.999999995994,-1858473.5696445443,-1482567.499797028,298.0215071322107,17.8
377500,754.9999999959704,-1857786.8714529444,-1479547.294782309,299.871531050716,17.8
378000,755.9999999959467,-1860202.9970558695,-1482249.8159479988,299.6444742296179,17.8
378500,756.9999999959231,-1860870.6796677634,-1483279.823635789,299.3572198491972,17.8
379000,757.9999999958994,-1860042.8923880216,-1482444.9358687648,299.3628491754864,17.8
379500,758.9999999958758,-1858956.7491474692,-1481515.2846751572,299.23878095891405,17.8
380000,759.9999999958521,-1859168.0537089482,-1479010.4650654034,301.39214714264557,17.8
380500,760.9999999958285,-1859402.9742234442,-1480731.7766186192,300.2137237728746,17.8
381000,761.9999999958048,-1857761.169731455,-1478588.1388042923,300.61158146938084,17.8
381500,762.9999999957812,-1860252.4284637813,-1480154.9077768687,301.34452475928487,17.8
382000,763.9999999957575,-1858243.3381635807,-1481052.145491085,299.0403633621878,17.8
382500,764.9999999957339,-1860374.4373514485,-1480789.4568860226,300.9381785427013,17.8
383000,765.9999999957103,-1859729.0993883442,-1479862.7787404791,301.161227415579,17.8
383500,766.9999999956866,-1857838.8417352382,-1478001.3899573998,301.1383399315912,17.8
384000,767.999999995663,-1859674.4328542221,-1481201.994788675,300.0561455313831,17.8
384500,768.9999999956393,-1858546.424477296,-1477921.21480606,301.76288104299397,17.8
385000,769.9999999956157,-1859211.326072,-1480978.0355396173,299.86654734721577,17.8
385500,770.999999995592,-1859695.8954370022,-1482318.3804737902,299.1880812479728,17.8
386000,771.9999999955684,-1860365.3215190098,-1480639.750111627,301.0496402289363,17.8
386500,772.9999999955447,-1860130.976408802,-1481252.665104905,300.3779252628111,17.8
387000,773.9999999955211,-1860252.962717075,-1480458.5742570967,301.1041989694727,17.8
387500,774.9999999954974,-1862164.5657139104,-1483286.5699782567,300.3776750776425,17.8
388000,775.9999999954738,-1861982.6820033696,-1483133.96003806,300.3544665852632,17.8
388500,776.9999999954501,-1859733.6836162955,-1480862.9617923864,300.37190825897494,17.8
389000,777.9999999954265,-1859772.7129927129,-1482067.2127383957,299.4481107569722,17.8
389500,778.9999999954028,-1861134.7739971373,-1483399.904659395,299.4713948143672,17.8
390000,779.9999999953792,-1859773.415472379,-1482424.1957063933,299.16564857662644,17.8
390500,780.9999999953556,-1859427.0382190682,-1483041.322161953,298.4017746983421,17.8
391000,781.9999999953319,-1862189.9836724661,-1484864.523244701,299.14681197261035,17.8
391500,782.9999999953083,-1860803.5051591191,-1481630.014496147,300.61194595181365,17.8
392000,783.9999999952846,-1858711.0196966752,-1480133.2094089827,300.1396855190891,17.8
392500,784.999999995261,-1858183.7236455195,-1479181.803155677,300.4759236694498,17.8
393000,785.9999999952373,-1857759.3661525585,-1481207.5033397684,298.5334972495407,17.8
393500,786.9999999952137,-1858164.97657305,-1477050.9069402218,302.1504533495264,17.8
394000,787.99999999519,-1861201.0981907733,-1481792.2183220575,300.7985645022584,17.8
394500,788.9999999951664,-1861087.5334021877,-1483148.988255827,299.63287071571534,17.8
395000,789.9999999951427,-1860093.0402090289,-1482629.4036648488,299.2563591647598,17.8
395500,790.9999999951191,-1858746.4069420174,-1481790.9078953026,298.8535034649662,17.8
396000,791.9999999950954,-1861937.1442204118,-1484062.6431713458,299.58209601445435,17.8
396500,792.9999999950718,-1860296.6433975156,-1482100.4812933542,299.83711161572995,17.8
397000,793.9999999950481,-1859535.9625970367,-1481632.9985153435,299.60466174712406,17.8
397500,794.9999999950245,-1858243.1118327193,-1479305.5001329489,300.42493911751933,17.8
398000,795.9999999950008,-1857596.3913977556,-1478303.6075327238,300.70652260997406,17.8
398500,796.9999999949772,-1858532.548161434,-1479752.5988403854,300.29994305202933,17.8
399000,797.9999999949536,-1860937.4231373072,-1482313.1788478452,300.17649878788035,17.8
399500,798.9999999949299,-1860179.0537440386,-1481164.3504197127,300.48605800859394,17.8
400000,799.9999999949063,-1859533.3690737728,-1478985.6644179814,301.701434412131,17.8
400500,800.9999999948826,-1860152.6972742472,-1482222.6677097415,299.62611949049676,17.8
401000,801.999999994859,-1858598.4479193669,-1480527.8948437837,299.73752771696087,17.8
401500,802.9999999948353,-1857690.916784158,-1478996.7162234,300.2319607106244,17.8
402000,803.9999999948117,-1860063.5692736562,-1479555.4576104064,301.6700447532359,17.8
402500,804.999999994788,-1862679.6309879087,-1485097.928118842,299.34996314433505,17.8
403000,805.9999999947644,-1859820.1464347243,-1479995.8413121738,301.12791715224046,17.8
403500,806.9999999947407,-1858106.8005001768,-1480470.1535848721,299.39352324825785,17.8
404000,807.9999999947171,-1858118.6387850977,-1480628.4747046179,299.27739041959353,17.8
404500,808.9999999946934,-1856860.9467916451,-1476842.3125913022,301.2819828864458,17.8
405000,809.9999999946698,-1858231.7593368161,-1478069.9458460165,301.39549663723295,17.8
405500,810.9999999946461,-1859464.8439614326,-1480901.969864414,300.12784398096943,17.8
406000,811.9999999946225,-1858358.0905289724,-1479950.6059573134,300.0046498528222,17.8
406500,812.9999999945989,-1859004.834468469,-1480448.5349507434,300.12263159897634,17.8
407000,813.9999999945752,-1859922.930153748,-1480827.0962332368,300.5503790304903,17.8
407500,814.9999999945516,-1859429.8552151415,-1482747.568393972,298.63689850496405,17.8
408000,815.9999999945279,-1862164.7808573302,-1483093.7299621368,300.53073083869737,17.8
408500,816.9999999945043,-1859816.342456488,-1480600.27222159,300.6457033960697,17.8
409000,817.9999999944806,-1858663.363823684,-1478925.1616380797,301.05965401659165,17.8
409500,818.999999994457,-1861075.1882125027,-1483598.3133692439,299.26685460008184,17.8
410000,819.9999999944333,-1860271.8677607942,-1482420.830620402,299.5634936294783,17.8
410500,820.9999999944097,-1858075.185913764,-1479201.4964775972,300.3742610070376,17.8
411000,821.999999994386,-1857037.4946138076,-1478610.9044653212,300.01979691549934,17.8
411500,822.9999999943624,-1859498.9356592372,-1480331.522835848,300.60712738925787,17.8
412000,823.9999999943387,-1858974.5336155947,-1479168.116623827,301.11373529107,17.8
412500,824.9999999943151,-1861341.5511177778,-1481438.4576812417,301.1903811930257,17.8
413000,825.9999999942914,-1860469.700490158,-1481097.8189703617,300.76923189874157,17.8
413500,826.9999999942678,-1859942.5555576012,-1480713.0528494702,300.65635277430135,17.8
414000,827.9999999942441,-1859666.707599748,-1480019.009813222,300.98790136458894,17.8
414500,828.9999999942205,-1860019.8757016696,-1482030.4012933183,299.6732478647774,17.8
415000,829.9999999941969,-1858313.793856278,-1480542.0986012102,299.50059071266,17.8
415500,830.9999999941732,-1858939.3185112327,-1481391.2274466208,299.32331542187325,17.8
416000,831.9999999941496,-1861658.091471484,-1483922.3256660965,299.472105541488,17.8
416500,832.9999999941259,-1860287.579668602,-1482713.3939003428,299.3440035233243,17.8
417000,833.9999999941023,-1861829.0737125296,-1484807.5345758526,298.90586060607257,17.8
417500,834.9999999940786,-1858421.89505554,-1478515.2795586528,301.1931735122198,17.8
418000,835.999999994055,-1859975.1885594372,-1481857.9610028074,299.7745316397542,17.8
418500,836.9999999940313,-1858764.9957558252,-1480328.5335949585,300.0276235302948,17.8
419000,837.9999999940077,-1861861.3079095632,-1482285.8041666166,300.93066531707785,17.8
419500,838.999999993984,-1861861.567127891,-1483074.2060323025,300.3058191694855,17.8
420000,839.9999999939604,-1860364.704185428,-1481313.7270938046,300.51481615768097,17.8
420500,840.9999999939367,-1859828.538846355,-1481541.4914902844,299.9091662110733,17.8
421000,841.9999999939131,-1860166.5681051575,-1480357.3564056181,301.11595095899605,17.8
421500,842.9999999938894,-1861054.0260237865,-1482565.666157049,300.06876846984494,17.8
422000,843.9999999938658,-1862329.2473806832,-1483981.622009822,299.9571929728502,17.8
422500,844.9999999938422,-1861014.253004972,-1482284.9584244762,300.2597835458817,17.8
423000,845.9999999938185,-1860977.8501488362,-1482324.8200705051,300.19932040442467,17.8
423500,846.9999999937949,-1860680.033929566,-1482111.3803001447,300.13242604307317,17.8
424000,847.9999999937712,-1859262.606720522,-1479128.4856213978,301.3735418752187,17.8
424500,848.9999999937476,-1861467.5538985077,-1482206.7561791588,300.68116372351705,17.8
425000,849.9999999937239,-1860083.9588954225,-1480684.1429454158,300.79137855095075,17.8
425500,850.9999999937003,-1860163.209026534,-1482491.538524109,299.42129024394126,17.8
426000,851.9999999936766,-1861434.334417658,-1483319.7678496458,299.772421985503,17.8
426500,852.999999993653,-1862158.4197325055,-1483245.0177306114,300.40574546456423,17.8
427000,853.9999999936293,-1859228.2847260348,-1482527.7582198237,298.6513590813201,17.8
427500,854.9999999936057,-1862236.1014656685,-1484322.4874060645,299.613105139563,17.8
428000,855.999999993582,-1860442.9882900175,-1483263.468607235,299.0311089173515,17.8
428500,856.9999999935584,-1860423.2657305524,-1480980.5340696638,300.8254024890102,17.8
429000,857.9999999935347,-1858598.3168402482,-1480992.3605761435,299.3691914407688,17.8
429500,858.9999999935111,-1860720.329365803,-1484321.635602376,298.4120635335176,17.8
430000,859.9999999934874,-1856002.9839873742,-1475829.9224185902,301.40441420846184,17.8
430500,860.9999999934638,-1857408.1629526056,-1480231.8838702634,299.02853974195193,17.8
431000,861.9999999934402,-1860849.8882780652,-1483983.2424171045,298.7830599088336,17.8
431500,862.9999999934165,-1860963.8407260068,-1481521.6829974265,300.8249474706286,17.8
432000,863.9999999933929,-1860278.233581487,-1480970.6824388702,300.71823023237016,17.8
432500,864.9999999933692,-1861292.9616283067,-1481995.7617879247,300.7100236325296,17.8
433000,865.9999999933456,-1860977.996408537,-1481993.2722822283,300.46229024719713,17.8
433500,866.9999999933219,-1860125.419121163,-1482157.8293222287,299.6558975615911,17.8
434000,867.9999999932983,-1859789.7227709908,-1482368.3609455605,299.22284341067643,17.8
434500,868.9999999932746,-1859623.0046362597,-1481896.7617742768,299.4645556715248,17.8
435000,869.999999993251,-1858772.6679074652,-1481108.524812957,299.4153224513672,17.8
435500,870.9999999932273,-1857917.2593432646,-1479581.6785458976,299.94764393325374,17.8
436000,871.9999999932037,-1861895.9576151222,-1481338.7283338346,301.7089856156709,17.8
436500,872.99999999318,-1860584.6162491217,-1481278.315045777,300.717239269958,17.8
437000,873.9999999931564,-1859434.3334866762,-1479915.4900361763,300.8857445586651,17.8
437500,874.9999999931327,-1858618.2353211828,-1480298.075673434,299.9354179155872,17.8
438000,875.9999999931091,-1861244.2289238758,-1483052.080945754,299.8339291827019,17.8
438500,876.9999999930855,-1859549.3003120907,-1481785.4002412546,299.49441062476177,17.8
439000,877.9999999930618,-1860656.077010978,-1481837.7940452658,300.3303342892903,17.8
439500,878.9999999930382,-1858868.3768315222,-1479750.3251411815,300.56799346606573,17.8
440000,879.9999999930145,-1859678.788429523,-1482539.4634527722,298.9992422149192,17.8
440500,880.9999999929909,-1862955.0162084624,-1482279.8670758836,301.80247346974267,17.8
441000,881.9999999929672,-1860131.713957727,-1483016.023426239,298.9805046270952,17.8
441500,882.9999999929436,-1860311.6318410188,-1483013.6154196481,299.1250541325448,17.8
442000,883.9999999929199,-1859359.1947815493,-1480602.698232188,300.28134949655015,17.8
442500,884.9999999928963,-1860739.239214927,-1481145.62901513,300.9450202689988,17.8
443000,885.9999999928726,-1863470.3214781266,-1484858.1766776585,300.16690621081193,17.8
443500,886.999999992849,-1861120.8790242653,-1483528.758903319,299.3582220296108,17.8
444000,887.9999999928253,-1860836.2241536286,-1480949.9598933894,301.1770388799158,17.8
444500,888.9999999928017,-1860576.5263540652,-1480528.4405539029,301.305332363535,17.8
445000,889.999999992778,-1861938.6105663292,-1483631.5570787878,299.92502724107817,17.8
445500,890.9999999927544,-1861294.0726511404,-1483321.4192225828,299.65991204992446,17.8
446000,891.9999999927307,-1860159.419851333,-1480401.640567862,301.0751749051312,17.8
446500,892.9999999927071,-1860905.652081091,-1483200.5603676557,299.4477868623105,17.8
447000,893.9999999926835,-1861123.2638781387,-1484040.8130068975,298.95415194370435,17.8
447500,894.9999999926598,-1861072.1341327224,-1483884.4290186672,299.03759839639986,17.8
448000,895.9999999926362,-1860484.7824081592,-1482541.4041669043,299.6367024341684,17.8
448500,896.9999999926125,-1859944.008294208,-1481666.785408361,299.9013772881014,17.8
449000,897.9999999925889,-1859396.7084750347,-1479914.1541073706,300.85697426729,17.8
449500,898.9999999925652,-1860544.5837000217,-1481959.256351426,300.1456451084634,17.8
450000,899.9999999925416,-1860633.0941979922,-1483607.273596317,298.909254987685,17.8
450500,900.9999999925179,-1859334.600584427,-1481348.5208954192,299.6705565026095,17.8
451000,901.9999999924943,-1859469.3868314773,-1481197.2259761202,299.89736406757424,17.8
451500,902.9999999924706,-1859771.2262929324,-1480389.6409168465,300.7769251979683,17.8
452000,903.999999992447,-1859610.308101831,-1481608.2179355808,299.6832497441942,17.8
452500,904.9999999924233,-1860185.569478564,-1483202.6136116697,298.87527146390875,17.8
453000,905.9999999923997,-1860463.4369141962,-1481961.574798292,300.079473167026,17.8
453500,906.999999992376,-1859234.5271847155,-1481227.4002428818,299.687242942418,17.8
454000,907.9999999923524,-1858993.8900828045,-1480204.409170289,300.30749977824945,17.8
454500,908.9999999923288,-1859907.7217591107,-1482695.0907585635,299.0573598497383,17.8
455000,909.9999999923051,-1859527.4487460442,-1480278.1528830682,300.67204495463824,17.8
455500,910.9999999922815,-1860533.3160073198,-1482670.295060095,299.57299449275223,17.8
456000,911.9999999922578,-1860641.3385098167,-1482674.929457732,299.65496145551583,17.8
456500,912.9999999922342,-1858397.4049942177,-1478995.5998344356,300.79295561326165,17.8
457000,913.9999999922105,-1861225.0946586523,-1483049.9651975385,299.8204367586769,17.8
457500,914.9999999921869,-1862361.1665350683,-1484684.0726530517,299.4255899450881,17.8
458000,915.9999999921632,-1860962.1670236532,-1482166.441502626,300.3124505566204,17.8
458500,916.9999999921396,-1861227.8013118524,-1483968.0165356356,299.094743761357,17.8
459000,917.9999999921159,-1862004.4655815177,-1481529.7306890101,301.64358336748637,17.8
459500,918.9999999920923,-1860675.470659664,-1482621.4047253763,299.724456572089,17.8
460000,919.9999999920686,-1859682.0582957454,-1480427.0173203421,300.6765997282947,17.8
460500,920.999999992045,-1860489.1768391617,-1480108.9129877863,301.56868592816056,17.8
461000,921.9999999920213,-1861425.6841521524,-1483719.8483695167,299.4483767666571,17.8
461500,922.9999999919977,-1858995.188919291,-1479250.8221199778,301.06454137440716,17.8
462000,923.999999991974,-1859618.6832366157,-1480320.642819278,300.7106900490398,17.8
462500,924.9999999919504,-1859754.4535077773,-1480910.852787588,300.35040641887707,17.8
463000,925.9999999919268,-1862315.1037963033,-1483204.6802256932,300.56194582831506,17.8
463500,926.9999999919031,-1860669.4369719736,-1482960.660966026,299.4507078005324,17.8
464000,927.9999999918795,-1861048.992608007,-1482062.738861478,300.46350294302744,17.8
464500,928.9999999918558,-1860350.3964861687,-1480275.7327875686,301.3264035458974,17.8
465000,929.9999999918322,-1861330.0908851195,-1483492.2646916104,299.5530198792078,17.8
465500,930.9999999918085,-1861223.7412662655,-1484342.0574033605,298.7949821637881,17.8
466000,931.9999999917849,-1862295.080258647,-1483619.702148349,300.21703811292264,17.8
466500,932.9999999917612,-1858267.4237779006,-1479459.2727638355,300.3223015924484,17.8
467000,933.9999999917376,-1860829.623228386,-1482458.3203210214,299.975964723774,17.8
467500,934.9999999917139,-1859002.8006324489,-1480519.533143355,300.06473118983786,17.9
468000,935.9999999916903,-1857603.426664304,-1479233.5353505113,299.97484560046746,17.9
468500,936.9999999916666,-1858426.5124330427,-1479714.6625737413,300.24595322357834,17.9
469000,937.999999991643,-1859624.1311420389,-1482241.4369886871,299.1921873536598,17.9
469500,938.9999999916193,-1861116.1045673601,-1481983.4329553226,300.57958426346903,17.9
470000,939.9999999915957,-1862076.332981335,-1486124.0252922343,298.05816488355043,17.9
470500,940.999999991572,-1861405.660561474,-1483963.8205687497,299.2390786746688,17.9
471000,941.9999999915484,-1859649.6346851457,-1482314.4777784522,299.1544994230026,17.9
471500,942.9999999915248,-1860554.8595743943,-1482759.2459689449,299.51955338286024,17.9
472000,943.9999999915011,-1860969.9901280813,-1483494.1045059385,299.26607033722604,17.9
472500,944.9999999914775,-1859639.359202385,-1480880.8458766306,300.2829484139085,17.9
473000,945.9999999914538,-1862831.2004030533,-1482724.5981180724,301.3517247269381,17.9
473500,946.9999999914302,-1859892.7820746135,-1481671.2912340378,299.85719245188926,17.9
474000,947.9999999914065,-1858676.1989195663,-1478937.2783307957,301.06022357268967,17.9
474500,948.9999999913829,-1859071.3671873882,-1481693.7553166775,299.1881580770564,17.8
475000,949.9999999913592,-1860226.490614375,-1482594.0959707848,299.3901520113276,17.9
475500,950.9999999913356,-1858813.318591224,-1482539.5703433082,298.31300567351263,17.9
476000,951.9999999913119,-1859318.2867165655,-1479461.4771451724,301.1536869538201,17.9
476500,952.9999999912883,-1860508.8566294145,-1483593.2925468367,298.8218426881021,17.9
477000,953.9999999912646,-1860004.8991469797,-1482939.4502089848,298.9406726674258,17.9
477500,954.999999991241,-1859436.066709144,-1481591.316190043,299.5585095430207,17.9
478000,955.9999999912174,-1861100.1324019898,-1482576.7592423367,300.09652730419555,17.9
478500,956.9999999911937,-1857875.0719781574,-1478011.4080393964,301.1591211541624,17.9
479000,957.9999999911701,-1860215.020974107,-1480254.6841217729,301.2357642565566,17.8
479500,958.9999999911464,-1861690.9902598597,-1482889.7698967538,300.31680691383076,17.8
480000,959.9999999911228,-1863786.511492772,-1486584.368721939,299.04904469263596,17.8
480500,960.9999999910991,-1862513.4631343689,-1483946.1484242682,300.1313645365272,17.8
481000,961.9999999910755,-1860440.8932972737,-1483365.5880510507,298.94848683183693,17.8
481500,962.9999999910518,-1859475.3022508156,-1481448.28377089,299.70301312182414,17.8
482000,963.9999999910282,-1861889.230242366,-1483424.0000586929,300.0504310617546,17.8
482500,964.9999999910045,-1859959.6372901872,-1481904.5315075484,299.7252809726445,17.8
483000,965.9999999909809,-1861126.822549777,-1484014.173051649,298.9780936701622,17.8
483500,966.9999999909572,-1861034.5184428245,-1481898.0927399523,300.58256053839034,17.8
484000,967.9999999909336,-1861035.5145498887,-1481729.449247602,300.7170522456066,17.8
484500,968.9999999909099,-1860449.6754032783,-1481676.3931319807,300.294657358676,17.8
485000,969.9999999908863,-1859351.62732107,-1481661.4216487417,299.4359850831912,17.8
485500,970.9999999908626,-1858617.105812408,-1480404.8937742265,299.84983613898106,17.8
486000,971.999999990839,-1861638.4430681746,-1483256.298727299,299.9845599038298,17.8
486500,972.9999999908154,-1860571.5333533622,-1483461.9141892565,298.9756911957547,17.9
487000,973.9999999907917,-1861164.8950999938,-1484562.653582286,298.5734379123053,17.9
487500,974.9999999907681,-1861727.7874238621,-1483648.1019644225,299.7447679480157,17.9
488000,975.9999999907444,-1862085.6328895595,-1485157.0534358863,298.83216138423626,17.9
488500,976.9999999907208,-1860377.8393705897,-1480754.8593085585,300.9683049438401,17.9
489000,977.9999999906971,-1860122.5290389396,-1481978.0691132674,299.7961216919395,17.9
489500,978.9999999906735,-1858516.1476215385,-1481237.974401647,299.1093222748135,17.9
490000,979.9999999906498,-1862188.0813815407,-1483434.442237759,300.27908412127266,17.8
490500,980.9999999906262,-1860635.004165832,-1482488.2637392469,299.79792969232466,17.8
491000,981.9999999906025,-1861680.4953559916,-1481598.5559096131,301.332171820188,17.9
491500,982.9999999905789,-1858349.5481501594,-1478920.4073291852,300.81462755633584,17.9
492000,983.9999999905552,-1859909.9688283727,-1483726.632670266,298.24132620507805,17.9
492500,984.9999999905316,-1859216.8583747186,-1480382.7921200658,300.3428474140702,17.9
493000,985.999999990508,-1862614.4699557927,-1482504.803022962,301.35415440563753,17.9
493500,986.9999999904843,-1859713.5957609545,-1480421.769567817,300.7057633596076,17.9
494000,987.9999999904607,-1862686.3280094191,-1484449.1424409961,299.86963536468664,17.9
494500,988.999999990437,-1861288.7171669398,-1482208.6393075385,300.5378874921644,17.9
495000,989.9999999904134,-1862174.2541889492,-1484784.4756913423,299.1978038816207,17.9
495500,990.9999999903897,-1860600.0557812154,-1482606.7742204636,299.67626620735626,17.9
496000,991.9999999903661,-1860996.1815950945,-1480668.011809459,301.52738531284814,17.9
496500,992.9999999903424,-1863630.178840017,-1486635.8173058555,298.8843139732523,17.9
497000,993.9999999903188,-1861131.587756956,-1483654.4502449313,299.26706284609804,17.9
497500,994.9999999902951,-1859495.8934207987,-1481051.7974211352,300.03367570216943,17.9
498000,995.9999999902715,-1861429.2999829147,-1482004.4937064312,300.81119109285333,17.9
498500,996.9999999902478,-1861093.3683582805,-1482105.2221523859,300.4650033007963,17.9
499000,997.9999999902242,-1861079.1881316788,-1483874.379575884,299.0511581494692,17.9
499500,998.9999999902005,-1861378.279040128,-1482598.666035205,300.29967641776454,17.9
500000,999.9999999901769,-1859418.5124006514,-1481805.183302031,299.375036686245,17.9
