#"Step","Time (ps)","Potential Energy (kJ/mole)","Total Energy (kJ/mole)","Temperature (K)","Speed (ns/day)"
500,1.0000000000000007,-125210.609375,-71152.41033819714,297.96288823243555,0
1000,2.0000000000000013,-126433.015625,-71974.63497032505,300.16864559770625,73.8
1500,2.999999999999891,-125530.71875,-71183.34481828148,299.5567886662018,77
2000,3.999999999999781,-125257.65625,-70682.19423133298,300.81398528705694,78.2
2500,4.999999999999671,-125676.265625,-71212.36014435068,300.19909783499196,77.1
3000,5.999999999999561,-125206.5390625,-70386.98830359336,302.1593757610774,77.8
3500,6.999999999999451,-125622.40625,-71356.46051230154,299.1079653552874,78.3
4000,7.999999999999341,-126177.625,-71640.27883742913,300.6038948517073,77.7
4500,8.999999999999675,-125911.359375,-72063.77255071269,296.8020167225387,78.1
5000,10.000000000000009,-125230.0625,-70387.88445176161,302.2840949082611,78.4
5500,11.000000000000343,-126053.8203125,-71531.09831482288,300.52328805223243,77
6000,12.000000000000677,-125156.7578125,-71136.1620498005,297.75562309304,77.3
6500,13.00000000000101,-125568.0,-71724.66887176642,296.77855979074667,77.1
7000,14.000000000001345,-125730.5703125,-71537.77815538389,298.70475080979315,77.4
7500,15.000000000001679,-125796.0078125,-70785.63018170116,303.2111926346409,77.6
8000,16.00000000000201,-125982.171875,-72049.49328562524,297.2710332369992,77.4
8500,17.000000000001457,-125047.875,-70662.8205282758,299.764479686811,77.6
9000,18.000000000000902,-125326.25,-70742.01572272682,300.86233701828706,77.8
9500,19.000000000000348,-125270.4375,-71260.42603273585,297.6972836127389,77.7
10000,19.999999999999794,-126685.1953125,-71770.25030917523,302.6851784162533,77.8
10500,20.99999999999924,-125748.515625,-71598.80609369883,298.4672840822812,77.6
11000,21.999999999998685,-126230.2265625,-72142.98980000941,298.12294100459184,77.7
11500,22.99999999999813,-125423.984375,-70650.63951431867,301.90469389719925,77.9
12000,23.999999999997577,-126871.65625,-72527.54444159404,299.53880819882954,77.7
12500,24.999999999997023,-125798.6328125,-71045.18665037048,301.7950144443464,77.8
13000,25.99999999999647,-125774.7578125,-70992.01366462326,301.95650174152206,77.9
13500,26.999999999995914,-126168.359375,-71641.0718998675,300.5484524652726,77.7
14000,27.99999999999536,-126186.9140625,-72703.90034711594,294.79252956913325,77.8
14500,28.999999999994806,-126226.8125,-72559.79792607971,295.8067222026943,77.9
15000,29.99999999999425,-126123.234375,-71808.82333958219,299.37510078237904,77.8
15500,30.999999999993697,-125790.4921875,-71313.505932817,300.2711976326329,77.8
16000,31.999999999993143,-126368.7421875,-72140.78596217127,298.898571312757,77.7
16500,32.999999999994365,-126570.0546875,-72083.94952788064,300.32146004057046,77.8
17000,33.99999999999559,-126004.078125,-71950.30507326662,297.9384926861896,77.8
17500,34.99999999999681,-126282.078125,-71872.9516647947,299.8971618578993,77.7
18000,35.99999999999803,-125972.3046875,-70981.13277761854,303.10533279881406,77.6
18500,36.999999999999254,-125873.28125,-72477.80272575511,294.3100451571748,77.6
19000,38.000000000000476,-126394.9921875,-71316.4875940701,303.5867010110526,77.3
19500,39.0000000000017,-126340.390625,-71923.59143887018,299.9394530850919,77.1
20000,40.00000000000292,-126343.2890625,-72049.2729177156,299.26268637297227,76.8
20500,41.00000000000414,-126741.21875,-72001.11792776315,301.7214563885897,76.6
21000,42.000000000005365,-127301.8828125,-73410.16560443986,297.04525857746637,76.3
21500,43.00000000000659,-126696.578125,-72742.48402569117,297.38907318850744,76.1
22000,44.00000000000781,-126319.5,-71780.93584261951,300.61060830605453,75.9
22500,45.00000000000903,-127133.4296875,-72781.1967113259,299.58357118848016,75.7
23000,46.00000000001025,-126334.65625,-71743.68845499342,300.89945143252135,75.5
23500,47.000000000011475,-126602.7890625,-72118.01421132323,300.3141275257465,75.4
24000,48.0000000000127,-125915.625,-70977.10314329271,302.8151314567626,75.2
24500,49.00000000001392,-126363.3828125,-72206.44707381236,298.5071141480659,75
25000,50.00000000001514,-127116.234375,-72405.3768411621,301.56027057722304,74.8
25500,51.000000000016364,-126028.6875,-71556.53225454921,300.2445696374434,74.6
26000,52.000000000017586,-127175.109375,-72288.47451160406,302.52913601732473,74.5
26500,53.00000000001881,-126754.4375,-72012.78984275658,301.7299823741827,74.3
27000,54.00000000002003,-126172.96875,-71331.66967476718,302.27925010506596,74.2
27500,55.00000000002125,-127669.4375,-72899.47039413871,301.88607608158844,74
28000,56.000000000022474,-126259.9140625,-71946.72963391244,299.3683398595148,73.9
28500,57.0000000000237,-126681.125,-71571.65817395033,303.75736145520153,73.8
29000,58.00000000002492,-125847.46875,-71665.69942321209,298.6439941730644,73.8
29500,59.00000000002614,-127024.359375,-72419.20547155617,300.97764371265754,73.7
30000,60.00000000002736,-126788.0625,-72618.32586264657,298.5776713032504,73.7
30500,61.000000000028585,-127408.890625,-72989.7595184478,299.9523063757408,73.6
31000,62.00000000002981,-125739.765625,-71357.50654431852,299.74907179672834,73.6
31500,63.00000000003103,-126372.578125,-72572.28403921245,296.54134431378503,73.5
32000,64.00000000003224,-126646.09375,-72225.71827319323,299.9591652086596,73.5
32500,65.00000000002991,-126653.390625,-72160.3912240914,300.35946034548834,73.4
33000,66.00000000002758,-126177.640625,-72009.83178190095,298.5670455118961,73.4
33500,67.00000000002525,-126961.25,-72157.97919389082,302.06964243954155,73.4
34000,68.00000000002292,-126946.578125,-72757.19445351465,298.68596360931036,73.3
34500,69.00000000002059,-126930.7578125,-72249.518135275,301.39702018677576,73.3
35000,70.00000000001826,-126545.875,-71610.29889267555,302.7988948079329,73.2
35500,71.00000000001593,-127036.921875,-72737.13286352577,299.2945057835877,73.1
36000,72.0000000000136,-126475.109375,-72133.52942964132,299.5248528462722,73.1
36500,73.00000000001127,-127301.6796875,-73064.10999309132,298.951559704232,73
37000,74.00000000000894,-127304.984375,-73102.8301823478,298.7563533270388,73
37500,75.00000000000661,-127105.8984375,-72253.99400861852,302.33770565593863,73
38000,76.00000000000428,-127061.2421875,-71986.59028277895,303.56546541172435,72.9
38500,77.00000000000195,-126955.9765625,-72136.85630665487,302.15700287522685,72.9
39000,77.99999999999962,-127130.8046875,-72551.18627928011,300.8368948522637,72.8
39500,78.99999999999729,-126331.140625,-71418.38341893093,302.67311951675623,72.8
40000,79.99999999999496,-126648.484375,-71388.89564186358,304.58481700902183,72.8
40500,80.99999999999262,-126316.90625,-71680.73467062437,301.14860975428616,72.8
41000,81.9999999999903,-126843.078125,-71874.49104566406,302.9808476798221,72.7
41500,82.99999999998796,-127260.40625,-72562.46529133199,301.4890758257835,72.7
42000,83.99999999998563,-127328.234375,-72569.47293893277,301.82431165369576,72.7
42500,84.9999999999833,-126754.359375,-72808.55605501891,297.3433753184672,72.6
43000,85.99999999998097,-127116.515625,-72642.9113315246,300.2525566318733,72.6
43500,86.99999999997864,-127036.0078125,-72364.85548732604,301.34141980412704,72.6
44000,87.99999999997631,-126438.53125,-71157.16581356674,304.704847818892,72.6
44500,88.99999999997398,-127456.5546875,-72638.98513064564,302.1484555917749,72.5
45000,89.99999999997165,-127748.2734375,-73242.41670352337,300.4303285609335,72.5
45500,90.99999999996932,-127104.671875,-72287.1777110917,302.1480400340915,72.5
46000,91.99999999996699,-127271.09375,-72744.90415354213,300.54240107794095,72.4
46500,92.99999999996466,-126596.46875,-71774.75145873055,302.17131745080763,72.4
47000,93.99999999996233,-127252.3828125,-72856.5765326618,299.8237424786992,72.4
47500,94.99999999996,-128179.203125,-74090.47567199869,298.1311575278566,72.4
48000,95.99999999995767,-127372.09375,-73372.65157203609,297.6390268446154,72.4
48500,96.99999999995534,-126816.09375,-71649.85526517499,304.07028063711743,72.3
49000,97.999999999953,-127275.2421875,-72325.63204597263,302.87624887150076,72.3
49500,98.99999999995067,-127338.296875,-72863.38937863731,300.2597397438373,72.3
50000,99.99999999994834,-127189.265625,-72074.43877447885,303.78690532460473,72.3
