#"Step","Time (ps)","Potential Energy (kJ/mole)","Total Energy (kJ/mole)","Temperature (K)","Speed (ns/day)"
500,1.0000000000000007,-2186139.6600706913,-1738762.3683399213,300.165441458453,0
1000,2.0000000000000013,-2190392.4079012815,-1744208.8031531842,299.36454345415115,16.3
1500,2.999999999999891,-2194981.795054689,-1748173.2365085206,299.7838529187945,16.3
2000,3.999999999999781,-2198810.581887519,-1752527.4809452868,299.43129990242875,16.2
2500,4.999999999999671,-2200620.072811736,-1753876.4815735896,299.7402634450922,16.2
3000,5.999999999999561,-2202090.2766707037,-1756932.3213494061,298.6763893643763,16.1
3500,6.999999999999451,-2204043.764062453,-1756306.808447964,300.4067560500265,16.2
4000,7.999999999999341,-2206107.3445413467,-1759183.124819079,299.86145517672117,16.2
4500,8.999999999999675,-2204222.9889895394,-1755500.4967830393,301.06799664422385,16.3
5000,10.000000000000009,-2208623.2495492883,-1760884.9157093237,300.40768076316226,16.3
5500,11.000000000000343,-2207061.580949733,-1759656.867092639,300.1838401899174,16.3
6000,12.000000000000677,-2209231.0422270745,-1762667.4139686464,299.6195182301434,16.3
6500,13.00000000000101,-2210800.1799060833,-1765254.6256992132,298.9364467985536,16.2
7000,14.000000000001345,-2207976.5627397634,-1760527.5239582346,300.21357976489486,16.1
7500,15.000000000001679,-2206286.299490452,-1760249.0004421293,299.2663804142014,16.1
8000,16.00000000000201,-2207103.5144901425,-1759462.6889497177,300.3422580823104,16.1
8500,17.000000000001457,-2211135.5635470916,-1762864.7638091655,300.76493595755267,16.1
9000,18.000000000000902,-2212067.655708872,-1765233.3232190532,299.8011458107604,16.1
9500,19.000000000000348,-2214077.79063694,-1767513.2640099027,299.62012098583773,16.1
10000,19.999999999999794,-2213570.9456338976,-1764184.2804558254,301.5136200071027,16.1
10500,20.99999999999924,-2212410.2086095717,-1764456.831557999,300.5519628752366,16.1
11000,21.999999999998685,-2214567.520987274,-1767840.05115388,299.7294468733445,16.1
11500,22.99999999999813,-2211517.384602774,-1763234.7899422173,300.77284969887086,16.1
12000,23.999999999997577,-2213562.307130318,-1766078.2010967955,300.2371079532271,16.1
12500,24.999999999997023,-2213262.307406476,-1765995.4732697974,300.0913305165127,16.1
13000,25.99999999999647,-2212810.275953172,-1766377.7447354482,299.53155936002577,16.1
13500,26.999999999995914,-2212884.4921312463,-1765457.773652539,300.19860407508276,16.1
14000,27.99999999999536,-2214108.5692146253,-1766585.1363220105,300.2634941025439,16.1
14500,28.999999999994806,-2214560.837295372,-1767872.6018304913,299.70312278009504,16.1
15000,29.99999999999425,-2216415.298573952,-1768439.3987797145,300.567074390997,16.1
15500,30.999999999993697,-2215920.891404543,-1769471.7568518913,299.54269928029106,16.1
16000,31.999999999993143,-2215662.4681364894,-1766997.626829344,301.02931607644547,16.1
16500,32.999999999994365,-2215035.5142424107,-1765528.7222785822,301.5942184423475,16.1
17000,33.99999999999559,-2214419.937765131,-1767743.2883186056,299.69534920200186,16.1
17500,34.99999999999681,-2217847.687911123,-1769431.0790267761,300.8627658376406,16.1
18000,35.99999999999803,-2213303.973940119,-1764416.140524206,301.1789314592716,16.1
18500,36.999999999999254,-2217053.21674959,-1768937.7756625107,300.660698887684,16.1
19000,38.000000000000476,-2217791.581104027,-1771937.0960849535,299.1437223025615,16.1
19500,39.0000000000017,-2217069.927604357,-1770140.384344948,299.86502697597336,16
20000,40.00000000000292,-2219774.7229415327,-1772940.2421082617,299.80124534101964,16
20500,41.00000000000414,-2218815.642630087,-1770484.1770860027,300.80563936119785,16
21000,42.000000000005365,-2218696.230787862,-1772303.8544824799,299.50461763273546,16
21500,43.00000000000659,-2216650.3410316836,-1769346.150543461,300.11639456415156,16
22000,44.00000000000781,-2219648.9442755915,-1771814.228119216,300.4723479715545,16
22500,45.00000000000903,-2217348.066215098,-1769690.377219893,300.3535725286226,16
23000,46.00000000001025,-2216844.4108461067,-1769077.543892181,300.42682490593967,16
23500,47.000000000011475,-2215795.429731339,-1769007.3813996124,299.7700916982631,16
24000,48.0000000000127,-2215573.6094031036,-1768040.244824943,300.2701577147376,16
24500,49.00000000001392,-2216334.247026017,-1768739.286291625,300.31148533187206,16
25000,50.00000000001514,-2218015.2596177794,-1771084.7820472075,299.8656538471354,16
25500,51.000000000016364,-2218795.30726023,-1769989.343724291,301.12400129379654,16
26000,52.000000000017586,-2218447.3516355455,-1769844.3821122702,300.9878035283961,15.9
26500,53.00000000001881,-2219257.6263835337,-1772327.5264723492,299.8654004585552,16
27000,54.00000000002003,-2216674.476827901,-1771184.4566596306,298.8991865273677,16
27500,55.00000000002125,-2218420.2667067535,-1770796.4257279814,300.33086237997895,16
28000,56.000000000022474,-2219534.9283932373,-1771223.2215018834,300.79238239704455,15.9
28500,57.0000000000237,-2219545.019993609,-1771863.8223288753,300.36934554682813,15.9
29000,58.00000000002492,-2220459.285957601,-1773233.7083074604,300.0636496938077,15.9
29500,59.00000000002614,-2217527.2725599427,-1770539.7152047646,299.9039512284763,15.9
30000,60.00000000002736,-2215958.7718604393,-1767709.5664243982,300.7504473742517,15.9
30500,61.000000000028585,-2218260.4219026826,-1771072.1585216587,300.03861388115223,15.9
31000,62.00000000002981,-2218442.8621172924,-1772241.984291615,299.3761327347272,15.9
31500,63.00000000003103,-2222607.157012893,-1774993.8812654647,300.32377369356357,15.9
32000,64.00000000003224,-2220199.9898496103,-1771858.4964241246,300.81236751549466,15.9
32500,65.00000000002991,-2222710.900448844,-1775036.05122542,300.3650860935132,15.9
33000,66.00000000002758,-2217981.705513131,-1769213.340788762,301.0987745688779,15.9
33500,67.00000000002525,-2219318.886980109,-1772115.7123290105,300.04861851940115,15.8
34000,68.00000000002292,-2217142.75762585,-1768123.5865389414,301.2670517790178,15.8
34500,69.00000000002059,-2220125.149507504,-1774303.056266006,299.1219892097217,15.8
35000,70.00000000001826,-2220876.3053436037,-1773611.8867090247,300.0897098480805,15.8
35500,71.00000000001593,-2219481.8227227945,-1772761.4082588796,299.72471311029136,15.8
36000,72.0000000000136,-2219798.667665148,-1772204.131850233,300.31120023438336,15.8
36500,73.00000000001127,-2217805.0779767465,-1772739.9051150915,298.61413746095394,15.8
37000,74.00000000000894,-2216885.6535378844,-1770625.8841254304,299.41564573520736,15.8
37500,75.00000000000661,-2219327.2700438313,-1771950.1566508298,300.16532180366505,15.8
38000,76.00000000000428,-2220096.2196223196,-1772407.7023162264,300.3742566217096,15.8
38500,77.00000000000195,-2218223.4655993655,-1770739.3595681658,300.2371079516685,15.8
39000,77.99999999999962,-2219191.849873703,-1772356.8441313747,299.80159752599144,15.8
39500,78.99999999999729,-2218537.665212974,-1772324.1406630175,299.38461798788245,15.8
40000,79.99999999999496,-2221160.028906537,-1775073.6930333832,299.2992814139735,15.8
40500,80.99999999999262,-2218653.5413430408,-1771826.6746086995,299.7961367013796,15.8
41000,81.9999999999903,-2219492.7106995154,-1772616.2396809126,299.8294184350726,15.8
41500,82.99999999998796,-2220741.039457582,-1771872.9979169588,301.16565220461683,15.8
42000,83.99999999998563,-2221327.4667433705,-1775712.4185339368,298.98307343415576,15.8
42500,84.9999999999833,-2220250.5066818353,-1772177.4657659116,300.6322507157984,15.8
43000,85.99999999998097,-2219864.4873022716,-1773125.6191018992,299.73709454773285,15.8
43500,86.99999999997864,-2221867.2649435587,-1773944.3613449014,300.53151687224045,15.8
44000,87.99999999997631,-2220978.871298559,-1772270.261000912,301.05868265047366,15.8
44500,88.99999999997398,-2221531.0777882785,-1774909.1576219427,299.65862887923987,15.8
45000,89.99999999997165,-2221064.100638164,-1773452.370139631,300.3227369169427,15.8
45500,90.99999999996932,-2220606.649098048,-1773969.7396275843,299.6686858740267,15.8
46000,91.99999999996699,-2222663.432639746,-1775547.0089384383,299.9904134257986,15.8
46500,92.99999999996466,-2219965.3207102064,-1773664.0536701507,299.4434883502412,15.8
47000,93.99999999996233,-2220391.599735068,-1774162.2464830624,299.3952381722908,15.8
47500,94.99999999996,-2218763.9360106774,-1771681.6868138514,299.9674842217152,15.8
48000,95.99999999995767,-2220694.0901158024,-1774864.3033203383,299.1271511593006,15.8
48500,96.99999999995534,-2220712.9125736635,-1772410.245955714,300.78631687314004,15.8
49000,97.999999999953,-2220064.7152699865,-1771350.5986510962,301.06237708775814,15.8
49500,98.99999999995067,-2219775.4152910616,-1773424.6811723353,299.4766780265643,15.8
50000,99.99999999994834,-2219857.5835161097,-1773801.1565602121,299.2792141832094,15.8
50500,100.99999999994601,-2219234.9085985795,-1773415.497167227,299.1201898633062,15.8
51000,101.99999999994368,-2220667.7889174,-1772542.00000873,300.66764170416866,15.8
51500,102.99999999994135,-2219797.9357518293,-1773848.117049755,299.20768593588105,15.8
52000,103.99999999993902,-2218518.3922273014,-1770169.9799742363,300.81700966647816,15.8
52500,104.99999999993669,-2222466.4908050857,-1775802.755897732,299.6866842598528,15.8
53000,105.99999999993436,-2221906.9774981774,-1775722.2821489356,299.3652751872545,15.8
53500,106.99999999993203,-2220429.1951171067,-1773981.9473815633,299.5414333302735,15.8
54000,107.9999999999297,-2220883.1038714964,-1772851.97706575,300.6041286639705,15.8
54500,108.99999999992737,-2220526.6427365895,-1773080.741539158,300.21147461934294,15.8
55000,109.99999999992504,-2217151.7909586765,-1769574.1572088918,300.2998598826596,15.8
55500,110.99999999992271,-2221643.694702532,-1775479.7878661058,299.35132724389234,15.8
56000,111.99999999992038,-2222196.9158651214,-1774473.945345447,300.397372824198,15.8
56500,112.99999999991805,-2218176.4690598045,-1770936.432271125,300.0733509767804,15.8
57000,113.99999999991572,-2222161.7409946285,-1776213.1915013553,299.2068343669099,15.8
57500,114.99999999991338,-2218956.8966159597,-1772176.1166528137,299.76521502458274,15.8
58000,115.99999999991105,-2220427.5319981556,-1771600.1095299223,301.13839905158267,15.8
58500,116.99999999990872,-2218486.0927146524,-1771999.281130095,299.56797848673233,15.8
59000,117.9999999999064,-2221160.702724509,-1772738.7242997922,300.8663685025173,15.8
59500,118.99999999990406,-2221800.573155267,-1773385.06975172,300.86202412111106,15.8
60000,119.99999999990173,-2222232.6281190757,-1774976.085770151,300.08442529563615,15.8
60500,120.9999999998994,-2222153.4400393646,-1774887.7073929235,300.0905914774298,15.8
61000,121.99999999989707,-2223733.9554040823,-1776755.244378903,299.89801582988014,15.8
61500,122.99999999989474,-2222153.5561913587,-1775024.4878617283,299.9988972726829,15.8
62000,123.99999999989241,-2221376.5795992613,-1775001.1488494705,299.4932481013156,15.8
62500,124.99999999989008,-2219589.137464136,-1772872.6937271005,299.7220489719707,15.8
63000,125.99999999988775,-2218599.732783787,-1771155.3413589248,300.2104616453763,15.9
63500,126.99999999988542,-2221027.071293285,-1773549.257086585,300.2328864851046,15.9
64000,127.99999999988309,-2218040.0347604416,-1770403.3696011654,300.3394666964553,15.9
64500,128.99999999988785,-2218113.1187425572,-1770503.6804622696,300.321198965164,15.9
65000,129.99999999989262,-2222051.520182438,-1774697.4737620188,300.1498451397034,15.9
65500,130.9999999998974,-2218024.757091077,-1770206.6659453497,300.4611935080787,15.9
66000,131.99999999990217,-2220972.9486331344,-1772324.18792075,301.0185268859467,15.9
66500,132.99999999990695,-2220464.561540311,-1772762.4761896452,300.3833600298714,15.9
67000,133.99999999991172,-2223142.1814471763,-1776274.336256152,299.8236309814156,15.9
67500,134.9999999999165,-2222563.781765647,-1774956.2635104964,300.3199107343945,15.9
68000,135.99999999992127,-2223022.0697768442,-1775258.91895608,300.4243315859355,15.9
68500,136.99999999992605,-2222162.810548177,-1775423.1880675256,299.7376006281199,15.9
69000,137.99999999993082,-2222106.7606438342,-1775573.5406648694,299.5991159549323,15.9
69500,138.9999999999356,-2221870.4935552273,-1773338.745243139,300.94001803125013,15.9
70000,139.99999999994037,-2224293.2315747216,-1777936.110502859,299.48096331918674,15.9
70500,140.99999999994515,-2222306.3777108304,-1775590.6859264846,299.7215444532676,15.9
71000,141.99999999994992,-2223190.3226657193,-1773818.1244944916,301.5039134449317,15.9
71500,142.9999999999547,-2224145.3839282077,-1776948.128398214,300.04464711622035,15.9
72000,143.99999999995947,-2222264.4672515467,-1775710.4809392355,299.6130490170962,15.9
72500,144.99999999996425,-2219916.1989660133,-1775062.670131887,298.4721360135639,15.9
73000,145.99999999996902,-2222191.9630810115,-1775930.0246216878,299.41710104579926,15.9
73500,146.9999999999738,-2220166.1147525925,-1773798.6781674759,299.487884458563,15.9
74000,147.99999999997857,-2224315.9145724047,-1777400.527208629,299.8555291522338,15.9
74500,148.99999999998334,-2221042.581817137,-1773292.5509984526,300.4155287895286,15.9
75000,149.99999999998812,-2222572.973836221,-1775822.9770850986,299.74456119034164,15.9
75500,150.9999999999929,-2221253.733843399,-1775146.1367499693,299.3135465179206,15.9
76000,151.99999999999767,-2220756.4651599955,-1772985.9203222473,300.42929256275113,15.9
76500,153.00000000000244,-2218296.11592854,-1770369.7692121824,300.5338270139566,15.9
77000,154.00000000000722,-2221069.0422595274,-1775127.2729244805,299.20228525539966,15.9
77500,155.000000000012,-2220058.3531687744,-1771630.661027223,300.8702020907832,15.9
78000,156.00000000001677,-2223704.8166521844,-1777755.5597169432,299.2073090213783,15.9
78500,157.00000000002154,-2220484.277735809,-1774869.0061330148,298.98322331875625,15.9
79000,158.00000000002632,-2220202.341273103,-1773992.5740174742,299.38209705101,15.9
79500,159.0000000000311,-2220025.4430124555,-1771501.2991159991,300.9349158885678,15.9
80000,160.00000000003587,-2221074.847212689,-1772062.463590015,301.26249776557984,15.9
80500,161.00000000004064,-2221511.544256447,-1775304.2416285735,299.3804434219773,15.9
81000,162.00000000004542,-2220488.686475074,-1772487.1366931745,300.58428411534425,15.9
81500,163.0000000000502,-2219944.3826540913,-1773952.92622908,299.2356225471436,15.9
82000,164.00000000005497,-2220871.4836051613,-1772857.2058650935,300.5928238719503,15.9
82500,165.00000000005974,-2221560.700018745,-1774345.6988430666,300.05655346388113,15.9
83000,166.00000000006452,-2221613.341061067,-1774160.388920707,300.21620541242504,15.9
83500,167.0000000000693,-2219903.4062224273,-1773220.556360976,299.69950933779296,15.9
84000,168.00000000007407,-2219936.776969215,-1774324.2276811975,298.98139679597153,15.9
84500,169.00000000007884,-2221819.5622384064,-1774582.8010576474,300.0711532248701,15.9
85000,170.00000000008362,-2220790.1187553294,-1774683.5143312654,299.31288049162913,15.9
85500,171.0000000000884,-2220693.2241665106,-1774155.6103764703,299.60206395936956,15.9
86000,172.00000000009317,-2221551.2540732455,-1773280.1052907906,300.7651701471439,15.9
86500,173.00000000009794,-2222079.4240690563,-1776093.8405027613,299.23168218346876,15.9
87000,174.00000000010272,-2221338.5681024343,-1773646.6509792772,300.3765377110917,15.9
87500,175.0000000001075,-2221194.228858473,-1775468.3687764078,299.0574220774195,15.9
88000,176.00000000011227,-2219821.269712165,-1772533.5711005924,300.10532942623206,15.9
88500,177.00000000011704,-2221170.2941577937,-1775202.711410164,299.2196046288385,15.9
89000,178.00000000012182,-2221341.907078637,-1775452.6422679885,299.1670576208371,15.9
89500,179.0000000001266,-2220188.126138391,-1776729.5124059,297.5362250609548,15.9
90000,180.00000000013137,-2222295.862616554,-1775200.7256377293,299.9761312112799,15.9
90500,181.00000000013614,-2221394.913797237,-1775576.224503057,299.1197053491675,15.9
91000,182.00000000014091,-2221452.5869634505,-1775414.7099737315,299.26676818094256,15.9
91500,183.0000000001457,-2222342.3648463115,-1775068.2523398588,300.0962139004411,15.9
92000,184.00000000015046,-2223509.5159793925,-1776322.6004779795,300.03770952841467,15.9
92500,185.00000000015524,-2220889.2305363677,-1773545.0313470021,300.1432381918072,15.9
93000,186.00000000016001,-2221354.1911426783,-1773510.489352361,300.47837683539876,15.9
93500,187.0000000001648,-2222903.624808587,-1776023.7950954319,299.83167193352165,15.9
94000,188.00000000016956,-2221761.5977747273,-1774118.5624147388,300.3437407491268,15.9
94500,189.00000000017434,-2220178.483391732,-1774428.2581992373,299.0737697201442,15.9
95000,190.0000000001791,-2218223.1858567167,-1772301.7463670075,299.1886450525701,15.9
95500,191.0000000001839,-2221905.016422052,-1775715.8977406367,299.36824299871716,15.9
96000,192.00000000018866,-2220393.125139471,-1774434.1160105849,299.2138522044249,15.9
96500,193.00000000019344,-2223328.6989267897,-1775274.3071957405,300.6197381432693,15.9
97000,194.0000000001982,-2223359.4613203704,-1777453.764654863,299.178082487452,15.9
97500,195.000000000203,-2224180.1554811522,-1777509.7850512494,299.69113632881573,15.9
98000,196.00000000020776,-2223541.363460131,-1774867.4139538864,301.0354271747379,15.9
98500,197.00000000021254,-2222013.044736216,-1776187.3026095591,299.1244374100321,15.9
99000,198.0000000002173,-2222398.3975290973,-1775242.5222175927,300.0168832762133,15.9
99500,199.0000000002221,-2224585.6569075156,-1776400.3386067105,300.7075826368005,15.9
100000,200.00000000022686,-2223198.1619559973,-1774813.885852231,300.8410723285245,15.9
100500,201.00000000023164,-2223455.9866748676,-1775897.6064005087,300.28694186456255,15.9
101000,202.0000000002364,-2221834.090574648,-1773173.186469444,301.0266744315058,15.9
101500,203.0000000002412,-2223099.7365650367,-1775913.5384552625,300.0372281982669,15.9
102000,204.00000000024596,-2223478.6667177677,-1774951.2100863033,300.93713855070246,15.9
102500,205.00000000025074,-2221764.4282477386,-1774589.8464074915,300.0294343233091,15.9
103000,206.0000000002555,-2221601.0075234976,-1775109.567818189,299.5710837000143,16
103500,207.0000000002603,-2224427.116036508,-1777616.1638340952,299.7854589298653,16
104000,208.00000000026506,-2220626.8282136787,-1775144.4529297072,298.89405723244624,16
104500,209.00000000026984,-2220640.06105572,-1773257.790547748,300.1687819428369,16
105000,210.0000000002746,-2221598.2981296014,-1773583.6590875096,300.59306628564354,16
105500,211.00000000027939,-2223303.714124119,-1776900.4124439629,299.5119479554914,16
106000,212.00000000028416,-2223129.410684036,-1776328.0344694173,299.77903397120787,16
106500,213.00000000028894,-2222607.98467589,-1776052.082312521,299.6143345814782,16
107000,214.0000000002937,-2223808.9743151832,-1777951.392731701,299.14579992616893,16
107500,215.00000000029848,-2223767.032949446,-1774789.5544021043,301.23907838882553,16
108000,216.00000000030326,-2222159.58063229,-1775357.5809249121,299.779452300396,16
108500,217.00000000030803,-2225578.352612458,-1778730.602411381,299.81014835357536,16
109000,218.0000000003128,-2224046.395940652,-1773869.0055305532,302.0441529436883,16
109500,219.00000000031758,-2222196.446192082,-1775268.1751624623,299.86417338008613,16
110000,220.00000000032236,-2223748.177858753,-1778110.910557245,298.9979812171493,16
110500,221.00000000032713,-2225060.830238208,-1777728.4661037822,300.1352975239273,16
111000,222.0000000003319,-2224313.4941207897,-1778263.8274473436,299.2746784072459,16
111500,223.00000000033668,-2225506.153235998,-1778645.053297706,299.8191052895632,16
112000,224.00000000034146,-2220388.7083206493,-1773819.2913685662,299.62340212371276,16
112500,225.00000000034623,-2220009.601153355,-1772583.2790989557,300.19833809627784,16
113000,226.000000000351,-2223480.8926749825,-1775623.3558207462,300.4876593987869,16
113500,227.00000000035578,-2222209.331632668,-1774578.7207686666,300.3354045988757,16
114000,228.00000000036056,-2222467.3196658026,-1777049.271900474,298.850897022064,16
114500,229.00000000036533,-2220465.8499203976,-1774042.0520397048,299.52569977346707,16
115000,230.0000000003701,-2226041.8867544234,-1779597.1672604242,299.5397370199036,16
115500,231.00000000037488,-2224556.3571394235,-1777300.1102505361,300.08422705827786,16
116000,232.00000000037966,-2223281.3127225135,-1775488.618558108,300.4441535370047,16
116500,233.00000000038443,-2222727.0980121195,-1775693.5405736994,299.9348147424469,16
117000,234.0000000003892,-2223014.421587499,-1775648.044734683,300.15811817848316,16
117500,235.00000000039398,-2222658.3891469482,-1774220.3641823465,300.8771348440762,16
118000,236.00000000039876,-2223367.4516235627,-1775188.8426570967,300.70308104420513,16
118500,237.00000000040353,-2222356.9308716413,-1773696.6374737136,301.02626468066995,16
119000,238.0000000004083,-2224425.0806851406,-1776864.2391148314,300.28859325813823,16
119500,239.00000000041308,-2222722.3751651812,-1776598.3392948518,299.3245760288418,16
120000,240.00000000041786,-2223646.401518382,-1777344.2458995914,299.44408453747116,16
120500,241.00000000042263,-2223814.8784003463,-1774383.2603004507,301.5437809336257,16
121000,242.0000000004274,-2224225.329614453,-1777435.414747059,299.7713440405541,16
121500,243.00000000043218,-2224648.752269488,-1778752.0317310854,299.1720600021697,16
122000,244.00000000043696,-2223795.833764568,-1776238.485906479,300.286249170295,16
122500,245.00000000044173,-2222810.8861461394,-1775372.1285291854,300.20668167158425,16
123000,246.0000000004465,-2221987.8888616115,-1776017.145702931,299.2217250900147,16
123500,247.00000000045128,-2221810.362524025,-1775401.7411966382,299.51551714482883,16
124000,248.00000000045605,-2221159.326571623,-1772876.853388385,300.7727681943027,16
124500,249.00000000046083,-2225159.1768653877,-1776730.579065454,300.87080973751273,16
125000,250.0000000004656,-2223938.4506125525,-1778575.4341875745,298.813974033625,16
125500,251.00000000047038,-2221816.552381171,-1775539.3174098583,299.42736416008506,16
126000,252.00000000047515,-2223847.6870447733,-1778372.1409384327,298.8894752316245,16
126500,253.00000000047993,-2223784.610839259,-1774552.3307228792,301.41003616175766,16
127000,254.0000000004847,-2220504.6498967633,-1772632.0195243508,300.49778631544143,16
127500,255.00000000048948,-2223033.249441471,-1774784.4640323056,300.7501655594278,16
128000,256.00000000049425,-2219322.035546541,-1771162.9808926797,300.68996118098494,16
128500,257.000000000499,-2222073.9784073792,-1774496.3655404062,300.299845871447,16
129000,258.0000000005038,-2224255.878462009,-1777062.943892946,300.0417479902047,16
129500,259.0000000005086,-2223562.444718769,-1776508.6563018537,299.94838861108843,16
130000,260.00000000051335,-2222302.1853130646,-1776071.680878402,299.39601055224125,16
130500,261.0000000005181,-2226556.0288392603,-1781318.8887641437,298.7295179585768,16
131000,262.0000000005229,-2222995.399821952,-1774225.8136657877,301.0995940821185,16
131500,263.0000000005277,-2225578.203403106,-1777787.8235356098,300.44260077166274,16
132000,264.00000000053245,-2222606.3535371926,-1776220.9114725133,299.4999651403978,16
132500,265.0000000005372,-2222810.3741540704,-1775304.162842158,300.25193937352736,16
133000,266.000000000542,-2224591.4218201153,-1776607.1796481335,300.57267166547797,16
133500,267.0000000005468,-2225986.5271959286,-1778430.0254028025,300.28568150745707,16
134000,268.00000000055155,-2222530.3043533005,-1776415.5281117712,299.3183633295879,16
134500,269.0000000005563,-2225613.2761219833,-1778682.4558381534,299.86588378879384,16
135000,270.0000000005611,-2223800.7019140404,-1777616.1020705514,299.3652111081718,16
135500,271.0000000005659,-2222230.196926225,-1775366.5001553548,299.8208476207267,16
136000,272.00000000057065,-2222599.3545405474,-1775047.4977615054,300.2825649596819,16
136500,273.0000000005754,-2221498.4632322136,-1774030.2576016607,300.22643966146313,16
137000,274.0000000005802,-2222408.7324728947,-1775196.235379418,300.0548733630952,16
137500,275.000000000585,-2221523.4868961275,-1773710.2541366243,300.45793379938834,16
138000,276.00000000058975,-2223890.6567108314,-1776773.7997971433,299.9907040873674,16
138500,277.0000000005945,-2226315.067963043,-1777876.045701644,300.87780397511847,16
139000,278.0000000005993,-2224304.727699058,-1776496.3398995893,300.4546830989293,16
139500,279.0000000006041,-2221975.408825187,-1774096.1094311269,300.50226086044836,16
140000,280.00000000060885,-2221999.262985807,-1776515.1574842432,298.89521811284186,16
140500,281.0000000006136,-2221320.6699405555,-1773149.8375730084,300.6978633760518,16
141000,282.0000000006184,-2220916.337123733,-1773677.5580961104,300.0725070886129,16
141500,283.0000000006232,-2224610.4629527964,-1776209.8370889267,300.85204211409444,16
142000,284.00000000062795,-2223444.2782312296,-1773874.7154176566,301.6363342139178,16
142500,285.0000000006327,-2221820.203121988,-1773412.5247431593,300.8567739619222,16
143000,286.0000000006375,-2221207.81159118,-1774820.958540931,299.50091183374644,16
143500,287.0000000006423,-2223977.2859120704,-1776417.2747173468,300.2880361220055,16
144000,288.00000000064705,-2222665.890219055,-1775621.2103597056,299.94227727228497,16
144500,289.0000000006518,-2224250.7686207425,-1777363.7593003446,299.83648905324867,16
145000,290.0000000006566,-2223021.8137960006,-1775382.8502146378,300.3410088106684,16
145500,291.0000000006614,-2224551.2943305504,-1776135.100460467,300.8624873860027,16
146000,292.00000000066615,-2222139.7354784273,-1774623.536559707,300.25864050579764,16
146500,293.0000000006709,-2222192.8610732164,-1776640.5335747697,298.94099130292125,16
147000,294.0000000006757,-2223040.7261256576,-1775016.9638372846,300.5991874797634,16
147500,295.0000000006805,-2222444.835195571,-1773490.8755177497,301.2232985269897,16
148000,296.00000000068525,-2220930.6301005725,-1771856.9714361555,301.30360993263696,16
148500,297.00000000069,-2220930.229408603,-1776159.425898505,298.41663189239887,16
149000,298.0000000006948,-2224129.3046309017,-1776763.071210268,300.1580219434148,16
149500,299.0000000006996,-2222688.4510279484,-1777152.85538915,298.9297651496707,16
150000,300.00000000070435,-2221583.391990332,-1774343.2940988368,300.07339197339314,16
150500,301.0000000007091,-2224199.229533883,-1778958.2906802665,298.73206672903615,16
151000,302.0000000007139,-2220908.8653004244,-1774111.9633973,299.7760319554377,16
151500,303.00000000071867,-2224192.857359618,-1776307.870932312,300.5060765455007,16
152000,304.00000000072345,-2221172.8095670957,-1773637.4907267948,300.2714689166445,16
152500,305.0000000007282,-2221519.5223696195,-1774126.7025433443,300.17585995248135,16
153000,306.000000000733,-2223023.795355238,-1776436.348658731,299.6354990859288,16
153500,307.00000000073777,-2223927.051861856,-1774738.3505387502,301.3807971995595,16
154000,308.00000000074255,-2224627.368522344,-1776565.3010110776,300.6248881676449,16
154500,309.0000000007473,-2227370.7816200256,-1780384.0828127742,299.90337519025945,16
155000,310.0000000007521,-2223348.5931321867,-1774784.473226297,300.9617375818928,16
155500,311.00000000075687,-2221486.1041199956,-1774496.3615768123,299.90541736887803,16
156000,312.00000000076164,-2222609.911361538,-1776593.2281023017,299.2525483589172,16
156500,313.0000000007664,-2224908.117310697,-1776545.6025912624,300.8264716421343,16
157000,314.0000000007712,-2223606.368447734,-1778469.2335423792,298.6624200157788,16
157500,315.00000000077597,-2224428.813085215,-1774326.8764401295,301.99352763680855,16
158000,316.00000000078074,-2222630.090986617,-1775971.1434581657,299.6834721931515,16
158500,317.0000000007855,-2221748.262685951,-1775049.2255611462,299.71037009702314,16
159000,318.0000000007903,-2223193.8535840623,-1778183.6904644994,298.5772289637531,16
159500,319.00000000079507,-2221902.0066102482,-1775246.4397578433,299.6812039463347,16
160000,320.00000000079984,-2222829.6575872432,-1775758.3035622784,299.9601741634447,16
160500,321.0000000008046,-2218031.594236808,-1769544.0115872412,300.91038531221596,16
161000,322.0000000008094,-2222514.6441475656,-1775767.251578467,299.74281392810633,16
161500,323.00000000081417,-2224582.5465596262,-1775795.0806858428,301.1115903846388,16
162000,324.00000000081894,-2224239.1863821205,-1778327.1795166447,299.18231628294,16
162500,325.0000000008237,-2222436.14587225,-1775528.8489099052,299.8501009399354,16
163000,326.0000000008285,-2222473.4603203796,-1776149.1052267738,299.4589791583677,16
163500,327.00000000083327,-2222774.9370291308,-1773641.4569739192,301.3437467802339,16
164000,328.00000000083804,-2225120.3480874263,-1777702.9853409212,300.19232689575665,16
164500,329.0000000008428,-2223774.498026481,-1775004.0136645627,301.10019672854617,16
165000,330.0000000008476,-2223066.064877225,-1775665.9405890233,300.1807608428024,16
165500,331.00000000085237,-2224773.0752008185,-1778346.8342228865,299.52733895671327,16
166000,332.00000000085714,-2225399.443625359,-1778536.2374454415,299.8205184613066,16
166500,333.0000000008619,-2220913.647721175,-1774594.1749048703,299.45570342008466,16
167000,334.0000000008667,-2222971.7778094374,-1776984.313107468,299.232944321558,16
167500,335.00000000087147,-2223212.173526462,-1775494.7523602997,300.3936495146391,16
168000,336.00000000087624,-2222488.2277083583,-1775360.2885235043,299.9981396789326,16
168500,337.000000000881,-2219290.159428321,-1773095.271870628,299.3721135959214,16
169000,338.0000000008858,-2223253.4432919286,-1776552.194270158,299.71185415766166,16
169500,339.00000000089057,-2221339.5847304184,-1777615.9001434296,297.7140729569673,16
170000,340.00000000089534,-2221628.4802578036,-1774004.007538443,300.33128624300485,16
170500,341.0000000009001,-2221455.9534755945,-1775435.8107340725,299.2548694803662,16
171000,342.0000000009049,-2220522.885349514,-1772869.1162725696,300.35094248007766,16
171500,343.00000000090967,-2221384.071013646,-1773261.0739041367,300.66576856120207,16
172000,344.00000000091444,-2221972.1719478797,-1773016.6373289009,301.2243552254777,16
172500,345.0000000009192,-2225909.7413564604,-1778509.1366622415,300.1810831686933,16
173000,346.000000000924,-2227131.717435727,-1780359.2324508033,299.75964955256154,16
173500,347.00000000092876,-2223791.2934282385,-1775688.6788492145,300.65209300954956,16
174000,348.00000000093354,-2221138.2598039377,-1773264.218760662,300.4987327976393,16
174500,349.0000000009383,-2222190.4652443863,-1773759.8647473573,300.87215343659807,16
175000,350.0000000009431,-2221263.6129422206,-1774525.1403248308,299.7368291334109,16
175500,351.00000000094786,-2222211.711739313,-1775081.0889482927,299.9999402303786,16
176000,352.00000000095264,-2222263.5759783983,-1773769.2058555363,300.91493933173325,16
176500,353.0000000009574,-2223806.321015073,-1775286.4328445143,300.93206053165466,16
177000,354.0000000009622,-2220570.3355348613,-1771719.273098464,301.15426016391706,16
177500,355.00000000096696,-2222447.534599535,-1775608.299433466,299.80443523561115,16
178000,356.00000000097174,-2222960.27146768,-1775844.95277423,299.989672026587,16
178500,357.0000000009765,-2224565.4075775426,-1778483.7765699618,299.2961247091567,16
179000,358.0000000009813,-2224853.043531727,-1777774.6663735516,299.96488629774285,16
179500,359.00000000098606,-2223199.273371434,-1776634.2671120712,299.6204427926246,16
180000,360.00000000099084,-2223717.7235137112,-1776311.898781766,300.1845855255577,16
180500,361.0000000009956,-2225172.274069054,-1776839.099883006,300.8067857655389,16
181000,362.0000000010004,-2223126.2976450752,-1776574.2672147392,299.6117367283694,16
181500,363.00000000100516,-2224841.724400351,-1776378.8666885602,300.8937962452254,16
182000,364.00000000100994,-2224344.9062372074,-1777426.857475288,299.85731480332396,16
182500,365.0000000010147,-2218459.1470109597,-1769877.1563182324,300.9737278923521,16
183000,366.0000000010195,-2222555.9268409796,-1776796.2710420457,299.08009713594606,16
183500,367.00000000102426,-2220283.5616926104,-1773741.4187303213,299.6051027836742,16
184000,368.00000000102904,-2222864.50465858,-1776719.4942069529,299.3386488138736,16
184500,369.0000000010338,-2224011.0242912546,-1776171.569171674,300.4755275539981,16
185000,370.0000000010386,-2224646.288916422,-1778297.363032296,299.4754648010674,16
185500,371.00000000104336,-2226033.830535464,-1780638.5552685335,298.83561793400753,16
186000,372.00000000104814,-2224471.4833438434,-1774558.4483015446,301.86678509971335,16
186500,373.0000000010529,-2224350.8084294517,-1776973.9424730921,300.16515578735124,16
187000,374.0000000010577,-2222475.251821613,-1774377.7465281342,300.64866496127894,16
187500,375.00000000106246,-2225251.997385053,-1779443.7072563032,299.1127280838037,16
188000,376.00000000106724,-2223900.919831127,-1776701.6359761525,300.04600801020064,16
188500,377.000000001072,-2223605.0811370574,-1779481.688967129,297.98225465797225,16
189000,378.0000000010768,-2224029.8549692538,-1775267.4299501183,301.09478935488414,16
189500,379.00000000108156,-2224606.0350950267,-1774952.9618867743,301.6923650741082,16
190000,380.00000000108633,-2225470.1783925444,-1778841.0107953053,299.66349150489555,16
190500,381.0000000010911,-2227115.9772345982,-1778571.4702071445,300.9485784242358,16
191000,382.0000000010959,-2225729.9061250165,-1777174.7730975533,300.9557078830679,16
191500,383.00000000110066,-2223162.1631328017,-1776025.7046644976,300.0038556473667,16
192000,384.00000000110543,-2223742.966223836,-1775284.1897161808,300.89105798277086,16
192500,385.0000000011102,-2222819.427274974,-1775867.8654438136,299.8798002209108,16
193000,386.000000001115,-2223150.969066007,-1774863.81563917,300.77590837913567,16
193500,387.00000000111976,-2224086.056741586,-1777891.5251349919,299.3718747724035,16
194000,388.00000000112453,-2223169.835197322,-1775912.9970370787,300.08462376868505,16
194500,389.0000000011293,-2218538.974226324,-1773388.6585829356,298.6712635626546,16
195000,390.0000000011341,-2223273.82323643,-1774648.050394166,301.00310329536575,16
195500,391.00000000113886,-2222065.1522313934,-1775736.7611874004,299.46168705805775,16
196000,392.00000000114363,-2218504.1771272235,-1769496.2058043894,301.2595373562033,16
196500,393.0000000011484,-2222730.3419779968,-1775259.6232074313,300.2281258395398,16
197000,394.0000000011532,-2222102.796380345,-1775342.4579120313,299.75149991111164,16
197500,395.00000000115796,-2220587.4417154435,-1772409.7326241238,300.70247727770743,16
198000,396.00000000116273,-2221277.7348038517,-1775387.0121414948,299.1680357587753,16
198500,397.0000000011675,-2223180.959458487,-1774645.0436044359,300.9428142216161,16
199000,398.0000000011723,-2220641.167588396,-1773152.3239527612,300.24028662245274,16
199500,399.00000000117706,-2222092.103571534,-1774654.7534043465,300.20573735056445,16
200000,400.00000000118183,-2222524.3821384218,-1775585.7605354679,299.87111804283876,16
200500,401.0000000011866,-2223962.690650707,-1776345.6046100277,300.32633018978476,16
201000,402.0000000011914,-2220844.622059917,-1775185.699433737,299.0125107433685,16
201500,403.00000000119616,-2222470.133799497,-1776379.477373468,299.30218026620645,16
202000,404.00000000120093,-2221229.4116398245,-1773112.3905644666,300.66175897251156,16
202500,405.0000000012057,-2223680.342682587,-1775358.9536728165,300.798878563485,16
203000,406.0000000012105,-2225580.7732483502,-1778672.5323197981,299.85073428909845,16
203500,407.00000000121526,-2224154.194764629,-1774783.0931522301,301.5031777145516,16
204000,408.00000000122003,-2223824.9217871763,-1778792.1820373107,298.5923766351406,16
204500,409.0000000012248,-2225941.6106656864,-1779538.0643821897,299.5121120708166,16
205000,410.0000000012296,-2224854.934768675,-1778127.808132331,299.72921660708835,16
205500,411.00000000123435,-2220779.9660350177,-1775292.3676232805,298.8975616625562,16
206000,412.00000000123913,-2222874.566854758,-1774616.0978414926,300.75666272268,16
206500,413.0000000012439,-2221529.705837805,-1773756.4771871227,300.43109325292687,16
207000,414.0000000012487,-2223626.8153943717,-1774707.47549594,301.200070568048,16
207500,415.00000000125345,-2223773.347356435,-1775038.1816959516,301.0764998315335,16
208000,416.00000000125823,-2222231.089072576,-1774737.3646477927,300.24356136226737,16
208500,417.000000001263,-2222784.7600163203,-1776031.3825540158,299.74682946073267,16
209000,418.0000000012678,-2224215.78701563,-1776732.7141561368,300.23641475054467,16
209500,419.00000000127255,-2226321.643754376,-1780259.214496173,299.2832413963796,16
210000,420.00000000127733,-2223829.041539859,-1778130.0374849364,299.03940316722446,16
210500,421.0000000012821,-2222670.0245979596,-1775090.2364771327,300.30130534658224,16
211000,422.0000000012869,-2222726.8415416162,-1775753.640253291,299.89431910090934,16
211500,423.00000000129165,-2223931.817828182,-1778163.3644289346,299.0859998396162,16
212000,424.0000000012964,-2224020.7789236996,-1776463.3812668445,300.2862825825154,16
212500,425.0000000013012,-2222233.959904114,-1774160.0711131473,300.63281959310007,16
213000,426.000000001306,-2220525.3299752194,-1773261.8901398003,300.0890531279309,16
213500,427.00000000131075,-2223166.528824076,-1775677.7616850727,300.24023529744005,16
214000,428.0000000013155,-2223832.0222892426,-1775594.5235683105,300.7425928153062,16
214500,429.0000000013203,-2224093.278503077,-1775912.0466862782,300.7048408318444,16
215000,430.0000000013251,-2226739.4515489507,-1779693.0710615464,299.943418299736,16
215500,431.00000000132985,-2222596.3260661587,-1776368.0069762594,299.39454430666336,16
216000,432.0000000013346,-2224295.086386163,-1777949.7410188317,299.4730624721511,16
216500,433.0000000013394,-2222948.168856634,-1777094.9526016864,299.14287103194255,16
217000,434.0000000013442,-2224742.1970102564,-1775526.4724541376,301.3989282956541,16
217500,435.00000000134895,-2225221.497259939,-1779279.0430270666,299.20274478399443,16
218000,436.0000000013537,-2222849.190478755,-1774499.8144753445,300.81765628970487,16
218500,437.0000000013585,-2223589.5980166662,-1774759.6535427119,301.14009117805966,16
219000,438.0000000013633,-2225612.1299461965,-1777992.456138217,300.3280664386477,16
219500,439.00000000136805,-2222366.798937252,-1774164.5023630857,300.71897412003574,16
220000,440.0000000013728,-2222465.065558031,-1775963.3566707186,299.577973753682,16
220500,441.0000000013776,-2222588.0347238667,-1775179.823487796,300.18618673795174,16
221000,442.0000000013824,-2223399.9660922866,-1776107.0152074327,300.1088534113723,16
221500,443.00000000138715,-2223261.8675889466,-1777184.861894152,299.2930213798639,16
222000,444.0000000013919,-2224476.8205894437,-1777793.6162972052,299.6997471412661,16
222500,445.0000000013967,-2223549.5595141537,-1775690.3762312422,300.4887640614491,16
223000,446.0000000014015,-2223252.6409397423,-1775063.3740564713,300.71023191744337,16
223500,447.00000000140625,-2225955.5202081054,-1777919.2684629462,300.6075672151213,16
224000,448.000000001411,-2227694.063220145,-1780475.5230201571,300.0589279536326,16
224500,449.0000000014158,-2224077.958627766,-1777640.456897075,299.5348942995649,16
225000,450.0000000014206,-2226141.6354272272,-1779293.0563789553,299.8107044642424,16
225500,451.00000000142535,-2221760.4428852163,-1775725.5321710105,299.26477797398445,16
226000,452.0000000014301,-2224640.273053674,-1776954.437441466,300.3724573532986,16
226500,453.0000000014349,-2225775.5627072696,-1779495.7523602315,299.4290920948861,16
227000,454.0000000014397,-2225471.548186682,-1779550.0319838517,299.18869652283547,16
227500,455.00000000144445,-2226451.1266939584,-1780156.4525883214,299.4390648555604,16
228000,456.0000000014492,-2226449.747536825,-1779012.4492085052,300.20570256954863,16
228500,457.000000001454,-2220958.2641691435,-1773031.2839196092,300.5342520797102,16
229000,458.0000000014588,-2224552.9915750865,-1777013.5387339809,300.2742426027468,16
229500,459.00000000146355,-2223385.072466638,-1778755.9356888956,298.32158134324595,16
230000,460.0000000014683,-2223914.41807667,-1778428.4639812286,298.8964584171836,16
230500,461.0000000014731,-2226473.5868979245,-1781327.159860472,298.6686545229493,16
231000,462.0000000014779,-2225924.020494323,-1780169.8971467756,299.07638516677946,16
231500,463.00000000148265,-2225253.9597542584,-1778165.8208700668,299.97143587648367,16
232000,464.0000000014874,-2226134.3034976963,-1778857.3557928584,300.0981161618895,16
232500,465.0000000014922,-2225532.713436445,-1779038.8788476847,299.57269053447357,16
233000,466.00000000149697,-2225767.7204058375,-1778367.491633375,300.1808309459677,16
233500,467.00000000150175,-2225793.5516693387,-1778574.1240820042,300.0595233415066,16
234000,468.0000000015065,-2226168.941998884,-1780152.682371244,299.2522641255254,16
234500,469.0000000015113,-2229278.65922093,-1781073.0616954325,300.7211888759744,16
235000,470.00000000151607,-2224705.9037115443,-1776712.7505944625,300.57865041723676,16
235500,471.00000000152085,-2223914.9105597027,-1777458.4433174955,299.54761910979096,16
236000,472.0000000015256,-2222018.316577511,-1776063.9652749193,299.21072706036443,16
236500,473.0000000015304,-2225162.9650862943,-1777267.6236909116,300.51302415688264,16
237000,474.00000000153517,-2223361.9918602947,-1777803.2511567057,298.9452942091891,16
237500,475.00000000153995,-2225440.9046514444,-1778194.6363300877,300.0775319908632,16
238000,476.0000000015447,-2223646.628595704,-1776415.3658285786,300.06746409315497,16
238500,477.0000000015495,-2222339.875789948,-1775825.6973062903,299.58634016378113,16
239000,478.00000000155427,-2224948.5688725263,-1778804.5542555472,299.3379806638528,16
239500,479.00000000155904,-2225916.6593907084,-1778227.4250177247,300.3747377339693,16
240000,480.0000000015638,-2223254.5183242876,-1777857.539701612,298.8367607915881,16
240500,481.0000000015686,-2224196.954677483,-1776140.241880956,300.6212954499468,16
241000,482.00000000157337,-2224074.454610007,-1777200.9341115528,299.8274387990934,16
241500,483.00000000157814,-2223129.2382728606,-1775402.3599513045,300.3999947433222,16
242000,484.0000000015829,-2225440.783263091,-1777501.7352170919,300.5423489042926,16
242500,485.0000000015877,-2224429.3962771855,-1776421.5823421914,300.5884870159245,16
243000,486.00000000159247,-2226702.253582498,-1778371.0450634675,300.80546691158946,16
243500,487.00000000159724,-2225349.146252688,-1777630.8022796633,300.394268667051,16
244000,488.000000001602,-2225548.8529289383,-1778981.6686411102,299.6219041293709,16
244500,489.0000000016068,-2223908.094057152,-1777670.024421247,299.40108638423504,16
245000,490.00000000161157,-2224602.7421721797,-1777491.5234743971,299.98692115605274,16
245500,491.00000000161634,-2225386.5598573834,-1778635.5234347712,299.74525875246087,16
246000,492.0000000016211,-2223147.9417187013,-1777798.3165959283,298.80498920982564,16
246500,493.0000000016259,-2224225.10346218,-1775108.9807852432,301.3321009385501,16
247000,494.00000000163067,-2225624.398945052,-1778581.3133152674,299.9412076323412,16
247500,495.00000000163544,-2223190.3947320115,-1776506.0054647056,299.70054219405665,16
248000,496.0000000016402,-2225000.4887821767,-1778890.0461478315,299.3154557186351,16
248500,497.000000001645,-2223129.7348185275,-1777442.2145055975,299.03169821091916,16
249000,498.00000000164977,-2224638.6442018915,-1777257.2712597765,300.168179725745,16
249500,499.00000000165454,-2225021.2137512174,-1779566.496404734,298.87550028472145,16
250000,500.0000000016593,-2225753.276054509,-1780599.8013043546,298.67338314872796,16
250500,501.0000000016641,-2225628.0963590853,-1777873.5897980202,300.41853176534414,16
251000,502.00000000166887,-2222877.718963681,-1777555.7735439653,298.78641765860647,16
251500,503.00000000167364,-2224857.1036071107,-1776329.1498805196,300.9374720740637,16
252000,504.0000000016784,-2224432.6516035106,-1778113.8620805144,299.4552449680324,16
252500,505.0000000016832,-2224594.454900559,-1776195.3287064591,300.85103591854806,16
253000,506.00000000168797,-2224474.003025649,-1775902.2747977688,300.9668423455258,16
253500,507.00000000169274,-2225552.1828498878,-1779555.846283336,299.23889685244905,16
254000,508.0000000016975,-2223060.8984077536,-1776307.78068277,299.74665519134305,16
254500,509.0000000017023,-2224211.4206375666,-1778114.6733902101,299.3062668707489,16
255000,510.00000000170706,-2222130.6097867284,-1775860.7052535466,299.4224458411666,16
255500,511.00000000171184,-2222727.696614491,-1774744.3023940003,300.5721027368836,16
256000,512.0000000017166,-2223544.8322665505,-1776830.0849614919,299.72091075985617,16
256500,513.0000000016929,-2224882.8000667747,-1779671.5132774445,298.7121718324218,16
257000,514.0000000016693,-2221314.540844662,-1773693.308123591,300.32911238318934,16
257500,515.0000000016456,-2225179.4432554413,-1778271.6234461693,299.8504517413317,16
258000,516.000000001622,-2222935.8537874725,-1777153.175897472,299.0955436868907,16
258500,517.0000000015983,-2222961.4770666454,-1777225.58644907,299.06415201247717,16
259000,518.0000000015747,-2223123.3782700263,-1775532.3995599842,300.30881361357297,16
259500,519.000000001551,-2226129.062968038,-1777730.0358176136,300.8509694657148,16
260000,520.0000000015274,-2222148.026837645,-1774658.1178083264,300.2410014427428,16
260500,521.0000000015037,-2225397.0634827632,-1777237.530738647,300.6902819531274,16
261000,522.0000000014801,-2223744.8262225688,-1776486.4481630197,300.085656956027,16
261500,523.0000000014564,-2222704.401987929,-1774869.4664057596,300.47249519413685,16
262000,524.0000000014328,-2226009.5335894786,-1777695.556280687,300.7939057216859,16
262500,525.0000000014091,-2224009.6949067563,-1777982.1374096265,299.25984437165226,16
263000,526.0000000013855,-2222682.76422468,-1774211.3385931056,300.8995448459521,16
263500,527.0000000013619,-2222807.4273130745,-1775602.128375524,300.0500437982262,16
264000,528.0000000013382,-2222328.8075427767,-1774485.1434050791,300.4783515725715,16
264500,529.0000000013146,-2223723.544699507,-1776005.8286173788,300.3938473869554,16
265000,530.0000000012909,-2223103.448052807,-1775776.9441193028,300.1313656529332,16
265500,531.0000000012673,-2223315.545529153,-1776899.2178851233,299.5206876574586,16
266000,532.0000000012436,-2223393.7832430974,-1777423.5231838464,299.2214009569927,16
266500,533.00000000122,-2223396.8245425206,-1775572.0352305644,300.4656876074892,15.9
267000,534.0000000011963,-2223468.899923792,-1775196.9018134864,300.76573999919947,15.9
267500,535.0000000011727,-2223834.5432902277,-1776739.0324924388,299.9763820231482,15.9
268000,536.000000001149,-2220790.5235940125,-1772383.515897823,300.856323970932,15.9
268500,537.0000000011254,-2223638.0468476135,-1775703.3443233524,300.5394332993324,15.9
269000,538.0000000011017,-2223838.450403258,-1776036.2172949633,300.4505536412492,15.9
269500,539.0000000010781,-2223595.5607056357,-1777077.1995845973,299.5891464823384,15.9
270000,540.0000000010544,-2224982.351784667,-1777757.4313000562,300.06320877205115,15.9
270500,541.0000000010308,-2224083.432350917,-1776012.1583564242,300.6310652091552,15.9
271000,542.0000000010072,-2219440.3043290786,-1772729.6049984433,299.7181947927023,15.9
271500,543.0000000009835,-2223038.7093800735,-1777663.7370415046,298.8219957909816,15.9
272000,544.0000000009599,-2221974.567625217,-1776353.361500829,298.9872050548146,15.9
272500,545.0000000009362,-2225326.696072882,-1779070.671418003,299.4131332098034,15.9
273000,546.0000000009126,-2224203.916638987,-1778028.7711654864,299.3588677483417,15.9
273500,547.0000000008889,-2223870.9176124893,-1777684.8832508964,299.36617359055066,15.9
274000,548.0000000008653,-2222399.9345026966,-1773379.9244333631,301.2676146898641,15.9
274500,549.0000000008416,-2224419.2636032756,-1775577.5399433617,301.14799436094125,15.9
275000,550.000000000818,-2224069.5666662976,-1777646.4338276014,299.5252535670364,15.9
275500,551.0000000007943,-2221438.2304556407,-1776162.032584303,298.75572358157507,15.9
276000,552.0000000007707,-2222965.878534019,-1774793.6976690614,300.6987681432986,15.9
276500,553.000000000747,-2222734.955554409,-1776328.0303423002,299.51437914520153,15.9
277000,554.0000000007234,-2226277.4180912897,-1780733.091648078,298.9356230369829,15.9
277500,555.0000000006997,-2224366.226779176,-1776886.9892318451,300.2338414680165,15.9
278000,556.0000000006761,-2222506.6720567383,-1774321.7533124834,300.7073145564341,15.9
278500,557.0000000006524,-2222985.672522109,-1774879.9785402562,300.65415911868513,15.9
279000,558.0000000006288,-2224355.7155602146,-1774762.6012758499,301.6521359494056,15.9
279500,559.0000000006052,-2222253.1760832015,-1775645.6362010583,299.6489805031762,15.9
280000,560.0000000005815,-2226977.114429718,-1779989.5753290935,299.9039389806795,15.9
280500,561.0000000005579,-2225478.839191582,-1779408.884370155,299.2882906334533,15.9
281000,562.0000000005342,-2222911.228509633,-1775226.7446477716,300.3715504035113,15.9
281500,563.0000000005106,-2224905.4601900764,-1776762.5874675275,300.67910399925955,15.9
282000,564.0000000004869,-2225505.8755309395,-1778755.3969879511,299.74488444606084,15.9
282500,565.0000000004633,-2222033.11942924,-1774573.912932071,300.2204017402391,15.9
283000,566.0000000004396,-2224514.184894787,-1775441.5807713529,301.3029023939096,15.9
283500,567.000000000416,-2224098.2000913937,-1777738.774256936,299.48250968753086,15.9
284000,568.0000000003923,-2225660.4445953555,-1778151.6451359726,300.25367587746354,15.9
284500,569.0000000003687,-2224683.0766513534,-1778150.9787556492,299.5983630990689,15.9
285000,570.000000000345,-2226793.2611782253,-1779880.247332769,299.85393665259807,15.9
285500,571.0000000003214,-2225124.652190987,-1778676.021070303,299.54236150525946,15.9
286000,572.0000000002977,-2222087.823821176,-1773862.6599344718,300.7343168231406,15.9
286500,573.0000000002741,-2226154.063503472,-1779975.4048391485,299.36122490525116,15.9
287000,574.0000000002505,-2224771.9075618144,-1777241.4249980138,300.268224042357,15.9
287500,575.0000000002268,-2225667.2502670456,-1776699.339155588,301.23265916802734,15.9
288000,576.0000000002032,-2226428.1134680584,-1778230.63715345,300.7157399922319,15.9
288500,577.0000000001795,-2224153.586424928,-1778381.5899528326,299.08837704571334,15.9
289000,578.0000000001559,-2225483.538265804,-1778539.6937894877,299.8746223022578,15.9
289500,579.0000000001322,-2226112.414932614,-1780363.6636316434,299.0727808203763,15.9
290000,580.0000000001086,-2226336.1784109976,-1780426.3014484234,299.1808872357878,15.9
290500,581.0000000000849,-2225892.4609063175,-1778816.0844497285,299.96354393753353,15.9
291000,582.0000000000613,-2224345.1877454333,-1778548.6792143846,299.10482328277686,15.9
291500,583.0000000000376,-2225680.9064431135,-1778398.0345895041,300.10209093835687,15.9
292000,584.000000000014,-2225216.7744411845,-1776667.4234767626,300.951828438274,15.9
292500,584.9999999999903,-2223674.03740236,-1775914.715078048,300.421762876372,15.9
293000,585.9999999999667,-2223077.6462198887,-1774867.4764287136,300.72425661358847,15.9
293500,586.999999999943,-2221665.0129895285,-1775221.5362623828,299.53890319201804,15.9
294000,587.9999999999194,-2225313.1617997624,-1780091.4180202184,298.7191878950202,15.9
294500,588.9999999998957,-2222838.1848363616,-1775291.4436116428,300.27913270540773,15.9
295000,589.9999999998721,-2222433.6802612804,-1775583.4542256645,299.8118095017406,15.9
295500,590.9999999998485,-2226658.727858564,-1779009.053850447,300.34819491518084,15.9
296000,591.9999999998248,-2226339.1911518574,-1780921.1691193227,298.8508797567812,15.9
296500,592.9999999998012,-2223395.607591944,-1777080.7862133812,299.45258256239015,15.9
297000,593.9999999997775,-2224364.8832991887,-1777027.6733735693,300.1385487820481,15.9
297500,594.9999999997539,-2224804.6488609686,-1777024.5558119405,300.4356988849025,15.9
298000,595.9999999997302,-2223152.699107686,-1776020.4433517666,300.00103585959124,15.9
298500,596.9999999997066,-2225981.8411545064,-1778550.7511896687,300.20153710071565,15.9
299000,597.9999999996829,-2227198.9095445387,-1780174.9731223336,299.9283595722073,15.9
299500,598.9999999996593,-2229230.141264286,-1783245.5095534986,299.2310435410211,15.9
300000,599.9999999996356,-2225965.8316769656,-1779478.0429471915,299.5686340971773,15.9
300500,600.999999999612,-2225147.376327889,-1777955.1232945877,300.04129071736895,15.9
301000,601.9999999995883,-2227583.16999582,-1781851.829455117,299.0610991623252,15.9
301500,602.9999999995647,-2223493.473870378,-1777493.2607636596,299.2414977966899,15.9
302000,603.999999999541,-2225196.05480404,-1779273.5613682806,299.1893521921308,15.9
302500,604.9999999995174,-2225565.174454611,-1780545.670311952,298.58349627408154,15.9
303000,605.9999999994938,-2227180.045759456,-1779382.0266677318,300.4477262689895,15.9
303500,606.9999999994701,-2227893.7235915978,-1780530.8855958711,300.15574380092727,15.9
304000,607.9999999994465,-2224171.9377068523,-1776252.5987572358,300.5291251897104,15.9
304500,608.9999999994228,-2226557.7505864576,-1778235.8094848334,300.79924898661113,15.9
305000,609.9999999993992,-2226689.8513734043,-1779549.9349266912,300.0061757597972,15.9
305500,610.9999999993755,-2224703.168523859,-1776087.186088215,300.9965344735246,15.9
306000,611.9999999993519,-2227526.082250381,-1778991.8442175877,300.9416884962655,15.9
306500,612.9999999993282,-2226916.544945063,-1782562.949198075,298.13670853752905,15.9
307000,613.9999999993046,-2224639.3129882123,-1776594.2151433388,300.61350245920954,15.9
307500,614.9999999992809,-2226688.2723590788,-1780732.9610738703,299.21137115565347,15.9
308000,615.9999999992573,-2226007.803909473,-1779348.3709413316,299.68379789635907,15.9
308500,616.9999999992336,-2225872.171151921,-1778261.7756622813,300.3218411997455,15.9
309000,617.99999999921,-2224154.532061871,-1778413.4717714395,299.0676205772964,15.9
309500,618.9999999991863,-2229439.4370700493,-1783289.0152884806,299.34227951724387,15.9
310000,619.9999999991627,-2224471.2482774723,-1777842.3237840962,299.6633283956368,15.9
310500,620.999999999139,-2223637.817563392,-1776213.786433279,300.19680101267437,15.9
311000,621.9999999991154,-2224705.985472692,-1777192.3287309585,300.25693484551584,15.9
311500,622.9999999990918,-2226571.2085312773,-1778399.4825794802,300.69846292170564,15.9
312000,623.9999999990681,-2225733.9186568763,-1778277.3617392187,300.21862401879804,15.9
312500,624.9999999990445,-2222641.2231482435,-1775439.297447179,300.0477805429433,15.9
313000,625.9999999990208,-2223666.092633182,-1777143.524265402,299.591969312417,15.9
313500,626.9999999989972,-2224152.4146321006,-1776980.4673963082,300.0276666493037,15.9
314000,627.9999999989735,-2223330.970257057,-1775727.6464874544,300.31709646637154,15.9
314500,628.9999999989499,-2225714.9741791803,-1777109.6349048817,300.9893935003843,15.9
315000,629.9999999989262,-2226014.2606549524,-1779828.468672123,299.36601096779367,15.9
315500,630.9999999989026,-2223859.7941751145,-1778238.7578596978,298.98709112237805,15.9
316000,631.9999999988789,-2223150.101271758,-1776892.0319119417,299.41450509382946,15.9
316500,632.9999999988553,-2223787.9617694393,-1776424.8665118618,300.15591640941335,15.9
317000,633.9999999988316,-2224958.881527938,-1779480.6687549297,298.8912644176031,15.9
317500,634.999999998808,-2224439.103889955,-1776920.2654001112,300.2604115121635,15.9
318000,635.9999999987843,-2225027.120482208,-1777105.3200756083,300.53077669133046,15.9
318500,636.9999999987607,-2224460.9026432037,-1778239.2113003633,299.39009745462477,15.9
319000,637.999999998737,-2225219.967084648,-1778633.218979002,299.63503037006404,15.9
319500,638.9999999987134,-2225791.3298165128,-1776787.892739673,301.2564951276957,15.9
320000,639.9999999986898,-2224802.545329958,-1776490.4721776976,300.7926281378739,15.9
320500,640.9999999986661,-2223007.9511588067,-1776653.7499415025,299.47900425812423,15.9
321000,641.9999999986425,-2227240.778051935,-1779997.5517223175,300.0754909825015,15.9
321500,642.9999999986188,-2224605.6038390826,-1777572.665018952,299.93439968375856,15.9
322000,643.9999999985952,-2224585.29445114,-1775592.1440540305,301.24959333402063,15.9
322500,644.9999999985715,-2226056.09744207,-1778457.298907155,300.3140602839528,15.9
323000,645.9999999985479,-2222599.6160027497,-1775660.5874439753,299.87139108770657,15.9
323500,646.9999999985242,-2225300.159903515,-1778388.7914405623,299.8528326918591,15.9
324000,647.9999999985006,-2222934.9547975697,-1776174.3284970922,299.75169303058857,15.9
324500,648.9999999984769,-2224701.180787826,-1777240.2515761289,300.22155758649313,15.9
325000,649.9999999984533,-2225386.1957106777,-1778503.5091389513,299.8335887277578,15.9
325500,650.9999999984296,-2225841.414765034,-1777203.921903478,301.0109667806826,15.9
326000,651.999999998406,-2225448.0606094375,-1779283.3468910644,299.35186861709184,15.9
326500,652.9999999983823,-2226085.905322142,-1779393.3859190098,299.7059970659389,15.9
327000,653.9999999983587,-2224974.272718888,-1780054.7020178367,298.5164464569114,15.9
327500,654.999999998335,-2224441.2873451617,-1777801.507102089,299.67061200381346,15.9
328000,655.9999999983114,-2225354.013659738,-1778067.8442561538,300.1043034121732,15.9
328500,656.9999999982878,-2225631.6947867423,-1779151.3012779092,299.5636723125731,15.9
329000,657.9999999982641,-2223267.931516772,-1775348.6115939426,300.52911242378764,15.9
329500,658.9999999982405,-2224568.639340842,-1777390.0126001097,300.0321482280206,15.9
330000,659.9999999982168,-2224581.7521845084,-1777687.2691780978,299.8415034835803,15.9
330500,660.9999999981932,-2222953.100338757,-1774845.293285946,300.6555768725336,15.9
331000,661.9999999981695,-2223741.440333221,-1774862.296257751,301.1731013919923,15.9
331500,662.9999999981459,-2223892.2756970357,-1775591.430349835,300.7850949011078,15.9
332000,663.9999999981222,-2224382.961647706,-1779814.8424447756,298.2806419222724,15.9
332500,664.9999999980986,-2222548.648510758,-1775668.325961535,299.83200259928964,15.9
333000,665.9999999980749,-2225227.8089731596,-1777721.2442797278,300.2521764729995,15.9
333500,666.9999999980513,-2225676.394314939,-1775608.247035775,301.9708568394169,15.9
334000,667.9999999980276,-2224007.5286852997,-1777272.8257304197,299.7342998981718,15.9
334500,668.999999998004,-2224330.870819038,-1777866.50370612,299.5529194865048,15.9
335000,669.9999999979804,-2223905.835873775,-1776875.652341037,299.93255103817046,15.9
335500,670.9999999979567,-2222602.1769112423,-1774112.3479548478,300.9118924599704,15.9
336000,671.9999999979331,-2222255.0960492343,-1773181.4073645747,301.30363007456083,15.9
336500,672.9999999979094,-2222787.394614009,-1775483.8062809056,300.1159905513409,15.9
337000,673.9999999978858,-2224766.1106566433,-1777208.8126105403,300.2862157492049,15.9
337500,674.9999999978621,-2224941.8063498456,-1777457.756447462,300.2370702923346,15.9
338000,675.9999999978385,-2223724.3501543924,-1777238.7072641794,299.56719435740735,15.9
338500,676.9999999978148,-2222681.4124909807,-1777058.2244651667,298.98853480115486,15.9
339000,677.9999999977912,-2224008.106177436,-1776809.633553423,300.04546371905286,15.9
339500,678.9999999977675,-2225218.4630036596,-1779543.08772019,299.0235495672645,15.9
340000,679.9999999977439,-2226064.292257039,-1778315.8522456163,300.414461445761,15.9
340500,680.9999999977202,-2226154.6971099563,-1778563.057564518,300.30925699760735,15.9
341000,681.9999999976966,-2224755.396287665,-1775054.154271364,301.7246836825838,15.9
341500,682.999999997673,-2224798.1269093286,-1777872.6943894543,299.8622688968981,15.9
342000,683.9999999976493,-2225677.3928013593,-1779672.2836111393,299.2447827981704,15.9
342500,684.9999999976257,-2222654.914644275,-1775193.365214651,300.22197371844993,15.9
343000,685.999999997602,-2221759.1099071596,-1774304.8103838945,300.2171094319003,15.9
343500,686.9999999975784,-2225296.395611951,-1778334.8582520296,299.886493249479,15.9
344000,687.9999999975547,-2228511.4615151547,-1780657.2926704315,300.4853996505138,15.9
344500,688.9999999975311,-2228053.5273689907,-1781681.780881822,299.490776164682,15.9
345000,689.9999999975074,-2222448.491548635,-1775464.6981805428,299.90142580113314,15.9
345500,690.9999999974838,-2224161.1232152823,-1776796.9736776212,300.1566237730918,15.9
346000,691.9999999974601,-2226749.099255709,-1779464.0485843865,300.1035528046447,15.9
346500,692.9999999974365,-2228453.466222169,-1781946.914813309,299.58122281805083,15.9
347000,693.9999999974128,-2225794.2534262724,-1778535.1670837724,300.08613217474874,15.9
347500,694.9999999973892,-2226018.8517231215,-1778622.8924021092,300.1779663799671,15.9
348000,695.9999999973655,-2226166.029127365,-1778675.4122145954,300.24147639342203,15.9
348500,696.9999999973419,-2223710.639587762,-1776225.0851170155,300.23807977456613,15.9
349000,697.9999999973182,-2226730.1764146667,-1779358.7267201059,300.16152177497764,15.9
349500,698.9999999972946,-2225590.805449797,-1779316.2620740524,299.4255582481918,15.9
350000,699.999999997271,-2225619.7983453274,-1779394.799441928,299.3923166449897,15.9
350500,700.9999999972473,-2224471.2940214127,-1777166.9160875508,300.1165203298177,15.9
351000,701.9999999972237,-2225500.6367617417,-1779201.206421413,299.44225602621725,15.9
351500,702.9999999972,-2226374.7548756655,-1778999.2152042515,300.16426592344106,15.9
352000,703.9999999971764,-2226574.3460471667,-1780409.070275198,299.3522457239964,15.9
352500,704.9999999971527,-2223653.743623974,-1775586.6773971661,300.6282420295526,15.9
353000,705.9999999971291,-2224550.0839889813,-1776018.345156986,300.94001167063163,15.9
353500,706.9999999971054,-2225307.516955262,-1776054.5718941595,301.42390119775774,15.9
354000,707.9999999970818,-2227940.579022063,-1779512.4920503874,300.870466999979,15.9
354500,708.9999999970581,-2223187.646945376,-1778110.475073998,298.6221881334335,15.9
355000,709.9999999970345,-2226072.8023198713,-1780954.9030147498,298.64951399094815,15.9
355500,710.9999999970108,-2224167.049071843,-1776251.1675657155,300.5268054361814,15.9
356000,711.9999999969872,-2229061.3409617282,-1782934.5868989266,299.32639978578806,15.9
356500,712.9999999969635,-2227582.6444067247,-1781238.7780977772,299.47207010570594,15.9
357000,713.9999999969399,-2224997.9140004087,-1776941.4381140189,300.62113649633613,15.9
357500,714.9999999969162,-2224275.5077253934,-1774493.7711475883,301.77869108536345,15.9
358000,715.9999999968926,-2223759.947756229,-1776736.0611888352,299.9283261223839,15.9
358500,716.999999996869,-2223603.0056389067,-1777336.5066298682,299.4201609226498,15.9
359000,717.9999999968453,-2224296.3230241463,-1779239.9328921633,298.6082447346624,15.9
359500,718.9999999968217,-2224397.230416499,-1776634.3144666397,300.4241740005369,15.9
360000,719.999999996798,-2224571.7806542516,-1777961.8893361455,299.6505581867709,15.9
360500,720.9999999967744,-2227971.6790417545,-1782322.3123730791,299.00609922392835,15.9
361000,721.9999999967507,-2222351.2974054106,-1776791.7943672813,298.94580569354025,15.9
361500,722.9999999967271,-2224428.098178733,-1776667.6451148835,300.42252154011913,15.9
362000,723.9999999967034,-2223924.727647463,-1775957.8099946429,300.56104787044336,15.9
362500,724.9999999966798,-2225311.6313852537,-1778030.7717410708,300.10074085702297,15.9
363000,725.9999999966561,-2224618.611078255,-1777041.3154989902,300.29963298892744,15.9
363500,726.9999999966325,-2224975.068535991,-1777425.2017240627,300.2812298017108,15.9
364000,727.9999999966088,-2225246.535239516,-1776800.194768696,300.88271408924805,15.9
364500,728.9999999965852,-2224899.292422382,-1776512.6379212853,300.84266810170703,15.9
365000,729.9999999965615,-2226271.3652425706,-1776186.0657428463,301.98236503161087,15.9
365500,730.9999999965379,-2224523.873056961,-1777593.1828082916,299.8657965423868,15.9
366000,731.9999999965142,-2224935.2753542084,-1779617.716336354,298.7834746253427,15.9
366500,732.9999999964906,-2225077.6652683113,-1779688.7565871736,298.8313463067472,15.9
367000,733.999999996467,-2225626.667884903,-1778373.9918718243,300.0818311979306,15.9
367500,734.9999999964433,-2226817.5641040094,-1780571.2303429046,299.40663115558283,15.9
368000,735.9999999964197,-2228684.466218453,-1781875.6383475037,299.78403362084003,15.9
368500,736.999999996396,-2225348.841517819,-1777896.0374460944,300.21610606655275,15.9
369000,737.9999999963724,-2225061.538093671,-1778967.8761314661,299.3041968148998,15.9
369500,738.9999999963487,-2225926.6277589872,-1779166.9118850273,299.751082184704,15.9
370000,739.9999999963251,-2226526.4251813926,-1779820.9009597949,299.71472258050545,15.9
370500,740.9999999963014,-2224710.1731478386,-1776844.7127666282,300.492975647546,15.9
371000,741.9999999962778,-2224190.816309765,-1776634.8173147112,300.28534415773424,15.9
371500,742.9999999962541,-2227066.3802888785,-1779498.969854095,300.29300060321634,15.9
372000,743.9999999962305,-2225802.9821063075,-1778271.3291358305,300.2690093205622,15.9
372500,744.9999999962068,-2224764.5284088887,-1777205.1404302092,300.2876179784777,15.9
373000,745.9999999961832,-2226413.807842985,-1778165.3413417835,300.74995158980636,15.9
373500,746.9999999961595,-2228104.6150099523,-1779407.5844161941,301.05091330903855,15.9
374000,747.9999999961359,-2224423.7649230603,-1776773.678752306,300.3484714535352,15.9
374500,748.9999999961123,-2227003.767194327,-1779077.1786290267,300.5339892812329,15.9
375000,749.9999999960886,-2225182.690239297,-1778373.313862825,299.78440163773644,15.9
375500,750.999999996065,-2225172.0182813946,-1778233.7956602923,299.8708503480634,15.9
376000,751.9999999960413,-2224826.6387865413,-1778429.095338541,299.5080844999048,15.9
376500,752.9999999960177,-2224650.3751007915,-1776304.667015653,300.815195319227,15.9
377000,753.999999995994,-2224178.404163096,-1774755.5861060512,301.5378765911479,15.9
377500,754.9999999959704,-2226071.0446409173,-1780671.902963716,298.8382120816482,15.9
378000,755.9999999959467,-2224397.9970218427,-1777450.8435322982,299.87684246728367,15.9
378500,756.9999999959231,-2224433.9281546883,-1777826.3628859818,299.64899753615737,15.9
379000,757.9999999958994,-2226132.16110445,-1780060.168395007,299.2896579437019,15.9
379500,758.9999999958758,-2226881.9639483634,-1778924.0181707738,300.55502823793404,15.9
380000,759.9999999958521,-2223661.8231642973,-1776649.026361422,299.9208855031931,15.9
380500,760.9999999958285,-2224004.860665286,-1776898.0713033886,299.9839493164313,15.9
381000,761.9999999958048,-2223974.0825188085,-1776559.421982111,300.1905138622951,15.9
381500,762.9999999957812,-2226170.4782658555,-1780079.3994694394,299.3024636533968,15.9
382000,763.9999999957575,-2225706.7909329813,-1778607.7277729907,299.97876546188826,15.9
382500,764.9999999957339,-2226957.939865783,-1779475.3603940215,300.2360837146404,15.9
383000,765.9999999957103,-2223894.825185353,-1779207.1455869125,298.3608603409596,15.9
383500,766.9999999956866,-2222489.0370235704,-1776718.365452751,299.08748811016864,15.9
384000,767.999999995663,-2225441.0370235704,-1778280.7611852463,300.0198357865436,15.9
384500,768.9999999956393,-2222530.8255545236,-1776950.9305157606,298.9594875991389,15.9
385000,769.9999999956157,-2221349.252272591,-1774760.3497270308,299.63647588019575,15.9
385500,770.999999995592,-2224370.0879693087,-1775691.7252628924,301.0383881881871,15.9
386000,771.9999999955684,-2226220.4137855526,-1779567.2281586097,299.679606275632,15.9
386500,772.9999999955447,-2225722.1177289225,-1778688.1364881257,299.93509909042314,15.9
387000,773.9999999955211,-2223926.5668783803,-1776387.8394377944,300.2737558990824,15.9
387500,774.9999999954974,-2224760.397996532,-1778682.9535904224,299.29331573091366,15.9
388000,775.9999999954738,-2224370.4669090025,-1778388.496416796,299.22925801040776,15.9
388500,776.9999999954501,-2223798.4903364275,-1776810.0193529294,299.90456422259354,15.9
389000,777.9999999954265,-2223472.7586965337,-1775498.251038942,300.56614034423455,15.9
389500,778.9999999954028,-2225128.4479117338,-1778980.9000851149,299.3403512522822,15.9
390000,779.9999999953792,-2222462.8303362243,-1776729.5378785878,299.06240879072783,15.9
390500,780.9999999953556,-2224774.787511673,-1777310.9472415908,300.2235107458094,15.9
391000,781.9999999953319,-2223046.608287489,-1776485.6503475676,299.61772659398264,15.9
391500,782.9999999953083,-2224865.872603219,-1776928.1455827432,300.54146256916397,15.9
392000,783.9999999952846,-2225011.793198772,-1779316.568750127,299.0368672602666,15.9
392500,784.999999995261,-2222317.2839605026,-1772769.6601497838,301.6216143553138,15.9
393000,785.9999999952373,-2223860.425188087,-1777496.763377589,299.4853517933812,15.9
393500,786.9999999952137,-2227517.3714502603,-1779419.8084898933,300.6487036525743,15.9
394000,787.99999999519,-2225250.7283233367,-1779554.5311654012,299.03751989445044,15.9
394500,788.9999999951664,-2224939.9004539866,-1777468.6955810264,300.2284519873856,15.9
395000,789.9999999951427,-2225184.604264723,-1778213.6760758846,299.8927939767614,15.9
395500,790.9999999951191,-2226170.904635204,-1777683.6402902133,300.91017174743456,15.9
396000,791.9999999950954,-2226280.978416901,-1777784.3515010783,300.91645351510346,15.9
396500,792.9999999950718,-2227504.148493668,-1781685.1002687197,299.11994617187923,15.9
397000,793.9999999950481,-2227075.1426891442,-1778906.8759560117,300.6961419771322,15.9
397500,794.9999999950245,-2226607.178378282,-1778378.2695345974,300.7368294823349,15.9
398000,795.9999999950008,-2224657.4847783744,-1778169.0825856896,299.5690456968915,15.9
398500,796.9999999949772,-2227222.538004143,-1780548.5245733093,299.6935805811345,15.9
399000,797.9999999949536,-2224444.4863951243,-1778706.081614986,299.06583887662856,15.9
399500,798.9999999949299,-2227303.993234625,-1781095.4124011528,299.38130102730275,15.9
400000,799.9999999949063,-2226697.0087239873,-1777758.9217367647,301.212648828695,15.9
400500,800.9999999948826,-2224827.3065198213,-1777416.7827633466,300.1877383113569,15.9
401000,801.999999994859,-2223885.5416037403,-1777507.2283930974,299.4951820732675,15.9
401500,802.9999999948353,-2223082.706453318,-1777208.8146449802,299.1567431857722,15.9
402000,803.9999999948117,-2220675.772329565,-1773134.0616830753,300.2757574653972,15.9
402500,804.999999994788,-2224927.563500343,-1776874.7885013295,300.61865340541107,15.9
403000,805.9999999947644,-2223249.3560250197,-1776858.8228784804,299.5033809750015,15.9
403500,806.9999999947407,-2224472.6077464,-1775288.206274354,301.37791223710053,15.9
404000,807.9999999947171,-2225205.5858228058,-1778950.1964509177,299.4127069700211,15.9
404500,808.9999999946934,-2223615.8314117473,-1774984.0833047708,301.00711236780506,15.9
405000,809.9999999946698,-2225742.702349901,-1779101.9717771302,299.6712496225274,15.9
405500,810.9999999946461,-2223523.231246112,-1774408.4569243647,301.33119626672556,15.9
406000,811.9999999946225,-2229293.230132891,-1783240.4208509913,299.27678692386314,15.9
406500,812.9999999945989,-2224654.3025134318,-1778626.2964507341,299.26014533436154,15.9
407000,813.9999999945752,-2225279.8661886044,-1779561.5842420002,299.05233756728,15.9
407500,814.9999999945516,-2226094.340781564,-1778665.3862043126,300.2001043736429,15.9
408000,815.9999999945279,-2226491.804663783,-1778598.921921253,300.5113745366794,15.9
408500,816.9999999945043,-2228393.1330587566,-1781730.0067335842,299.68627593483836,15.9
409000,817.9999999944806,-2225848.974452235,-1779376.5041003395,299.5583563120877,15.9
409500,818.999999994457,-2225110.453572614,-1777111.5458403707,300.58251144602013,15.9
410000,819.9999999944333,-2226322.220443433,-1777341.9811140767,301.2409307210017,15.9
410500,820.9999999944097,-2222365.4449731503,-1773795.1899514967,300.96585390555447,15.9
411000,821.999999994386,-2223751.102394145,-1778735.3417863997,298.58098456901587,15.9
411500,822.9999999943624,-2224710.4919875115,-1777661.456427211,299.94519970693455,15.9
412000,823.9999999943387,-2224210.4266607687,-1776488.1485788948,300.39690823669673,15.9
412500,824.9999999943151,-2223897.1930488124,-1776635.570339204,300.0878339369232,15.9
413000,825.9999999942914,-2224531.374780759,-1776621.0893160463,300.5230508016198,15.9
413500,826.9999999942678,-2224861.9444706235,-1776839.0027299644,300.5986369375895,15.9
414000,827.9999999942441,-2221099.8435092196,-1773346.360578326,300.4178449660631,15.9
414500,828.9999999942205,-2225023.4235633817,-1778266.9465585763,299.7489090824754,15.9
415000,829.9999999941969,-2226264.790373599,-1778106.8487183554,300.6892144204148,15.9
415500,830.9999999941732,-2225729.6862580627,-1780031.6974819808,299.038721971225,15.9
416000,831.9999999941496,-2226976.9184914585,-1779177.3593203258,300.44875957717045,15.9
416500,832.9999999941259,-2224653.4671242516,-1778639.1575797314,299.2509557275102,15.9
417000,833.9999999941023,-2224773.898832282,-1777608.4966667295,300.0232752688419,15.9
417500,834.9999999940786,-2224741.041028807,-1776851.325425495,300.50924956127466,15.9
418000,835.999999994055,-2225919.647104578,-1780614.4656958566,298.77516993357966,15.9
418500,836.9999999940313,-2223827.4175778385,-1778335.3467650656,298.90056239651403,15.9
419000,837.9999999940077,-2222097.9600285515,-1777419.6002520537,298.3546072554334,15.9
419500,838.999999993984,-2224417.5061013084,-1777459.116328946,299.8843813921569,15.9
420000,839.9999999939604,-2224366.4761423785,-1777824.6371310544,299.60489884937255,15.9
420500,840.9999999939367,-2224027.845338799,-1777363.6022980285,299.6870251892969,15.9
421000,841.9999999939131,-2224953.6648087185,-1778189.6610958693,299.7539590876601,15.9
421500,842.9999999938894,-2226994.193691347,-1779100.8201830946,300.51170381336027,15.9
422000,843.9999999938658,-2224913.6303889807,-1779793.601433293,298.6509428687974,15.9
422500,844.9999999938422,-2226203.6622368265,-1779003.967974888,300.04628337059523,15.9
423000,845.9999999938185,-2228788.15998039,-1781616.3498657532,300.0275746485854,15.9
423500,846.9999999937949,-2226732.6727759577,-1779459.817646798,300.09537026975806,15.9
424000,847.9999999937712,-2228047.300548896,-1780976.3742761267,299.9598871653585,15.9
424500,848.9999999937476,-2226424.1013202704,-1780399.0556362737,299.2581590838386,15.9
425000,849.9999999937239,-2226054.288042115,-1778571.786001611,300.2360317625455,15.9
425500,850.9999999937003,-2223218.0047996417,-1775685.415336532,300.2696376553699,15.9
426000,851.9999999936766,-2226617.1356030237,-1777894.96881554,301.0677783060459,15.9
426500,852.999999993653,-2224435.3557273336,-1778426.5017895915,299.2472953168295,15.9
427000,853.9999999936293,-2225409.9150223657,-1777245.125938865,300.69380866639824,15.9
427500,854.9999999936057,-2222015.553559944,-1774663.105106091,300.14877299243824,15.9
428000,855.999999993582,-2223431.7234723233,-1777218.6342780725,299.3843258882609,15.9
428500,856.9999999935584,-2223980.3165765125,-1777106.725115199,299.8274864112507,15.9
429000,857.9999999935347,-2227558.7114153504,-1779675.5420923883,300.5048573688961,15.9
429500,858.9999999935111,-2224937.428770954,-1777554.8201229123,300.16900881613867,15.9
430000,859.9999999934874,-2224669.7078708485,-1777448.9436234133,300.06042016657256,15.9
430500,860.9999999934638,-2226643.5225657783,-1779097.3561617834,300.2787470324657,15.9
431000,861.9999999934402,-2226504.1605430413,-1779636.798040663,299.82330712400676,15.9
431500,862.9999999934165,-2224225.7894773204,-1777694.7090609479,299.5976804266615,15.9
432000,863.9999999933929,-2223651.793688353,-1777042.9750361745,299.6498384872073,15.9
432500,864.9999999933692,-2225356.8575926106,-1777140.8234854313,300.7281912455755,15.9
433000,865.9999999933456,-2223495.244001448,-1775393.6031599538,300.6514396854741,15.9
433500,866.9999999933219,-2226017.8069768175,-1778924.7276741778,299.9747506242633,15.9
434000,867.9999999932983,-2224927.5484553333,-1777424.1933305238,300.25002302980926,15.9
434500,868.9999999932746,-2223773.1834516786,-1776090.097957633,300.37061217597835,15.9
435000,869.999999993251,-2223075.219063036,-1777176.803078096,299.173197553109,15.9
435500,870.9999999932273,-2223651.6604404394,-1776402.2279501255,300.079654973387,15.9
436000,871.9999999932037,-2224207.3700366095,-1775552.4219623634,301.02267826385287,15.9
436500,872.99999999318,-2223091.792918369,-1775611.5717527277,300.23450142154996,15.9
437000,873.9999999931564,-2224240.2469572984,-1774643.1143519818,301.65483202071874,15.9
437500,874.9999999931327,-2224715.1600460894,-1779353.5907253493,298.813003106646,15.9
438000,875.9999999931091,-2224474.73580797,-1774761.9163717232,301.7324514916195,15.9
438500,876.9999999930855,-2224150.959707003,-1775484.592040979,301.03034017890906,15.9
439000,877.9999999930618,-2225170.5952654537,-1778014.4779764323,300.01704562975567,15.9
439500,878.9999999930382,-2224894.0021196846,-1777264.4277037894,300.3347091994687,15.9
440000,879.9999999930145,-2222396.3836274836,-1775042.0155280258,300.15006096856274,15.9
440500,880.9999999929909,-2224126.772816753,-1776774.1092592012,300.14891731513376,15.9
441000,881.9999999929672,-2224229.3465434927,-1777281.6553697241,299.87720322368654,15.9
441500,882.9999999929436,-2224674.612207152,-1779163.737193271,298.91317897636986,15.9
442000,883.9999999929199,-2222826.804694591,-1776552.23990903,299.42557261299555,15.9
442500,884.9999999928963,-2225679.5665747076,-1778217.7913628917,300.22212520582445,15.9
443000,885.9999999928726,-2224051.8154672366,-1778219.7089399118,299.12870757119464,15.9
443500,886.999999992849,-2224360.280930454,-1778100.908810838,299.41537917366685,15.9
444000,887.9999999928253,-2222084.0816363823,-1773836.3782779758,300.74943956316093,15.9
444500,888.9999999928017,-2225417.6592032406,-1777746.9069967445,300.3623372215487,15.9
445000,889.999999992778,-2225788.895319866,-1779762.421547542,299.2591172521924,15.9
445500,890.9999999927544,-2226000.056020245,-1777712.8499329812,300.7759437113719,15.9
446000,891.9999999927307,-2226323.508902995,-1779341.571955806,299.90018024528956,15.9
446500,892.9999999927071,-2226462.5351338815,-1779201.541620417,300.08741178107874,15.9
447000,893.9999999926835,-2228181.7613319624,-1782341.851901103,299.1339428882914,15.9
447500,894.9999999926598,-2227507.720372848,-1781227.9571439044,299.4290604812485,15.9
448000,895.9999999926362,-2222373.7778235693,-1775158.0695716063,300.05702787299634,15.9
448500,896.9999999926125,-2225399.4758425634,-1779713.2695125835,299.0308166009681,15.9
449000,897.9999999925889,-2223967.146135172,-1774953.1690126723,301.2635669159088,15.9
449500,898.9999999925652,-2223107.2048158906,-1777116.7157032844,299.23497353397164,15.9
450000,899.9999999925416,-2223865.035580525,-1778233.7770232148,298.99394968182526,15.9
450500,900.9999999925179,-2221443.689358361,-1774196.5029695989,300.0781479633613,15.9
451000,901.9999999924943,-2223387.274924623,-1776966.5480990668,299.5236392651715,15.9
451500,902.9999999924706,-2223778.3984705433,-1777237.478486082,299.6042822331316,15.9
452000,903.999999992447,-2222892.4753520098,-1774604.5699375684,300.7764129212645,15.9
452500,904.9999999924233,-2222693.6021214686,-1776343.1134772908,299.4765133267067,15.9
453000,905.9999999923997,-2222465.6597460844,-1773545.0071627977,301.200951307049,15.9
453500,906.999999992376,-2224670.512103863,-1775568.2401856426,301.3228078448203,15.9
454000,907.9999999923524,-2225063.8431826495,-1779416.8466702471,299.0045089800399,15.9
454500,908.9999999923288,-2225039.8384642117,-1778142.195696152,299.84362350904394,15.9
455000,909.9999999923051,-2225956.821311416,-1779129.9779033724,299.79612105072306,15.9
455500,910.9999999922815,-2225096.1491265167,-1779246.4599876674,299.14050453194307,15.9
456000,911.9999999922578,-2224831.3104926497,-1777147.0552957905,300.37139698193045,15.9
456500,912.9999999922342,-2226671.4073199388,-1778528.2954374768,300.67926446234566,15.9
457000,913.9999999922105,-2227560.967082858,-1779657.483160176,300.5184873427586,15.9
457500,914.9999999921869,-2225160.583969364,-1777344.4064385314,300.45990957822727,15.9
458000,915.9999999921632,-2223897.9490428884,-1776515.4323997092,300.16894708596,15.9
458500,916.9999999921396,-2226032.6994704977,-1778140.0469425987,300.51122007538333,15.9
459000,917.9999999921159,-2223637.098459501,-1775724.8781456759,300.52434897845774,15.9
459500,918.9999999920923,-2225239.3324581757,-1778901.2854316477,299.468165688766,15.9
460000,919.9999999920686,-2227935.4959443826,-1781534.673378517,299.5102846067942,15.9
460500,920.999999992045,-2226141.34230412,-1779023.974695336,299.99104673555627,15.9
461000,921.9999999920213,-2228960.4404909723,-1781599.8684800349,300.15422345034824,15.9
461500,922.9999999919977,-2225167.22869689,-1780857.0606900936,298.10757092360217,15.9
462000,923.999999991974,-2227912.609762436,-1781524.7146961163,299.5016109689499,15.9
462500,924.9999999919504,-2223070.167668298,-1775772.6704500269,300.1119037498727,15.9
463000,925.9999999919268,-2227629.617360778,-1783912.180939556,297.70988078300064,15.9
463500,926.9999999919031,-2224426.1928997636,-1777486.8934378661,299.87157284873257,15.9
464000,927.9999999918795,-2222947.261365408,-1776188.5788981859,299.75038882588706,15.9
464500,928.9999999918558,-2225683.408226287,-1776908.742985073,301.10300186752556,15.9
465000,929.9999999918322,-2225259.9045856763,-1778492.397149733,299.75630989224646,15.9
465500,930.9999999918085,-2225206.690817371,-1778865.4623626051,299.47030025131323,15.9
466000,931.9999999917849,-2224874.8947877213,-1778911.250441907,299.2169621788496,15.9
466500,932.9999999917612,-2223197.2265792433,-1776053.179581121,300.0089471315458,15.9
467000,933.9999999917376,-2226517.4673052467,-1780036.1099299963,299.5643190136775,15.9
467500,934.9999999917139,-2225086.1682783384,-1778702.9435963384,299.4984773991488,15.9
468000,935.9999999916903,-2224423.931207929,-1778631.3936138302,299.1021590035105,15.9
468500,936.9999999916666,-2226122.447162185,-1779415.5891350368,299.715617490326,15.9
469000,937.999999991643,-2225535.1810584366,-1777480.7860834748,300.61974031975546,15.9
469500,938.9999999916193,-2227969.4920361657,-1779358.904693093,300.99291466453263,15.9
470000,939.9999999915957,-2229286.1688040458,-1782233.5100043293,299.94763070036873,15.9
470500,940.999999991572,-2225655.7766920123,-1778400.4932772808,300.08358062035916,15.9
471000,941.9999999915484,-2224974.852359783,-1775951.6447588103,301.26976005690386,15.9
471500,942.9999999915248,-2223382.035957191,-1775304.5638239374,300.6352238177656,15.9
472000,943.9999999915011,-2226280.683542,-1779275.6052111872,299.91570683494876,15.9
472500,944.9999999914775,-2226291.265418073,-1781308.1750267928,298.5590646590675,15.9
473000,945.9999999914538,-2226264.206317505,-1778417.2015572097,300.4805929457375,15.9
473500,946.9999999914302,-2226320.871222472,-1778420.3350692438,300.5165095523437,15.9
474000,947.9999999914065,-2228414.990016604,-1779861.2654028246,300.9547629153124,15.9
474500,948.9999999913829,-2224655.4591133166,-1779813.3339564302,298.46448477628337,15.9
475000,949.9999999913592,-2223873.786254339,-1776014.2574483245,300.4889958883582,15.9
475500,950.9999999913356,-2221558.654242195,-1773746.8648438589,300.4569653838029,15.9
476000,951.9999999913119,-2224201.4056159463,-1775828.4756079118,300.8334597252539,15.9
476500,952.9999999912883,-2222371.5026500635,-1775333.1929225707,299.93800326581146,15.9
477000,953.9999999912646,-2226574.530223245,-1777749.3424609816,301.1368996873626,15.9
477500,954.999999991241,-2226710.378909208,-1780280.961125138,299.529470418087,15.9
478000,955.9999999912174,-2227254.3669813536,-1779774.8196319127,300.2340493281132,15.9
478500,956.9999999911937,-2224638.5651936196,-1776356.465566775,300.77251755860476,15.9
479000,957.9999999911701,-2224823.7902879696,-1779314.396928609,298.91218486806036,15.9
479500,958.9999999911464,-2224180.513137104,-1777763.4377624488,299.52118934338984,15.9
480000,959.9999999911228,-2226077.573911434,-1778089.6468236214,300.57514404037846,15.9
480500,960.9999999910991,-2224321.2284778897,-1776838.2382511694,300.23635930852026,15.9
481000,961.9999999910755,-2224652.411447918,-1778674.4796129242,299.22654829458725,15.9
481500,962.9999999910518,-2225129.7143204976,-1778896.8864089057,299.3975694768695,15.9
482000,963.9999999910282,-2222960.327298498,-1775419.3678187814,300.2752534740003,15.9
482500,964.9999999910045,-2223600.6895912737,-1776163.6377389203,300.20553719779497,15.9
483000,965.9999999909809,-2228211.3416414466,-1780861.877281063,300.14677083061605,15.9
483500,966.9999999909572,-2227337.7486659475,-1780100.0835447966,300.0717597189229,15.9
484000,967.9999999909336,-2222754.3550172467,-1777478.197911615,298.75569623003906,15.9
484500,968.9999999909099,-2227234.2811903395,-1779640.4995627045,300.3106942163936,15.9
485000,969.9999999908863,-2226461.945133485,-1779164.126628396,300.1121193155736,15.9
485500,970.9999999908626,-2225186.1905247476,-1778340.0144913767,299.80909217403024,15.9
486000,971.999999990839,-2222649.7857618015,-1775856.603968307,299.77353596744297,15.9
486500,972.9999999908154,-2223761.8782303613,-1777689.1924092106,299.29012298335743,15.9
487000,973.9999999907917,-2224972.6816644296,-1776656.2564430698,300.7955481357517,15.9
487500,974.9999999907681,-2222952.52633569,-1777429.860903538,298.9210896955118,15.9
488000,975.9999999907444,-2225508.950735541,-1778981.3991822754,299.5953127545156,15.9
488500,976.9999999907208,-2223037.2200227883,-1776404.2221734459,299.6660613924036,15.9
489000,977.9999999906971,-2223618.6854938194,-1777333.4156823019,299.43275509387126,15.9
489500,978.9999999906735,-2224970.5534492917,-1779044.7809416929,299.191552268139,15.9
490000,979.9999999906498,-2224408.2770721987,-1776677.1877556813,300.40282008824886,15.9
490500,980.9999999906262,-2221768.1013946906,-1773546.7637252782,300.7317496427681,15.9
491000,981.9999999906025,-2224953.5017634127,-1775796.1645045879,301.35975364555065,15.9
491500,982.9999999905789,-2222741.289071951,-1776308.393685,299.531803697454,15.9
492000,983.9999999905552,-2225614.243649192,-1778853.7089503822,299.7516315709314,15.9
492500,984.9999999905316,-2225531.2963661533,-1777510.0798686133,300.5974793947905,15.9
493000,985.999999990508,-2224790.4253435116,-1776979.3219761967,300.4565050948965,15.9
493500,986.9999999904843,-2223392.5028211735,-1776765.6411000928,299.6619443894119,15.9
494000,987.9999999904607,-2227078.8099435065,-1779400.531867595,300.3673866640599,15.9
494500,988.999999990437,-2224034.37183276,-1777458.662639433,299.6276238698891,15.9
495000,989.9999999904134,-2221926.9826955423,-1774360.2994393667,300.29251270655317,15.9
495500,990.9999999903897,-2225911.655413773,-1778711.466893933,300.04661499033523,15.9
496000,991.9999999903661,-2226518.1837551147,-1779136.3708591324,300.16847491047884,15.9
496500,992.9999999903424,-2227968.867772186,-1781199.2205048257,299.7577456008841,15.9
497000,993.9999999903188,-2225945.80214661,-1778396.7734550757,300.2806674692394,15.9
497500,994.9999999902951,-2226029.5335523803,-1779113.6382226213,299.8558699693394,15.9
498000,995.9999999902715,-2224007.220128311,-1777677.9641177095,299.46226740285545,15.9
498500,996.9999999902478,-2224250.594842991,-1776956.7298089284,300.1094667549768,15.9
499000,997.9999999902242,-2226716.848930329,-1779164.8316822,300.28267262557205,15.9
499500,998.9999999902005,-2221380.4848815147,-1772597.549396838,301.1085507438896,15.9
500000,999.9999999901769,-2226627.120992709,-1781037.3334484044,298.96612492371474,15.9
