#"Step","Time (ps)","Potential Energy (kJ/mole)","Total Energy (kJ/mole)","Temperature (K)","Speed (ns/day)"
500,1.0000000000000007,-2403736.9226397555,-1916767.4170966446,299.55145640130047,0
1000,2.0000000000000013,-2411874.7528077215,-1924198.9193315294,299.9859426651076,14.7
1500,2.999999999999891,-2413874.671702346,-1924933.1507843789,300.7645099310592,14.5
2000,3.999999999999781,-2416963.0126621574,-1931039.0456669885,298.90831018537796,14.2
2500,4.999999999999671,-2417504.0207053386,-1928227.5009873607,300.9705790530344,14.2
3000,5.999999999999561,-2421311.12341897,-1931767.701624962,301.13475957087235,14.3
3500,6.999999999999451,-2423559.364797132,-1937625.5360247644,298.91437649895397,14.2
4000,7.999999999999341,-2423949.617644869,-1937149.9974788327,299.44695414490707,14.3
4500,8.999999999999675,-2425047.709757235,-1937814.6205146168,299.7135956732102,14.3
5000,10.000000000000009,-2425803.0630969405,-1939134.0028443257,299.3666423147662,14.3
5500,11.000000000000343,-2429293.937546445,-1940801.6886785259,300.48814745788525,14.3
6000,12.000000000000677,-2427397.465151055,-1941053.9104856187,299.1664127899268,14.3
6500,13.00000000000101,-2428271.6850277577,-1938912.9836714915,301.0211317655933,14.3
7000,14.000000000001345,-2427778.4820249006,-1941508.670805856,299.12105069534977,14.3
7500,15.000000000001679,-2431812.7908792123,-1945150.005603155,299.3627823638961,14.3
8000,16.00000000000201,-2430070.709576508,-1942709.1194641902,299.7926409157342,14.3
8500,17.000000000001457,-2430971.0310083125,-1942955.0747961365,300.19516369385656,14.3
9000,18.000000000000902,-2430352.6568246167,-1942821.5980582093,299.89688683168794,14.2
9500,19.000000000000348,-2427339.463683216,-1940383.972373459,299.5428357711301,14.2
10000,19.999999999999794,-2430913.8158062603,-1945202.514520909,298.7774922955978,14.2
10500,20.99999999999924,-2431181.9429421537,-1942230.5851281555,300.77056093938535,14.2
11000,21.999999999998685,-2431326.9785930794,-1943116.1789873445,300.3150184725366,14.2
11500,22.99999999999813,-2430495.9898276813,-1943167.762370774,299.7721184150357,14.2
12000,23.999999999997577,-2431174.1035209354,-1942284.9946021012,300.73226953305806,14.2
12500,24.999999999997023,-2432679.3808249515,-1946748.9538499452,298.9122839380391,14.2
13000,25.99999999999647,-2429548.8335696775,-1941334.7108234358,300.31706264895286,14.2
13500,26.999999999995914,-2431921.953441741,-1945414.28125381,299.26736704337526,14.2
14000,27.99999999999536,-2433429.326769121,-1945953.1160210597,299.8631479556613,14.2
14500,28.999999999994806,-2432843.599874979,-1946544.4631565353,299.13908980448207,14.2
15000,29.99999999999425,-2435202.228916494,-1947313.7509712814,300.11674748895325,14.2
15500,30.999999999993697,-2436653.322781883,-1948684.7954226765,300.1659885980433,14.2
16000,31.999999999993143,-2435690.6563148685,-1947103.3385639507,300.54662755168255,14.2
16500,32.999999999994365,-2434778.880997872,-1946796.5157988605,300.1745007225599,14.2
17000,33.99999999999559,-2435965.115672743,-1948157.2539454345,300.0671577195572,14.2
17500,34.99999999999681,-2434494.41664584,-1946226.5990119318,300.35009219519475,14.2
18000,35.99999999999803,-2432017.9423823394,-1944223.948447845,300.0586271699289,14.2
18500,36.999999999999254,-2431823.0178112537,-1942721.0307531422,300.8632180954026,14.2
19000,38.000000000000476,-2434510.6735675093,-1946518.7883247284,300.18035682431514,14.2
19500,39.0000000000017,-2431404.7837210167,-1944203.475607367,299.69404602305724,14.2
20000,40.00000000000292,-2434393.482201185,-1945410.602828175,300.78995091925583,14.2
20500,41.00000000000414,-2433700.2884190157,-1945607.276874218,300.24256304196285,14.2
21000,42.000000000005365,-2434737.508124087,-1947059.6198754094,299.9872066253425,14.2
21500,43.00000000000659,-2435066.6891827118,-1946480.820872188,300.5457359517445,14.2
22000,44.00000000000781,-2432542.3549577147,-1944282.7303005732,300.3450524173549,14.2
22500,45.00000000000903,-2437576.1192291696,-1949683.6856103167,300.1191807579495,14.2
23000,46.00000000001025,-2436113.2839879133,-1948051.0534513139,300.22362860001033,14.2
23500,47.000000000011475,-2436521.702545384,-1948064.6639247285,300.4664884407844,14.2
24000,48.0000000000127,-2438189.4993740767,-1951871.7729912,299.15052493746606,14.2
24500,49.00000000001392,-2436641.3054553233,-1947530.7027137126,300.8685178944879,14.2
25000,50.00000000001514,-2437584.366494054,-1949146.3454388517,300.4547900913726,14.2
25500,51.000000000016364,-2436358.7408455573,-1947871.3418092104,300.48516416202324,14.2
26000,52.000000000017586,-2435520.3580014035,-1948579.315731135,299.5339476769619,14.2
26500,53.00000000001881,-2437510.3274950683,-1949109.8209779533,300.4317136268459,14.2
27000,54.00000000002003,-2436782.5671028085,-1949501.1408089865,299.7433294325555,14.2
27500,55.00000000002125,-2437184.4647459425,-1948022.7887660358,300.8999347752999,14.2
28000,56.000000000022474,-2435263.5165543966,-1945775.60687437,301.10061218710024,14.2
28500,57.0000000000237,-2436826.824909782,-1948363.430600083,300.4703980406418,14.2
29000,58.00000000002492,-2435986.3105894644,-1947882.0883343292,300.24945913005587,14.2
29500,59.00000000002614,-2436626.4562769607,-1949610.5243477873,299.5800148457251,14.2
30000,60.00000000002736,-2434619.1678042803,-1947031.9606464207,299.93142561130884,14.2
30500,61.000000000028585,-2436168.7152870614,-1946624.3258926747,301.13535477467724,14.2
31000,62.00000000002981,-2435959.509634413,-1948463.6669468326,299.8752242273947,14.2
31500,63.00000000003103,-2434206.153840665,-1946098.5086869884,300.251564671022,14.2
32000,64.00000000003224,-2437502.9873053227,-1947917.938811455,301.1603655655522,14.2
32500,65.00000000002991,-2432542.4346416183,-1945302.5700008078,299.71776345039774,14.2
33000,66.00000000002758,-2437316.544113444,-1950463.474986595,299.4798324132019,14.2
33500,67.00000000002525,-2440257.0004443657,-1952690.5396690504,299.9186638078789,14.2
34000,68.00000000002292,-2437146.528628301,-1949970.2006817155,299.6786798751977,14.2
34500,69.00000000002059,-2435975.1450921427,-1948799.3046433767,299.6783799987575,14.2
35000,70.00000000001826,-2438536.254937632,-1952391.3086629636,299.0442420337896,14.2
35500,71.00000000001593,-2439410.2878298573,-1953810.687076672,298.7087815104043,14.2
36000,72.0000000000136,-2437824.513687892,-1949830.8765574456,300.18143446982606,14.2
36500,73.00000000001127,-2439417.8438822553,-1951548.2532492313,300.1051292627415,14.2
37000,74.00000000000894,-2438934.895088244,-1951176.6313566503,300.0366483104838,14.2
37500,75.00000000000661,-2436260.6428637765,-1947238.8920299849,300.81386207294616,14.2
38000,76.00000000000428,-2437755.227547683,-1951104.7157144672,299.3552325530014,14.2
38500,77.00000000000195,-2440028.9218457136,-1950894.5048987526,300.8831668197585,14.2
39000,77.99999999999962,-2438389.3460202236,-1950185.9849110807,300.3104428010372,14.1
39500,78.99999999999729,-2438948.689816419,-1951083.7529160113,300.1022665939973,14.1
40000,79.99999999999496,-2436884.5515330117,-1949983.337488662,299.50944798459096,14.1
40500,80.99999999999262,-2436365.4293977115,-1949025.67271435,299.7792104331934,14.1
41000,81.9999999999903,-2434455.6292617284,-1945319.8106003343,300.8840290618396,14.1
41500,82.99999999998796,-2439785.381987909,-1952375.1747055224,299.8225469856921,14.1
42000,83.99999999998563,-2437671.343862135,-1950117.4305815864,299.91094541835173,14.1
42500,84.9999999999833,-2435721.965847645,-1947275.8753169484,300.45975389939184,14.2
43000,85.99999999998097,-2438064.3341831006,-1951339.9827557853,299.4006537912943,14.1
43500,86.99999999997864,-2436487.1555570085,-1947744.1358590862,300.64240509926776,14.1
44000,87.99999999997631,-2436502.3870243654,-1948205.916124315,300.36771779085507,14.2
44500,88.99999999997398,-2438364.9477342274,-1949816.671427971,300.5226118351435,14.2
45000,89.99999999997165,-2436010.314003138,-1949253.800470723,299.42043779278475,14.2
45500,90.99999999996932,-2438456.4819660485,-1949945.0539367083,300.4999452104566,14.2
46000,91.99999999996699,-2437435.007808108,-1949002.9082359502,300.4511475863495,14.2
46500,92.99999999996466,-2436845.8333940003,-1948927.6081725985,300.13504604729206,14.2
47000,93.99999999996233,-2435164.3398734946,-1948348.1742782795,299.4571317994644,14.2
47500,94.99999999996,-2435878.2729715426,-1948046.7775187052,300.08169562556935,14.1
48000,95.99999999995767,-2436212.78871141,-1950119.5712571128,299.01242188221187,14.2
48500,96.99999999995534,-2436867.105059495,-1950719.2043284308,299.0460594201069,14.1
49000,97.999999999953,-2435588.307447074,-1946844.1270026357,300.64311911381174,14.2
49500,98.99999999995067,-2439104.6180294957,-1950392.6349392217,300.6233134294263,14.1
50000,99.99999999994834,-2436129.020805057,-1948885.7487156831,299.7198594875587,14.1
50500,100.99999999994601,-2438135.8051861115,-1952237.304804844,298.892644807573,14.1
51000,101.99999999994368,-2439169.997296244,-1952247.1847218054,299.5227339728727,14.1
51500,102.99999999994135,-2441286.719766138,-1954059.4863759652,299.70999353979437,14.1
52000,103.99999999993902,-2441886.675559109,-1955820.436198939,298.99582674166453,14.1
52500,104.99999999993669,-2440378.5400966126,-1952252.7267765263,300.2627405262784,14.1
53000,105.99999999993436,-2439541.9676458687,-1952885.3815129746,299.35896906071815,14.1
53500,106.99999999993203,-2442530.6574507244,-1954191.2646083822,300.39412053307746,14.1
54000,107.9999999999297,-2439943.1921404507,-1950245.3022526016,301.2297781335357,14.1
54500,108.99999999992737,-2437632.7739019524,-1949428.717514195,300.3108704904905,14.1
55000,109.99999999992504,-2436580.80591646,-1948308.9112855594,300.35260009429936,14.1
55500,110.99999999992271,-2436015.1661197674,-1947350.262859099,300.5943530297195,14.1
56000,111.99999999992038,-2437195.0719605256,-1948303.4421294297,300.7338202316764,14.1
56500,112.99999999991805,-2438478.956764005,-1949980.141844753,300.4921864587204,14.1
57000,113.99999999991572,-2440620.8568798844,-1951544.7671478519,300.8472877719315,14.1
57500,114.99999999991338,-2440009.0112286154,-1952611.061691855,299.81500683068714,14.1
58000,115.99999999991105,-2438727.3650447186,-1948360.4277397846,301.64133188774,14.1
58500,116.99999999990872,-2440227.4430129137,-1951712.5550734617,300.50207351849474,14.1
59000,117.9999999999064,-2437244.438595703,-1949776.6239466516,299.85798323044145,14.1
59500,118.99999999990406,-2439047.870187942,-1951990.8987340373,299.6052596490717,14.1
60000,119.99999999990173,-2440141.7939532083,-1952326.6577918276,300.07163247063727,14.1
60500,120.9999999998994,-2440127.799530495,-1950664.1443193047,301.08569244082986,14.1
61000,121.99999999989707,-2437355.6726035494,-1949921.6068404499,299.83722314623975,14.1
61500,122.99999999989474,-2438493.535960054,-1949956.2653406868,300.5158418639261,14.1
62000,123.99999999989241,-2437992.425185254,-1951186.3636176654,299.45091646943524,14.1
62500,124.99999999989008,-2440807.849149961,-1952420.0173781007,300.42391696122866,14.1
63000,125.99999999988775,-2436697.63163249,-1951001.560884918,298.7681234753294,14.1
63500,126.99999999988542,-2438515.9050640464,-1952741.165581187,298.8165152821271,14.1
64000,127.99999999988309,-2442171.717018783,-1955752.8144423068,299.2127618451181,14.1
64500,128.99999999988785,-2441035.757451078,-1951420.4844874016,301.17895766186837,14.1
65000,129.99999999989262,-2439295.0277771316,-1952507.4768609232,299.4395299400598,14.1
65500,130.9999999998974,-2438804.0241210256,-1950445.9066063596,300.40563871399314,14.1
66000,131.99999999990217,-2440658.8100459836,-1953051.471093219,299.94380936104096,14.1
66500,132.99999999990695,-2437921.2794018313,-1952168.6013757114,298.8029445319642,14.1
67000,133.99999999991172,-2439855.734123444,-1952170.550680222,299.991694146893,14.1
67500,134.9999999999165,-2440195.3852640428,-1952751.549578638,299.8432329567558,14.1
68000,135.99999999992127,-2440590.552269932,-1953009.9341130343,299.92737249337864,14.1
68500,136.99999999992605,-2442792.017426314,-1955610.2346140863,299.6820353480333,14.1
69000,137.99999999993082,-2438641.70679068,-1953478.1211538902,298.4405738266736,14.1
69500,138.9999999999356,-2438936.9275190607,-1953321.2654170864,298.71866139069806,14.1
70000,139.99999999994037,-2439666.922257876,-1952331.539357379,299.77651997103476,14.1
70500,140.99999999994515,-2438145.384988334,-1950767.4905933002,299.80267023292464,14.1
71000,141.99999999994992,-2440139.665549854,-1952781.3679065267,299.79061560640764,14.1
71500,142.9999999999547,-2439867.3676571157,-1950307.6301641755,301.1447959105644,14.1
72000,143.99999999995947,-2440317.6729393173,-1952286.8835117028,300.2042881076796,14.1
72500,144.99999999996425,-2439948.5345795434,-1951253.2191548613,300.61306058310623,14.1
73000,145.99999999996902,-2441655.3754875455,-1951912.869034757,301.2572232956149,14.1
73500,146.9999999999738,-2441536.3265170455,-1954525.5652193278,299.5768342149761,14.1
74000,147.99999999997857,-2440989.4141971245,-1952510.7250367976,300.4798064219242,14.1
74500,148.99999999998334,-2437635.620600879,-1950739.6507362472,299.506222111812,14.1
75000,149.99999999998812,-2439977.7677899636,-1951485.8112729448,300.4879676229325,14.1
75500,150.9999999999929,-2438128.5339150038,-1950760.03959178,299.79688792999,14.1
76000,151.99999999999767,-2437059.724978598,-1950475.9698063992,299.3141682670359,14.1
76500,153.00000000000244,-2436661.0995988157,-1948211.1268523892,300.46214198193644,14.1
77000,154.00000000000722,-2439964.6817334685,-1953661.0696462651,299.14184275556977,14.1
77500,155.000000000012,-2441010.929976007,-1954954.6402185645,298.98970640362757,14.1
78000,156.00000000001677,-2441604.9302494824,-1954532.1286138915,299.61499733064153,14.1
78500,157.00000000002154,-2441620.592268124,-1954207.39663913,299.82438521902776,14.1
79000,158.00000000002632,-2439584.0975184944,-1952725.6224602375,299.48315778493054,14.1
79500,159.0000000000311,-2439959.6995069925,-1953125.0511917223,299.46850114733473,14.1
80000,160.00000000003587,-2440300.07344079,-1952717.5983478222,299.92851475772574,14.1
80500,161.00000000004064,-2438117.6956651993,-1950906.1884268108,299.700319850545,14.1
81000,162.00000000004542,-2439192.888286395,-1951565.2180311233,299.9563158346645,14.1
81500,163.0000000000502,-2439371.2219059076,-1948324.8487011972,302.0592759499301,14.1
82000,164.00000000005497,-2437920.7744943537,-1949454.720050098,300.47203437961514,14.1
82500,165.00000000005974,-2441090.8866682276,-1953524.020853816,299.91891296116216,14.1
83000,166.00000000006452,-2441911.54706686,-1951252.2622856267,301.82116473415823,14.1
83500,167.0000000000693,-2440245.329430908,-1951527.7284590357,300.6267691789042,14.1
84000,168.00000000007407,-2440113.3537477925,-1950789.5447398387,300.9996682989177,14.1
84500,169.00000000007884,-2441933.901155846,-1953362.430013069,300.53687976564373,14.1
85000,170.00000000008362,-2442357.3328167778,-1956649.700818972,298.77523519239986,14.1
85500,171.0000000000884,-2437794.5305514894,-1950386.5433596852,299.8211813326898,14.1
86000,172.00000000009317,-2439969.9961494934,-1952636.0165743958,299.77565673799364,14.1
86500,173.00000000009794,-2438977.3392941505,-1950817.3891173168,300.283739264473,14.1
87000,174.00000000010272,-2443894.5599749777,-1956238.9574027373,299.97349795004016,14.1
87500,175.0000000001075,-2439332.18967996,-1951215.8168035322,300.2569333892506,14.1
88000,176.00000000011227,-2439707.947591964,-1952181.1269458856,299.8942798201554,14.1
88500,177.00000000011704,-2440633.2435008436,-1952494.9129626066,300.2704402916321,14.1
89000,178.00000000012182,-2441350.6479361225,-1954972.3328265105,299.1877951178951,14.1
89500,179.0000000001266,-2440380.1074286085,-1952154.1167256618,300.32436303157436,14.1
90000,180.00000000013137,-2438346.6542922873,-1950317.2578480109,300.20343123639105,14.1
90500,181.00000000013614,-2441067.722445501,-1953442.227480052,299.9549777401285,14.1
91000,182.00000000014091,-2440636.2042952385,-1954179.2542371363,299.236166141288,14.1
91500,183.0000000001457,-2441598.865639273,-1953652.208207742,300.1525356639025,14.1
92000,184.00000000015046,-2442400.0445991606,-1953685.7134502488,300.6247577999189,14.1
92500,185.00000000015524,-2439702.4234415647,-1951850.0799580761,300.0945199561971,14.1
93000,186.00000000016001,-2442284.434173232,-1953565.0239505626,300.6278821104229,14.1
93500,187.0000000001648,-2440175.4410300925,-1950747.7805950346,301.06355083341793,14.1
94000,188.00000000016956,-2441869.021204306,-1952438.2338672234,301.06547429688914,14.1
94500,189.00000000017434,-2441359.015387958,-1952933.3957028931,300.4471615880602,14.1
95000,190.0000000001791,-2437663.6053622067,-1950151.4280819492,299.8852721892701,14.1
95500,191.0000000001839,-2443368.1994085014,-1954146.2359331697,300.937019658135,14.1
96000,192.00000000018866,-2440071.2553819343,-1951412.862044667,300.59034855507866,14.1
96500,193.00000000019344,-2437628.1315738633,-1948827.8037451734,300.6776572738696,14.1
97000,194.0000000001982,-2440389.852177851,-1952994.7041431954,299.81328353174115,14.1
97500,195.000000000203,-2438892.98487531,-1951348.1626562132,299.9053531981675,14.1
98000,196.00000000020776,-2439302.187383907,-1953525.0584422662,298.81798511925194,14.1
98500,197.00000000021254,-2439382.0935626198,-1953654.894215297,298.7872717326328,14.1
99000,198.0000000002173,-2441054.0117911827,-1952957.6255069466,300.24463895863164,14.1
99500,199.0000000002221,-2441277.011664724,-1953570.8116389685,300.00462215949887,14.1
100000,200.00000000022686,-2441220.854363732,-1952616.4237052063,300.5571542814653,14.1
100500,201.00000000023164,-2441930.765576709,-1953706.0839513023,300.3235577735875,14.1
101000,202.0000000002364,-2438307.435279388,-1950059.7267376129,300.33772241070767,14.1
101500,203.0000000002412,-2440184.6273684725,-1953531.8144582598,299.3566480234938,14.1
102000,204.00000000024596,-2440593.0047848765,-1953379.8370142828,299.7013413002143,14.1
102500,205.00000000025074,-2442866.262339536,-1955196.2745952855,299.9823467571567,14.1
103000,206.0000000002555,-2440349.3752277363,-1953028.488179133,299.76760308096857,14.1
103500,207.0000000002603,-2440748.845367316,-1954925.5854869215,298.84636182401823,14.1
104000,208.00000000026506,-2442281.8231458813,-1953968.893747336,300.3778419714007,14.1
104500,209.00000000026984,-2443340.9845275916,-1956732.9997491997,299.3290727194514,14.1
105000,210.0000000002746,-2442454.632919088,-1956594.965485477,298.86875734461194,14.1
105500,211.00000000027939,-2440700.679555835,-1951591.47919418,300.8676552430213,14.1
106000,212.00000000028416,-2441587.809977837,-1953993.0480429898,299.9360728108227,14.1
106500,213.00000000028894,-2443734.266015308,-1957857.7674619653,298.8791107371162,14.1
107000,214.0000000002937,-2440024.9441274516,-1953141.977836268,299.49822317282195,14.1
107500,215.00000000029848,-2439534.7317685504,-1953541.7989683298,298.95073339075316,14.1
108000,216.00000000030326,-2441859.540217787,-1954680.6361555243,299.680264531309,14.1
108500,217.00000000030803,-2438518.646290453,-1952597.8502994261,298.9063595931989,14.1
109000,218.0000000003128,-2440060.1998868585,-1950649.6272651155,301.05303953998595,14.1
109500,219.00000000031758,-2438288.6572413165,-1949529.394586107,300.6523966931074,14.1
110000,220.00000000032236,-2441202.1198940165,-1954240.6628049046,299.54650552431593,14.1
110500,221.00000000032713,-2441335.4598021563,-1954981.7346382649,299.1726690084168,14.1
111000,222.0000000003319,-2440761.0475483257,-1951921.8966086833,300.7015386859404,14.1
111500,223.00000000033668,-2440825.8265925534,-1954328.4122197744,299.2610571134244,14.1
112000,224.00000000034146,-2440399.714668514,-1951720.0818159303,300.60341370119954,14.1
112500,225.00000000034623,-2442817.4621719047,-1955083.169633733,300.0219028165266,14.1
113000,226.000000000351,-2444036.915330125,-1955491.3227285221,300.5209609974044,14.1
113500,227.00000000035578,-2441205.157186363,-1953919.470761378,299.7459499836983,14.1
114000,228.00000000036056,-2438820.254584497,-1951831.6125981756,299.56322787645195,14.1
114500,229.00000000036533,-2438417.7788512018,-1950812.8353718538,299.94233582411,14.1
115000,230.0000000003701,-2440302.9456043206,-1950799.7590580028,301.11000950560725,14.1
115500,231.00000000037488,-2440950.0321137104,-1953970.366474633,299.5577062208667,14.1
116000,232.00000000037966,-2444390.818255935,-1956921.3602555236,299.85899411159033,14.1
116500,233.00000000038443,-2442924.6623597834,-1955035.8381391177,300.116960494727,14.1
117000,234.0000000003892,-2442995.1557862144,-1955374.781450538,299.95182786711064,14.1
117500,235.00000000039398,-2438562.94465868,-1951640.2006326378,299.5226918064294,14.1
118000,236.00000000039876,-2439672.35015055,-1951542.4591358758,300.2652488544973,14.1
118500,237.00000000040353,-2439067.9216016773,-1950229.7935787463,300.7009094551833,14.1
119000,238.0000000004083,-2440013.786473455,-1953677.1317861832,299.16216837937395,14.1
119500,239.00000000041308,-2442937.07817821,-1953884.4459838248,300.8328582450602,14.1
120000,240.00000000041786,-2439936.591070857,-1951803.9978124045,300.26691109628064,14.1
120500,241.00000000042263,-2442031.9760627355,-1953231.6367322772,300.6776643489973,14.1
121000,242.0000000004274,-2439033.5165899005,-1952417.2682038199,299.3341559447666,14.1
121500,243.00000000043218,-2440267.276160173,-1953549.0634843027,299.3968776371104,14.1
122000,244.00000000043696,-2437898.783600213,-1952411.0489090038,298.6399689022114,14.1
122500,245.00000000044173,-2438772.057868058,-1951394.311204225,299.8025793584531,14.1
123000,246.0000000004465,-2440205.357478259,-1952692.9119246213,299.88543721332377,14.1
123500,247.00000000045128,-2441120.3142733537,-1953784.254615452,299.77693626746384,14.1
124000,248.00000000045605,-2441185.379980106,-1953427.7355442448,300.03626736067787,14.1
124500,249.00000000046083,-2440881.206556672,-1952021.8530863344,300.7139659476558,14.1
125000,250.0000000004656,-2441862.1326715834,-1955095.9373032865,299.42639341835496,14.1
125500,251.00000000047038,-2440463.3383223955,-1951803.0271188444,300.5915282996662,14.1
126000,252.00000000047515,-2441379.6895755604,-1953783.900610705,299.9367045718084,14.1
126500,253.00000000047993,-2439931.409796091,-1952866.8453125672,299.6099303790762,14.1
127000,254.0000000004847,-2441067.5044821333,-1952092.1263424265,300.7853366562778,14.1
127500,255.00000000048948,-2438826.2333467733,-1951538.9693032526,299.746920430358,14.1
128000,256.00000000049425,-2442560.670763891,-1953024.1566509295,301.13051042201545,14.1
128500,257.000000000499,-2439821.900164716,-1952488.4579516398,299.7753261883919,14.1
129000,258.0000000005038,-2440524.5888791587,-1951815.306465263,300.62165215180363,14.1
129500,259.0000000005086,-2441216.6557299867,-1953718.6631826945,299.87654667900716,14.1
130000,260.00000000051335,-2441420.4734256156,-1951904.9229684237,301.1176149664564,14.1
130500,261.0000000005181,-2440514.4671094473,-1951351.6326339233,300.9006474052396,14.1
131000,262.0000000005229,-2439006.9774120618,-1951690.103179202,299.7651346619267,14.1
131500,263.0000000005277,-2438821.1229428165,-1949420.7769451237,301.0467487967393,14.1
132000,264.00000000053245,-2438425.377091313,-1949286.8587129165,300.8856897493173,14.1
132500,265.0000000005372,-2439618.061946854,-1951673.8331525763,300.15104172677076,14.1
133000,266.000000000542,-2441848.5374029055,-1954069.956772156,300.04914592411745,14.1
133500,267.0000000005468,-2443835.9905376304,-1953227.2059777086,301.79010033552504,14.1
134000,268.00000000055155,-2442293.4929801095,-1954982.3749997923,299.76159379578843,14.1
134500,269.0000000005563,-2442137.916604111,-1954317.1049180175,300.0751236783498,14.1
135000,270.0000000005611,-2440075.3733863514,-1951724.5839103968,300.4011309888819,14.1
135500,271.0000000005659,-2439072.26454472,-1951007.2864544112,300.22531871346877,14.1
136000,272.00000000057065,-2439368.9797999877,-1949638.8635252349,301.2496016769438,14.1
136500,273.0000000005754,-2440013.553708693,-1952933.029462798,299.6197477701197,14.1
137000,274.0000000005802,-2436940.912222773,-1948960.692205987,300.17318114822814,14.1
137500,275.000000000585,-2438847.891973797,-1950997.7825246365,300.09314572592405,14.1
138000,276.00000000058975,-2441891.0904628243,-1953268.7402315135,300.56817721835296,14.1
138500,277.0000000005945,-2441456.9151280224,-1954903.1460655169,299.29572279410974,14.1
139000,278.0000000005993,-2440832.389903726,-1954510.322183935,299.15319544102044,14.1
139500,279.0000000006041,-2442983.9399525486,-1957230.8250647038,298.80321326042554,14.1
140000,280.00000000060885,-2443108.183331199,-1954177.6571099926,300.7577467202423,14.1
140500,281.0000000006136,-2442636.8700544294,-1955158.8621201257,299.86425346586304,14.1
141000,282.0000000006184,-2439193.188989384,-1951866.1783497953,299.77136990943984,14.1
141500,283.0000000006232,-2438382.3070029244,-1950455.6609225022,300.1402260032339,14.1
142000,284.00000000062795,-2439170.516404191,-1951630.6527938638,299.9023029897627,14.1
142500,285.0000000006327,-2440441.0860781055,-1952909.6858645699,299.8970968673953,14.1
143000,286.0000000006375,-2440752.351832038,-1951893.6687964303,300.7135535405181,14.1
143500,287.0000000006423,-2441417.9693805,-1951665.1115898853,301.26359075453416,14.1
144000,288.00000000064705,-2439851.534001464,-1952640.958671057,299.69974660234385,14.1
144500,289.0000000006518,-2441440.7306594923,-1952852.983319259,300.54689180663837,14.1
145000,290.0000000006566,-2441345.6395831816,-1954446.7028306355,299.50804714517767,14.1
145500,291.0000000006614,-2442012.9627844766,-1956033.0449811183,298.9427274248339,14.1
146000,292.00000000066615,-2441792.862062391,-1954394.6249355916,299.81518373707246,14.1
146500,293.0000000006709,-2441672.970249299,-1954558.1858919375,299.64082232647166,14.1
147000,294.0000000006757,-2443968.7399982642,-1956768.0490798617,299.6936663653311,14.1
147500,295.0000000006805,-2443198.270341195,-1955733.1773094886,299.85630907132037,14.1
148000,296.00000000068525,-2438964.984605845,-1951656.8432648452,299.7597627640041,14.1
148500,297.00000000069,-2439703.751191074,-1953523.7382571595,299.06581272503155,14.1
149000,298.0000000006948,-2439504.4301628005,-1949437.8098238579,301.45659673796024,14.1
149500,299.0000000006996,-2438150.992246393,-1949919.4235488563,300.3277942452012,14.1
150000,300.00000000070435,-2438653.831555927,-1948684.3021639157,301.39687280406787,14.1
150500,301.0000000007091,-2441163.722692605,-1953138.3956215722,300.2009280269131,14.1
151000,302.0000000007139,-2443395.5125608314,-1953285.8872349227,301.4830505637779,14.1
151500,303.00000000071867,-2440377.351736957,-1952629.6410082956,300.03015680051914,14.1
152000,304.00000000072345,-2441554.030038202,-1953702.0146865812,300.09431811115803,14.1
152500,305.0000000007282,-2443034.1668295413,-1955212.4396227216,300.07568684619446,14.1
153000,306.000000000733,-2440833.2841570564,-1953095.3796626662,300.02412465328115,14.1
153500,307.00000000073777,-2440890.310102891,-1952507.4126039941,300.42088172260355,14.1
154000,308.00000000074255,-2441046.1297673266,-1953054.462690581,300.18022262298854,14.1
154500,309.0000000007473,-2442431.423350647,-1953969.2961999658,300.46961856815966,14.1
155000,310.0000000007521,-2442356.4488474727,-1953782.7794032318,300.5382320154202,14.1
155500,311.00000000075687,-2441402.3217107113,-1952874.8943254328,300.5097869568457,14.1
156000,312.00000000076164,-2444532.5022149067,-1956698.9016312137,300.08299056294544,14.1
156500,313.0000000007664,-2439113.1613850817,-1951557.0989433923,299.9122674402493,14.1
157000,314.0000000007712,-2441963.1878912915,-1953919.9465445136,300.21194770541183,14.1
157500,315.00000000077597,-2441399.0913233235,-1953732.5641433217,299.98021804673664,14.1
158000,316.00000000078074,-2441245.779985195,-1954525.2639020025,299.39829454106473,14.1
158500,317.0000000007855,-2440202.22640338,-1951243.6095691125,300.77502620891215,14.1
159000,318.0000000007903,-2440931.7956453934,-1953196.3470155858,300.022613967696,14.1
159500,319.00000000079507,-2441069.119104581,-1951481.467713213,301.16196669607075,14.1
160000,320.00000000079984,-2440519.8906493895,-1950547.1037474782,301.3988766088722,14.1
160500,321.0000000008046,-2443233.0350435935,-1954096.1695180663,300.8846730234679,14.1
161000,322.0000000008094,-2441095.220654737,-1952355.7141075558,300.64024404111336,14.1
161500,323.00000000081417,-2440859.228710383,-1952715.0041851774,300.27406588288676,14.1
162000,324.00000000081894,-2440333.11346625,-1953613.6965201641,299.39761842455755,14.1
162500,325.0000000008237,-2440834.087881878,-1953118.292474405,300.01052460418083,14.1
163000,326.0000000008285,-2442713.1996238045,-1953598.9129799684,300.87078398767096,14.1
163500,327.00000000083327,-2440553.3204835113,-1949608.401339732,301.9968681166595,14.1
164000,328.00000000083804,-2438401.3819576018,-1949913.5955808302,300.4854024282534,14.1
164500,329.0000000008428,-2440328.0625223666,-1954254.3426302953,299.00042827050817,14.1
165000,330.0000000008476,-2439909.5591900386,-1953297.376321108,299.3316551073026,14.1
165500,331.00000000085237,-2441064.140142856,-1952156.6485650945,300.74357732993565,14.1
166000,332.00000000085714,-2441932.954897085,-1952693.515445204,300.9477697239355,14.1
166500,333.0000000008619,-2440301.338833621,-1951317.1248622355,300.79077187597375,14.1
167000,334.0000000008667,-2440435.807977367,-1953666.026418644,299.4285994056969,14.1
167500,335.00000000087147,-2440500.0832749903,-1952591.5114639364,300.1291079072319,14.1
168000,336.00000000087624,-2442403.3773287684,-1955689.8142871165,299.3940174894296,14.1
168500,337.000000000881,-2442343.502962468,-1956148.524635158,299.0750184459981,14.1
169000,338.0000000008858,-2437040.5894565005,-1948698.8809652047,300.39554496727453,14.1
169500,339.00000000089057,-2440450.5188561827,-1952823.4965830254,299.9559172388923,14.1
170000,340.00000000089534,-2438508.399649471,-1951277.714858574,299.71211661341965,14.1
170500,341.0000000009001,-2442100.963567985,-1956178.2827034313,298.90751904282286,14.1
171000,342.0000000009049,-2442860.0198750515,-1956829.6376530207,298.97376980004964,14.1
171500,343.00000000090967,-2442247.9223333597,-1953380.0272209411,300.71922020135395,14.1
172000,344.00000000091444,-2441718.6246220283,-1954815.661389714,299.51052396942424,14.1
172500,345.0000000009192,-2443784.401405096,-1957863.256334468,298.90657432389906,14.1
173000,346.000000000924,-2442214.486985484,-1954291.976064694,300.1376823263175,14.1
173500,347.00000000092876,-2442167.8368524145,-1954770.9586495045,299.8143478169059,14.1
174000,348.00000000093354,-2441316.195992036,-1953331.132875008,300.1761603034204,14.1
174500,349.0000000009383,-2440752.5482844934,-1952023.5243784278,300.63379581308794,14.1
175000,350.0000000009431,-2442957.9765701033,-1955018.257610863,300.14826757430706,14.1
175500,351.00000000094786,-2438999.2027766723,-1949283.072582077,301.2409983647593,14.1
176000,352.00000000095264,-2440131.822909586,-1952599.4034725716,299.8977238263198,14.1
176500,353.0000000009574,-2439326.7333164494,-1952034.2807651616,299.7501120574323,14.1
177000,354.0000000009622,-2440707.4950270616,-1952977.5909041027,300.0192033535144,14.1
177500,355.00000000096696,-2439661.1899072696,-1950833.4560319232,300.69451566252974,14.1
178000,356.00000000097174,-2441592.8400260825,-1955264.5224967366,299.15703991081375,14.1
178500,357.0000000009765,-2443731.1029195376,-1956926.0371377135,299.45030392784366,14.1
179000,358.0000000009813,-2439650.308160454,-1952131.9181693406,299.88909383839587,14.1
179500,359.00000000098606,-2440101.486341303,-1951649.053958277,300.4636549878174,14.1
180000,360.00000000099084,-2442009.51815241,-1953383.1932434423,300.57062217736444,14.1
180500,361.0000000009956,-2441114.071857471,-1954395.9512817278,299.39682098319895,14.1
181000,362.0000000010004,-2439572.6998227313,-1951939.8580296105,299.95949702296656,14.1
181500,363.00000000100516,-2440226.8821170423,-1953319.7205605125,299.5131065010179,14.1
182000,364.00000000100994,-2441345.6429948267,-1954480.5108630012,299.4872527766294,14.1
182500,365.0000000010147,-2444104.6508034393,-1955666.2692599832,300.45501183992195,14.1
183000,366.0000000010195,-2442287.709178934,-1953355.6234478261,300.758706027667,14.1
183500,367.00000000102426,-2441846.1413266473,-1952481.057369378,301.0250579199097,14.1
184000,368.00000000102904,-2439972.5728268325,-1949638.0901270076,301.62136795957485,14.1
184500,369.0000000010338,-2441740.2560339775,-1955473.9541655486,299.11889197478104,14.1
185000,370.0000000010386,-2440890.742030794,-1954038.080136409,299.47958191070364,14.1
185500,371.00000000104336,-2440496.153478738,-1951998.7063699523,300.49134507211875,14.1
186000,372.00000000104814,-2442713.9670251906,-1954742.612531207,300.167727664515,14.1
186500,373.0000000010529,-2442510.4811173566,-1954129.7595933313,300.41954320667094,14.1
187000,374.0000000010577,-2442753.9349330794,-1958012.801138261,298.1807093729828,14.1
187500,375.00000000106246,-2441730.641853124,-1953350.9647074135,300.41890077415366,14.1
188000,376.00000000106724,-2441191.2403165754,-1953761.549311613,299.83453208415784,14.1
188500,377.000000001072,-2443322.3437315226,-1956401.3072039746,299.5216414662031,14.1
189000,378.0000000010768,-2443665.5954322014,-1955655.0770034972,300.1918187288434,14.1
189500,379.00000000108156,-2442705.798359519,-1957129.1709552929,298.694649824414,14.1
190000,380.00000000108633,-2440441.0703367554,-1953756.2942440207,299.3763096609611,14.1
190500,381.0000000010911,-2439238.5979629084,-1950614.8099067258,300.5690616731895,14.1
191000,382.0000000010959,-2441225.878192015,-1953561.1067429106,299.9791380371234,14.1
191500,383.00000000110066,-2442913.382067656,-1955905.598407524,299.5750025691231,14.1
192000,384.00000000110543,-2444376.316135928,-1955377.2900423214,300.7998833146435,14.1
192500,385.0000000011102,-2442292.9467536993,-1952190.559800003,301.4785979955709,14.1
193000,386.000000001115,-2444053.723953802,-1956332.003522394,300.01416928732584,14.1
193500,387.00000000111976,-2441361.4312390704,-1954907.6445816145,299.2342202262768,14.1
194000,388.00000000112453,-2440443.435796166,-1952274.8672709884,300.28904070279464,14.1
194500,389.0000000011293,-2440505.452914141,-1953921.204483747,299.3144716868787,14.1
195000,390.0000000011341,-2440332.3754156865,-1952206.4850923605,300.26278789358236,14.1
195500,391.00000000113886,-2442767.787106931,-1955640.333222535,299.64861578218495,14.1
196000,392.00000000114363,-2443149.2225504965,-1953951.7431505853,300.92195867306833,14.1
196500,393.0000000011484,-2444864.7185721025,-1958575.2551784755,299.13313941435695,14.1
197000,394.0000000011532,-2442733.6625928953,-1954287.218816876,300.45997119256873,14.1
197500,395.00000000115796,-2442202.550516842,-1955368.4676765478,299.4681533045012,14.1
198000,396.00000000116273,-2442685.9515347816,-1953300.1400129986,301.03780814773097,14.1
198500,397.0000000011675,-2442723.6196305305,-1954386.2683375806,300.39286470681566,14.1
199000,398.0000000011723,-2442832.538281683,-1956738.7320388593,299.0127840660008,14.1
199500,399.00000000117706,-2442736.9358046316,-1956234.8538861936,299.2639282790395,14.1
200000,400.00000000118183,-2441889.982258998,-1952401.3112033322,301.10108053507474,14.1
200500,401.0000000011866,-2442830.454332605,-1954658.273438348,300.2912627935138,14.1
201000,402.0000000011914,-2443129.379040044,-1958105.6922283808,298.3545173152523,14.1
201500,403.00000000119616,-2439600.4593931157,-1950173.669368272,301.0630154145789,14.1
202000,404.00000000120093,-2444390.0879774615,-1957272.7565018907,299.64238914525714,14.1
202500,405.0000000012057,-2440426.5832604375,-1950970.1890551983,301.0812259498425,14.1
203000,406.0000000012105,-2442430.978184374,-1955586.8683842209,299.4743212275331,14.1
203500,407.00000000121526,-2441167.199882867,-1954516.8746607844,299.3551177621652,14.1
204000,408.00000000122003,-2441844.2221046016,-1954145.805595091,299.9998342547111,14.1
204500,409.0000000012248,-2439175.4195875153,-1951469.925498875,300.0041879136404,14.1
205000,410.0000000012296,-2444693.2449030075,-1957233.9075434282,299.8527685622152,14.1
205500,411.00000000123435,-2441739.3906188346,-1955282.6950905984,299.2360095713361,14.1
206000,412.00000000123913,-2438846.8858484086,-1950774.0977928732,300.2301228879223,14.1
206500,413.0000000012439,-2440763.8160858955,-1953247.9634825424,299.88753300513963,14.1
207000,414.0000000012487,-2439494.0625644717,-1950130.890270096,301.0238819912378,14.1
207500,415.00000000125345,-2440699.6157795954,-1954470.9888352305,299.0957168514012,14.1
208000,416.00000000125823,-2440159.7311807927,-1952316.9016652268,300.08866759190124,14.1
208500,417.000000001263,-2438014.7311573997,-1951240.8083644188,299.4311468193216,14.1
209000,418.0000000012678,-2439135.8596869893,-1950392.6800151463,300.64250350465136,14.1
209500,419.00000000127255,-2444913.050717987,-1956624.7879965093,300.36266866186884,14.1
210000,420.00000000127733,-2441296.361684153,-1951772.0983615434,301.12297454543534,14.1
210500,421.0000000012821,-2443328.9743595403,-1956191.5309987979,299.65476064783695,14.1
211000,422.0000000012869,-2442241.598765675,-1954326.2729801976,300.1332625059327,14.1
211500,423.00000000129165,-2443549.2320258804,-1956040.8646666938,299.8829285776218,14.1
212000,424.0000000012964,-2440967.3109966908,-1954395.2259682522,299.30698956586474,14.1
212500,425.0000000013012,-2440710.7471168153,-1952888.159115512,300.0762163500717,14.1
213000,426.000000001306,-2438428.78892399,-1948966.760390672,301.08469181610855,14.1
213500,427.00000000131075,-2440201.7859916426,-1951001.178574236,300.92388282270343,14.1
214000,428.0000000013155,-2442564.7187864836,-1952649.958219914,301.3631826422822,14.1
214500,429.0000000013203,-2443141.9879270364,-1955522.7841280058,299.9511078303259,14.1
215000,430.0000000013251,-2442664.776934691,-1957532.2423718935,298.4214732580928,14.1
215500,431.00000000132985,-2444611.9958757907,-1955911.670563571,300.6161423348201,14.1
216000,432.0000000013346,-2441164.2082668357,-1952146.4642159673,300.8113973648967,14.1
216500,433.0000000013394,-2441809.3431613687,-1954634.3510985575,299.67785812778726,14.1
217000,434.0000000013442,-2442109.8556677625,-1953847.737809628,300.34658606983226,14.1
217500,435.00000000134895,-2439490.819543414,-1951943.700087292,299.9067663065627,14.1
218000,436.0000000013537,-2442840.768517511,-1956382.3178410288,299.2370892225408,14.1
218500,437.0000000013585,-2442157.326525729,-1954362.882453234,300.05890406507774,14.1
219000,438.0000000013633,-2441952.2557101063,-1953702.3202754362,300.3390922480433,14.1
219500,439.00000000136805,-2442010.352709826,-1953223.9231139997,300.66910799953456,14.1
220000,440.0000000013728,-2443017.911442207,-1955206.9443444791,300.0690679382081,14.1
220500,441.0000000013776,-2441711.203378422,-1954866.8048073964,299.4744988602893,14.1
221000,442.0000000013824,-2441551.3599350285,-1953590.7445520503,300.1611216731635,14.1
221500,443.00000000138715,-2444415.227938542,-1957449.5567082306,299.5490977854729,14.1
222000,444.0000000013919,-2446622.446444355,-1958439.122482974,300.29811727197244,14.1
222500,445.0000000013967,-2445774.3231073134,-1958562.021437794,299.70080853207327,14.1
223000,446.0000000014015,-2443579.307325011,-1957336.953971467,299.10416043116135,14.1
223500,447.00000000140625,-2440970.7183708474,-1949846.6164201342,302.10708953744296,14.1
224000,448.000000001411,-2441098.6669995487,-1952497.3867991015,300.5552163278665,14.1
224500,449.0000000014158,-2443895.862556724,-1954659.9277520888,300.9456138965689,14.1
225000,450.0000000014206,-2441627.38176593,-1953936.753333527,299.99504354438216,14.1
225500,451.00000000142535,-2444579.044587318,-1958268.5147372067,299.1460981061214,14.1
226000,452.0000000014301,-2443647.540389357,-1954844.867240999,300.6790999595293,14.1
226500,453.0000000014349,-2444771.9976262785,-1955770.1493215535,300.801619352406,14.1
227000,454.0000000014397,-2442938.9173075687,-1956352.303672718,299.31592660434603,14.1
227500,455.00000000144445,-2445575.212186381,-1956280.7795426126,300.9815979011304,14.1
228000,456.0000000014492,-2442409.6145362593,-1954406.6998294415,300.1871414216625,14.1
228500,457.000000001454,-2441992.546728546,-1955527.9782820921,299.240852470309,14.1
229000,458.0000000014588,-2441263.4919199105,-1953095.6711966742,300.28858070446194,14.1
229500,459.00000000146355,-2443348.7673867345,-1956436.2800185876,299.5163825883463,14.1
230000,460.0000000014683,-2442896.273449283,-1954099.164320456,300.675677342435,14.1
230500,461.0000000014731,-2441868.087715404,-1954702.0836329674,299.67232931626893,14.1
231000,462.0000000014779,-2440063.734908078,-1951163.1198397102,300.7393473558191,14.1
231500,463.00000000148265,-2440688.270698888,-1952340.6299364388,300.3991941084293,14.1
232000,464.0000000014874,-2440028.472680008,-1952338.8334796783,299.9944350341882,14.1
232500,465.0000000014922,-2441660.369874563,-1954718.9576704996,299.53417523578383,14.1
233000,466.00000000149697,-2441696.8824473545,-1954111.9031041267,299.9300552069819,14.1
233500,467.00000000150175,-2441754.626647614,-1954504.7399740363,299.72392834260825,14.1
234000,468.0000000015065,-2443022.7344255373,-1957004.2047907365,298.96647887171343,14.1
234500,469.0000000015113,-2442553.482442558,-1954994.3452504042,299.91415882352726,14.1
235000,470.00000000151607,-2443007.7597829103,-1954878.2650310837,300.2650050997823,14.1
235500,471.00000000152085,-2440427.516690202,-1952982.4872477623,299.84396727718934,14.1
236000,472.0000000015256,-2441155.988685468,-1954055.4911515792,299.63203401687576,14.1
236500,473.0000000015304,-2441252.855338538,-1955429.5536355232,298.84638755053004,14.1
237000,474.00000000153517,-2442764.4843290597,-1957304.676134392,298.62279036717797,14.1
237500,475.00000000153995,-2443310.989989808,-1956054.4830669276,299.72800068245255,14.1
238000,476.0000000015447,-2444510.5550804213,-1958431.1690554526,299.0039137009966,14.1
238500,477.0000000015495,-2443389.2749880645,-1954953.1183613003,300.45364321821614,14.1
239000,478.00000000155427,-2440890.052410219,-1954384.7580285687,299.26590437409874,14.1
239500,479.00000000155904,-2443267.0518024527,-1954454.0426579386,300.68545798126695,14.1
240000,480.0000000015638,-2442221.5777121037,-1953430.5581639768,300.6719314348437,14.1
240500,481.0000000015686,-2441949.167966794,-1952681.1681711068,300.9653381599158,14.1
241000,482.00000000157337,-2439614.716287786,-1952308.7030189212,299.7584537146692,14.1
241500,483.00000000157814,-2442396.1045615617,-1956085.6021152048,299.1460812491429,14.1
242000,484.0000000015829,-2441068.449631594,-1952257.3618599272,300.6842760796733,14.1
242500,485.0000000015877,-2442809.3565989956,-1955791.9492673299,299.5809224158301,14.1
243000,486.00000000159247,-2441644.8901398014,-1956950.6497961967,298.1518636209452,14.1
243500,487.00000000159724,-2442424.457321625,-1954806.2506790543,299.9504944455732,14.1
244000,488.000000001602,-2441757.0812534094,-1957529.0551282153,297.8650794454882,14.1
244500,489.0000000016068,-2443080.355946569,-1955361.6705629313,300.01230232652114,14.1
245000,490.00000000161157,-2442008.149070142,-1954098.4076185457,300.12982739279295,14.1
245500,491.00000000161634,-2438188.2471918594,-1947514.347435189,301.83015490115577,14.1
246000,492.0000000016211,-2439494.3818629365,-1952502.7400161307,299.5650731923637,14.1
246500,493.0000000016259,-2443925.479268912,-1955833.2105217434,300.2421061219524,14.1
247000,494.00000000163067,-2443621.1153607126,-1954913.9689165838,300.62033824436764,14.1
247500,495.00000000163544,-2442971.336341087,-1955029.4196954323,300.1496194457458,14.1
248000,496.0000000016402,-2442152.740589272,-1955723.0294005591,299.21941058903406,14.1
248500,497.000000001645,-2440121.9794816766,-1950886.6847566485,300.94522016189705,14.1
249000,498.00000000164977,-2440157.354754286,-1951859.2737373952,300.36870822832395,14.1
249500,499.00000000165454,-2442117.1288677435,-1955870.2481501936,299.106945366288,14.1
250000,500.0000000016593,-2440247.143753823,-1952194.2172379906,300.2179053813295,14.1
250500,501.0000000016641,-2441234.873034505,-1953033.619843356,300.309146149198,14.1
251000,502.00000000166887,-2441316.8129316773,-1953022.017275693,300.3666872914212,14.1
251500,503.00000000167364,-2438646.8875199948,-1950531.2413914278,300.25648634199695,14.1
252000,504.0000000016784,-2440473.1627701037,-1951236.7235244,300.9459241953763,14.1
252500,505.0000000016832,-2442624.562974833,-1953353.787064802,300.967045841989,14.1
253000,506.00000000168797,-2439843.179768691,-1954070.3529461042,298.8153387399334,14.1
253500,507.00000000169274,-2443308.3469452877,-1955372.412979831,300.1459392962785,14.1
254000,508.0000000016975,-2440457.1413388774,-1952197.4579678834,300.34508853423665,14.1
254500,509.0000000017023,-2441154.209308155,-1953145.2015248232,300.1908894796475,14.1
255000,510.00000000170706,-2438822.9434961546,-1950254.9535674118,300.53473835284035,14.1
255500,511.00000000171184,-2441633.141945254,-1955697.2398776235,298.9156518531773,14.1
256000,512.0000000017166,-2440832.8007070404,-1954468.892884806,299.17893270686596,14.1
256500,513.0000000016929,-2442042.3390739486,-1955266.2199115858,299.43249788060893,14.1
257000,514.0000000016693,-2441080.2314424496,-1953206.7134750239,300.1075450993112,14.1
257500,515.0000000016456,-2439618.969009869,-1949997.105773496,301.18301156208554,14.1
258000,516.000000001622,-2441375.4022998605,-1954041.5609362437,299.775571719425,14.1
258500,517.0000000015983,-2442613.044898441,-1953234.9148458997,301.03308301551533,14.1
259000,518.0000000015747,-2441843.02359285,-1954525.5733729717,299.7654889710741,14.1
259500,519.000000001551,-2444408.270441847,-1955690.231454738,300.6270386169299,14.1
260000,520.0000000015274,-2440647.591722604,-1952912.0295420836,300.0226838165899,14.1
260500,521.0000000015037,-2440854.134920113,-1952615.624232961,300.3320644984219,14.1
261000,522.0000000014801,-2441752.1323602907,-1953484.0270288535,300.35026916770096,14.1
261500,523.0000000014564,-2440890.564666055,-1953975.072264647,299.5182310862084,14.1
262000,524.0000000014328,-2441869.8063074965,-1953403.8703767678,300.4719614779256,14.1
262500,525.0000000014091,-2443412.7475711424,-1957873.1474106433,298.67187311117294,14.1
263000,526.0000000013855,-2441715.235255316,-1953491.7656026538,300.3228122480533,14.1
263500,527.0000000013619,-2442161.746989049,-1953407.1163650386,300.64954737364087,14.1
264000,528.0000000013382,-2444365.58627682,-1954716.6810052234,301.1996460349696,14.1
264500,529.0000000013146,-2442930.1915364247,-1955392.2011414682,299.9011507114658,14.1
265000,530.0000000012909,-2441775.509722879,-1952319.8332224994,301.08078446524553,14.1
265500,531.0000000012673,-2444604.851059148,-1956096.9002278685,300.4978062680148,14.1
266000,532.0000000012436,-2440287.846781593,-1953935.1750707873,299.17202099370013,14.1
266500,533.00000000122,-2439277.7587120645,-1952503.6588004166,299.4312557710197,14.1
267000,534.0000000011963,-2440495.5578959696,-1955961.0230909155,298.05362332843487,14.1
267500,535.0000000011727,-2439835.421368383,-1954400.1276428327,298.60771068591777,14.1
268000,536.000000001149,-2440396.4646735806,-1951851.6987045063,300.5204525077044,14.1
268500,537.0000000011254,-2442306.99166321,-1956308.0084797044,298.95445518668544,14.1
269000,538.0000000011017,-2441217.5777980424,-1953242.4111693087,300.1700726378725,14.1
269500,539.0000000010781,-2441559.69286423,-1953744.9776084847,300.0713735573076,14.1
270000,540.0000000010544,-2443525.2926217094,-1954944.3764330507,300.5426897336548,14.1
270500,541.0000000010308,-2439549.074915303,-1950603.832630579,300.76679906994605,14.1
271000,542.0000000010072,-2442347.3589562327,-1954126.8441175574,300.3209946417698,14.1
271500,543.0000000009835,-2440653.5241819173,-1954177.1222922085,299.2481316225372,14.1
272000,544.0000000009599,-2442016.708785031,-1954648.0653972635,299.7969796246457,14.1
272500,545.0000000009362,-2443304.679701356,-1958262.434386482,298.36593327991187,14.1
273000,546.0000000009126,-2443247.292780878,-1954670.304469465,300.54027356316334,14.1
273500,547.0000000008889,-2442151.87401093,-1955203.182219605,299.53865315676524,14.1
274000,548.0000000008653,-2442172.278375216,-1953853.1250029411,300.3816705487017,14.1
274500,549.0000000008416,-2441157.2887224685,-1953257.4484158612,300.1237368627542,14.1
275000,550.000000000818,-2437946.8917805105,-1951442.3269293704,299.2654556151429,14.1
275500,551.0000000007943,-2440084.8124991786,-1952103.8429664082,300.1736422009268,14.1
276000,552.0000000007707,-2440360.538950756,-1951715.782880963,300.58195980940417,14.1
276500,553.000000000747,-2440662.5431153364,-1951023.644940363,301.1934903304877,14.1
277000,554.0000000007234,-2439452.691142045,-1951299.1113324915,300.27982063553446,14.1
277500,555.0000000006997,-2442554.528933583,-1955107.72205989,299.84506063542733,14.1
278000,556.0000000006761,-2439103.3916186783,-1952142.624303066,299.5460812212457,14.1
278500,557.0000000006524,-2439894.5619702116,-1952109.7341986143,300.0529887522987,14.1
279000,558.0000000006288,-2441814.6871965155,-1954771.4651872334,299.5968018994292,14.1
279500,559.0000000006052,-2442253.2542045247,-1954849.8148804593,299.8183837850217,14.1
280000,560.0000000005815,-2440435.688153796,-1951524.8732900172,300.74562159586003,14.1
280500,561.0000000005579,-2440312.1528284885,-1951023.7607156672,300.9778821657054,14.1
281000,562.0000000005342,-2442050.3051452544,-1954801.5595363,299.72322643506425,14.1
281500,563.0000000005106,-2442686.7823295128,-1954868.3465133244,300.07366220020344,14.1
282000,564.0000000004869,-2442552.6248486433,-1954507.218514508,300.213279462552,14.1
282500,565.0000000004633,-2441955.5974007417,-1954184.1933818155,300.04473134682,14.1
283000,566.0000000004396,-2443742.7440986484,-1955922.5298160473,300.0747561952032,14.1
283500,567.000000000416,-2439461.921726182,-1952688.7873454136,299.43066184023394,14.1
284000,568.0000000003923,-2436968.181458285,-1948498.6949571543,300.47414555418277,14.1
284500,569.0000000003687,-2440434.879330296,-1953332.0233040617,299.63348480549575,14.1
285000,570.000000000345,-2440841.678046979,-1953502.7895313282,299.77867639379417,14.1
285500,571.0000000003214,-2444063.1584995184,-1955191.1781046235,300.72173319714045,14.1
286000,572.0000000002977,-2445607.752297098,-1957167.613314475,300.45609290034974,14.1
286500,573.0000000002741,-2440069.1143121216,-1953616.1136097815,299.2337367586328,14.1
287000,574.0000000002505,-2442173.1094563175,-1953120.0052101202,300.8331486201373,14.1
287500,575.0000000002268,-2440917.807020519,-1954837.7874221797,299.0043034334619,14.1
288000,576.0000000002032,-2442777.0039781407,-1955278.1101353127,299.87710109645496,14.1
288500,577.0000000001795,-2442888.1598609984,-1953720.1074430372,300.90385713857756,14.1
289000,578.0000000001559,-2440542.53297719,-1954117.3005242532,299.2166555667803,14.1
289500,579.0000000001322,-2440112.7741952837,-1952105.8817476511,300.18958826492616,14.1
290000,580.0000000001086,-2440419.6483523585,-1953414.715321134,299.5732490506148,14.1
290500,581.0000000000849,-2440541.7307322957,-1955107.7203622346,298.6069212504366,14.1
291000,582.0000000000613,-2441785.8876085915,-1954050.6665441506,300.02247398452204,14.1
291500,583.0000000000376,-2442361.9273768626,-1954144.3091082764,300.3192128632829,14.1
292000,584.000000000014,-2441472.5358837154,-1955770.8777907065,298.7715604409793,14.1
292500,584.9999999999903,-2443548.9214396235,-1956548.010836229,299.5707747188527,14.1
293000,585.9999999999667,-2440526.2123758066,-1953880.3118706453,299.3523959687412,14.1
293500,586.999999999943,-2438835.8962663803,-1953872.2486155704,298.3175851914336,14.1
294000,587.9999999999194,-2441700.310323652,-1954300.1954662055,299.816338792869,14.1
294500,588.9999999998957,-2442262.5833009835,-1953715.6504873848,300.5217854072508,14.1
295000,589.9999999998721,-2441041.443062259,-1953784.3095586714,299.72838611349346,14.1
295500,590.9999999998485,-2441839.354657272,-1955437.6975173145,299.2021535923082,14.1
296000,591.9999999998248,-2442345.651612578,-1953314.9301148027,300.8193802325652,14.1
296500,592.9999999998012,-2444061.1457792334,-1958366.647479214,298.7671562095169,14.1
297000,593.9999999997775,-2440099.339288788,-1951548.7435870213,300.52403857397445,14.1
297500,594.9999999997539,-2442745.8905239124,-1953964.0855101524,300.66626326228203,14.1
298000,595.9999999997302,-2440746.87218933,-1952766.2129359753,300.17345133753633,14.1
298500,596.9999999997066,-2441669.7443194874,-1954394.6914540608,299.7394089206212,14.1
299000,597.9999999996829,-2441411.687804306,-1952683.113549306,300.6335192174693,14.1
299500,598.9999999996593,-2438910.8084639944,-1950752.9723774772,300.28243881582864,14.1
300000,599.9999999996356,-2442430.831135163,-1953594.8650418092,300.6995795789877,14.1
300500,600.999999999612,-2441422.0460157935,-1953768.5541255588,299.9721995979633,14.1
301000,601.9999999995883,-2440635.5601131096,-1952638.104506365,300.1837833440849,14.1
301500,602.9999999995647,-2443051.9839661196,-1955833.9031237233,299.70436349728635,14.1
302000,603.999999999541,-2441624.7160278466,-1954226.1192088318,299.81540499595167,14.1
302500,604.9999999995174,-2440512.332818566,-1952673.5501113152,300.086178262876,14.1
303000,605.9999999994938,-2443180.221095089,-1954482.4709104714,300.61455828650713,14.1
303500,606.9999999994701,-2441256.506216854,-1954889.3985886993,299.18090101599563,14.1
304000,607.9999999994465,-2442476.1437947266,-1953095.3028250854,301.034750592553,14.1
304500,608.9999999994228,-2441478.170239836,-1954210.2987928083,299.7349913866361,14.1
305000,609.9999999993992,-2441250.6860852,-1954917.7266838439,299.15989528369704,14.1
305500,610.9999999993755,-2440614.2262433358,-1951619.5727334756,300.7971935901032,14.1
306000,611.9999999993519,-2442161.619247608,-1953423.529793767,300.6393723389447,14.1
306500,612.9999999993282,-2440577.202303456,-1951161.9951150962,301.055890419074,14.1
307000,613.9999999993046,-2441532.669982521,-1955774.94981331,298.80604612516277,14.1
307500,614.9999999992809,-2443176.0935812574,-1955326.8726236937,300.09259918461316,14.1
308000,615.9999999992573,-2442328.0177019592,-1955094.701828829,299.7137350813234,14.1
308500,616.9999999992336,-2442132.626553662,-1953480.2893534726,300.5866232197933,14.1
309000,617.99999999921,-2442125.1515223607,-1956423.8551501916,298.77133793422433,14.1
309500,618.9999999991863,-2443891.1839454323,-1955891.9509768079,300.1848766596489,14.1
310000,619.9999999991627,-2442613.0158713367,-1956044.3710416006,299.3048733829828,14.1
310500,620.999999999139,-2443434.479520101,-1956450.277389831,299.56049677043563,14.1
311000,621.9999999991154,-2443605.1530347243,-1958992.3963681532,298.10174024802257,14.1
311500,622.9999999990918,-2440856.61458122,-1952203.8519634134,300.5868849085959,14.1
312000,623.9999999990681,-2441231.941928083,-1954091.5338245651,299.6565843616551,14.1
312500,624.9999999990445,-2445365.0579608157,-1959804.830286282,298.68456179455177,14.1
313000,625.9999999990208,-2441271.9928506482,-1953013.1364708613,300.34457982390126,14.1
313500,626.9999999989972,-2441711.634916736,-1952634.6969960511,300.84780952153426,14.1
314000,627.9999999989735,-2442445.0881656,-1954399.5273319718,300.2133745004292,14.1
314500,628.9999999989499,-2440718.405233903,-1952740.0514473598,300.1720331667202,14.1
315000,629.9999999989262,-2442117.398545265,-1955685.8641849956,299.22053208368374,14.1
315500,630.9999999989026,-2443818.872939104,-1956520.3625236119,299.7538384551317,14.1
316000,631.9999999988789,-2441352.75111543,-1953270.5886622563,300.2358893978033,14.1
316500,632.9999999988553,-2440717.5776325017,-1953910.4644919347,299.45156332763406,14.1
317000,633.9999999988316,-2442496.7069195937,-1955116.130871436,299.80431980869804,14.1
317500,634.999999998808,-2443709.7978990283,-1958080.9858277454,298.72675038274616,14.1
318000,635.9999999987843,-2442835.170612175,-1956379.094178534,299.2356287452565,14.1
318500,636.9999999987607,-2441516.036016889,-1954714.608535196,299.4480658860552,14.1
319000,637.999999998737,-2443863.892900752,-1956738.065876588,299.64761504528786,14.1
319500,638.9999999987134,-2440817.6132277194,-1951586.8766263283,300.94241630547816,14.1
320000,639.9999999986898,-2441012.085916955,-1951955.0214920018,300.83558466038295,14.1
320500,640.9999999986661,-2443226.7258329205,-1954249.7482654667,300.7863205185231,14.1
321000,641.9999999986425,-2441864.3760955166,-1952338.3634712044,301.1240506002329,14.1
321500,642.9999999986188,-2443466.4661930427,-1955611.110157303,300.09637307924487,14.1
322000,643.9999999985952,-2443491.0013237093,-1955131.7178928766,300.4063559085644,14.1
322500,644.9999999985715,-2442646.483929662,-1957144.618139276,298.6486614205123,14.1
323000,645.9999999985479,-2443943.693216959,-1955582.1014759815,300.40777582841133,14.1
323500,646.9999999985242,-2441088.621362118,-1954926.813632592,299.05461408645846,14.1
324000,647.9999999985006,-2442167.5599406455,-1956180.7392338736,298.94697363480674,14.1
324500,648.9999999984769,-2441454.885842193,-1954171.6653799326,299.74443308640355,14.1
325000,649.9999999984533,-2443158.197395636,-1957391.3044167727,298.8116886314375,14.1
325500,650.9999999984296,-2441543.67669205,-1950715.8046047834,301.9248685030354,14.1
326000,651.999999998406,-2439367.7168370653,-1952091.7827955077,299.7399509619408,14.1
326500,652.9999999983823,-2442979.4173131194,-1956333.1861210829,299.35259938545204,14.1
327000,653.9999999983587,-2441390.056391515,-1956109.845450728,298.51231400602325,14.1
327500,654.999999998335,-2440669.323546512,-1952381.5195765342,300.36238646826456,14.1
328000,655.9999999983114,-2443973.0007407647,-1955076.1297782115,300.73704422936686,14.1
328500,656.9999999982878,-2443126.992119005,-1957673.7315507883,298.6187627001125,14.1
329000,657.9999999982641,-2444103.9559839796,-1954909.2049476553,300.9202803641051,14.1
329500,658.9999999982405,-2440158.135091653,-1953208.970658232,299.5389438949464,14.1
330000,659.9999999982168,-2443373.814684842,-1954390.5799754737,300.7901694986993,14.1
330500,660.9999999981932,-2443276.847714169,-1954362.4553027414,300.7478222667364,14.1
331000,661.9999999981695,-2441521.601502653,-1951665.1012632144,301.32734473940775,14.1
331500,662.9999999981459,-2443767.0388971213,-1956830.8632638147,299.5309540435348,14.1
332000,663.9999999981222,-2443394.581592096,-1956181.390757442,299.7013554877001,14.1
332500,664.9999999980986,-2441082.3249496557,-1954373.2407016344,299.39126243158773,14.1
333000,665.9999999980749,-2441648.7177810017,-1954642.109562252,299.57427951526864,14.1
333500,666.9999999980513,-2444269.962793473,-1958920.6647603167,298.55481181934067,14.1
334000,667.9999999980276,-2440730.6745838355,-1951721.9645925835,300.8058402084742,14.1
334500,668.999999998004,-2440601.38153575,-1952632.3895566254,300.16627440151035,14.1
335000,669.9999999979804,-2440840.2446813937,-1952329.5563279665,300.49949021071944,14.1
335500,670.9999999979567,-2443110.902432263,-1953135.2449731727,301.4006423859359,14.1
336000,671.9999999979331,-2442466.322300004,-1954172.147026125,300.3663056733502,14.1
336500,672.9999999979094,-2440361.918639509,-1953672.8531332568,299.3789482246734,14.1
337000,673.9999999978858,-2441673.3200371265,-1952021.7862652144,301.2012629146484,14.1
337500,674.9999999978621,-2442964.2637171224,-1957056.7442058194,298.8981927803041,14.1
338000,675.9999999978385,-2442659.3976826444,-1955999.3800492175,299.36107989306106,14.1
338500,676.9999999978148,-2441469.5750514716,-1954864.6146141214,299.3272123447188,14.1
339000,677.9999999977912,-2442826.058108708,-1956116.4849772379,299.3915631603756,14.1
339500,678.9999999977675,-2443621.276775252,-1956944.1904843873,299.3715794030634,14.1
340000,679.9999999977439,-2441338.727419924,-1953823.6675628144,299.88704536004246,14.1
340500,680.9999999977202,-2444183.3357396964,-1954121.551157102,301.453622100246,14.1
341000,681.9999999976966,-2441148.760626722,-1956206.1072713528,298.304670888374,14.1
341500,682.999999997673,-2443806.303468503,-1957179.7139815176,299.3405171066086,14.1
342000,683.9999999976493,-2443087.3526869193,-1956521.5446457115,299.3031283781611,14.1
342500,684.9999999976257,-2442184.3866056837,-1956260.0619893642,298.9085301702749,14.1
343000,685.999999997602,-2440745.3482523486,-1952540.2758736715,300.31149546095827,14.1
343500,686.9999999975784,-2442064.378355503,-1953281.1678873976,300.66712780491014,14.1
344000,687.9999999975547,-2443129.003287494,-1957467.5022789915,298.7468584565393,14.1
344500,688.9999999975311,-2444127.4652057514,-1957370.0124975576,299.4210155116546,14.1
345000,689.9999999975074,-2446009.595668301,-1959187.3761227417,299.46085578961555,14.1
345500,690.9999999974838,-2446161.2675325535,-1958984.8126224105,299.67875797478746,14.1
346000,691.9999999974601,-2441789.3286771476,-1953417.2958196488,300.4141985132505,14.1
346500,692.9999999974365,-2443252.8665045295,-1955816.3660538269,299.83872080514664,14.1
347000,693.9999999974128,-2443704.415323453,-1955422.5076054477,300.35875948372944,14.1
347500,694.9999999973892,-2440147.5630160216,-1952417.4123419481,300.01935501546586,14.1
348000,695.9999999973655,-2442341.4556280505,-1952632.5425303264,301.23655888373605,14.1
348500,696.9999999973419,-2443591.8335685786,-1955944.9708447312,299.9681217729179,14.1
349000,697.9999999973182,-2440824.9928668793,-1952962.387756762,300.10083223071655,14.1
349500,698.9999999972946,-2441882.335378576,-1954469.1917964942,299.82435320320707,14.1
350000,699.999999997271,-2445482.2477817293,-1958424.7601178412,299.6055771873376,14.1
350500,700.9999999972473,-2444091.0477312244,-1954853.4389721116,300.94664360273345,14.1
351000,701.9999999972237,-2444708.315509742,-1955166.1715702524,301.133973519225,14.1
351500,702.9999999972,-2444922.3220279384,-1958531.3073534959,299.1956070508752,14.1
352000,703.9999999971764,-2443738.289868688,-1954555.4705423391,300.9129407646852,14.1
352500,704.9999999971527,-2443585.0825315025,-1956772.8562478172,299.45470859535715,14.1
353000,705.9999999971291,-2444814.220990509,-1957730.621687309,299.6216393421458,14.1
353500,706.9999999971054,-2442753.9095624965,-1956019.9304273594,299.406576120859,14.1
354000,707.9999999970818,-2443423.63998094,-1955181.025041235,300.33458916334615,14.1
354500,708.9999999970581,-2440586.626547981,-1953290.6869205423,299.7522570762224,14.1
355000,709.9999999970345,-2442917.135685429,-1955220.3695781264,299.9988190363466,14.1
355500,710.9999999970108,-2443227.583544731,-1954684.6280121978,300.51933884679454,14.1
356000,711.9999999969872,-2445412.1514388137,-1957500.6035469263,300.130938595474,14.1
356500,712.9999999969635,-2443628.627012942,-1956533.6073670061,299.62866438223597,14.1
357000,713.9999999969399,-2443036.5264877994,-1953712.4209683796,300.99985069317546,14.1
357500,714.9999999969162,-2444242.6643446162,-1956365.5896991198,300.10973293260247,14.1
358000,715.9999999968926,-2441033.0728316344,-1953346.6108892667,299.9924805950722,14.1
358500,716.999999996869,-2443224.7566424552,-1955637.7146618944,299.93132400515117,14.1
359000,717.9999999968453,-2443629.177729871,-1956059.8078315556,299.9204533080871,14.1
359500,718.9999999968217,-2443033.047287984,-1955882.7819340774,299.6626478906367,14.1
360000,719.999999996798,-2444358.422982486,-1957509.6741472804,299.4771748553073,14.1
360500,720.9999999967744,-2443923.556940943,-1954615.9290196318,300.98971476380973,14.1
361000,721.9999999967507,-2444885.285588028,-1956569.9705576114,300.3793094544634,14.1
361500,722.9999999967271,-2444561.0592163857,-1958427.18146802,299.0374334079179,14.1
362000,723.9999999967034,-2443871.688183533,-1956484.9946107764,299.8080829055294,14.1
362500,724.9999999966798,-2442544.7645359766,-1956284.4037827202,299.1152373933702,14.1
363000,725.9999999966561,-2439579.8226196896,-1953100.7392436764,299.2497810956943,14.1
363500,726.9999999966325,-2438366.6382477228,-1949405.7164535685,300.77644406790176,14.1
364000,727.9999999966088,-2441787.907871211,-1953390.6768039735,300.42969878655305,14.1
364500,728.9999999965852,-2439704.856910184,-1952234.5433040415,299.8595204236899,14.1
365000,729.9999999965615,-2443358.242154088,-1954678.1443757266,300.6036996928111,14.1
365500,730.9999999965379,-2442717.85265442,-1955874.5189186148,299.4738438440355,14.1
366000,731.9999999965142,-2442267.7203217763,-1953501.7885265339,300.6564991072978,14.1
366500,732.9999999964906,-2442083.896049369,-1954070.7262921317,300.1934496509329,14.1
367000,733.999999996467,-2441720.6516378894,-1954711.9637080082,299.5755588161103,14.1
367500,734.9999999964433,-2442783.7451813687,-1956253.323698485,299.2813609061484,14.1
368000,735.9999999964197,-2441191.7527803015,-1953969.135611191,299.7071539456791,14.1
368500,736.999999996396,-2442677.912335122,-1956305.6421677452,299.1840766689373,14.1
369000,737.9999999963724,-2442073.0399765354,-1954016.4857828429,300.2201368889988,14.1
369500,738.9999999963487,-2443932.500371203,-1958814.342742678,298.41262951828804,14.1
370000,739.9999999963251,-2442047.444273332,-1954444.1094746115,299.94134627010425,14.1
370500,740.9999999963014,-2440966.735248465,-1953075.4288064912,300.11848739322784,14.1
371000,741.9999999962778,-2442220.8919908553,-1954490.9127728036,300.01924954705265,14.1
371500,742.9999999962541,-2441367.9366126414,-1954284.661034952,299.6214402076065,14.1
372000,743.9999999962305,-2442021.7485670876,-1954328.4042913874,299.99671415169075,14.1
372500,744.9999999962068,-2442977.291876035,-1954118.7448677442,300.7134698655028,14.1
373000,745.9999999961832,-2439765.812816391,-1953275.0360549376,299.2569740936108,14.1
373500,746.9999999961595,-2441245.3505946044,-1953813.6274399466,299.8357821283473,14.1
374000,747.9999999961359,-2440655.375242101,-1952701.9883291535,300.15667519612407,14.1
374500,748.9999999961123,-2440776.3381081615,-1951889.0101657491,300.73117399406647,14.1
375000,749.9999999960886,-2442913.4191096537,-1954567.1506915125,300.39834993290805,14.1
375500,750.999999996065,-2444267.2000609543,-1958673.8048045512,298.7049642989,14.1
376000,751.9999999960413,-2442521.3301089127,-1953411.1854918555,300.86823608653975,14.1
376500,752.9999999960177,-2441483.045238532,-1953229.3089135955,300.34143030453754,14.1
377000,753.999999995994,-2442127.1233861446,-1955449.3928774097,299.3719756833213,14.1
377500,754.9999999959704,-2440294.4269432705,-1952935.1856365474,299.7911960857629,14.1
378000,755.9999999959467,-2441065.2550793216,-1953946.108999982,299.64350536957,14.1
378500,756.9999999959231,-2440496.827928018,-1952657.517858068,300.0865026615554,14.1
379000,757.9999999958994,-2444023.679659495,-1956674.6823686175,299.78489464423325,14.1
379500,758.9999999958758,-2443695.3375408165,-1955120.2175245103,300.5391243114877,14.1
380000,759.9999999958521,-2441777.41200212,-1951261.7213595526,301.7328351100681,14.1
380500,760.9999999958285,-2441946.942180576,-1953891.459677497,300.2194776557605,14.1
381000,761.9999999958048,-2442478.9449023083,-1955614.6414375233,299.48674303543214,14.1
381500,762.9999999957812,-2445866.9098834265,-1957378.8757362964,300.48555484020306,14.1
382000,763.9999999957575,-2443999.060461022,-1956897.0820685234,299.63294494322355,14.1
382500,764.9999999957339,-2442555.593774751,-1953592.8995340965,300.77753435984926,14.1
383000,765.9999999957103,-2443717.182242768,-1956931.386967771,299.4384499856153,14.1
383500,766.9999999956866,-2443546.369638035,-1955047.3169672152,300.492332707772,14.1
384000,767.999999995663,-2445390.945758123,-1957650.448151842,300.0257197643397,14.1
384500,768.9999999956393,-2443487.841241611,-1957139.3264779453,299.1694639145491,14.1
385000,769.9999999956157,-2445102.679257836,-1956861.6307981596,300.33362556835993,14.1
385500,770.999999995592,-2443729.671385564,-1957119.039259374,299.3307011928559,14.1
386000,771.9999999955684,-2442244.797524484,-1953505.484427898,300.6401250430919,14.1
386500,772.9999999955447,-2444632.6853022315,-1958356.2109417708,299.12514941958744,14.1
387000,773.9999999955211,-2442043.543805631,-1954569.5133185745,299.86180680318256,14.1
387500,774.9999999954974,-2444838.268701773,-1956646.8364444259,300.3031049597804,14.1
388000,775.9999999954738,-2442442.213624552,-1955839.881282304,299.3255957143004,14.1
388500,776.9999999954501,-2443749.3176259883,-1955720.7338823092,300.20293131669433,14.1
389000,777.9999999954265,-2443656.775386654,-1955749.4562044316,300.12833737276,14.1
389500,778.9999999954028,-2441486.979879763,-1953485.2453413901,300.1864154600315,14.1
390000,779.9999999953792,-2439426.417328844,-1952134.1793152585,299.74998008801634,14.1
390500,780.9999999953556,-2440653.34626084,-1955031.418527723,298.72251559288685,14.1
391000,781.9999999953319,-2440987.548588207,-1952153.7836080336,300.69822559962876,14.1
391500,782.9999999953083,-2441038.9672022834,-1951455.2152685449,301.1595680074492,14.1
392000,783.9999999952846,-2442861.5091227666,-1956066.5866185534,299.4440644538181,14.1
392500,784.999999995261,-2443938.571712749,-1956565.758816311,299.7995444308205,14.1
393000,785.9999999952373,-2442741.9609777406,-1954684.3023754053,300.2208162482064,14.1
393500,786.9999999952137,-2442033.4870717395,-1954673.9524980015,299.79137648424876,14.1
394000,787.99999999519,-2443567.6728945114,-1955446.7836577732,300.2597115556312,14.1
394500,788.9999999951664,-2443192.422224017,-1952014.22620456,302.1403646335022,14.1
395000,789.9999999951427,-2446649.4391512834,-1958559.1620399966,300.2408809991834,14.1
395500,790.9999999951191,-2442526.9982612226,-1954884.2750454159,299.965575421148,14.1
396000,791.9999999950954,-2440710.799524011,-1953048.5140595243,299.9776088236832,14.1
396500,792.9999999950718,-2441210.9821435157,-1952562.0232838527,300.5845450879732,14.1
397000,793.9999999950481,-2441393.5594286416,-1955462.2096625585,298.91285157812314,14.1
397500,794.9999999950245,-2442180.8742897473,-1954773.988610004,299.8205037552679,14.1
398000,795.9999999950008,-2440907.061112961,-1953968.8416407679,299.53221127814214,14.1
398500,796.9999999949772,-2441621.8642526977,-1953077.0557711902,300.52047865854354,14.1
399000,797.9999999949536,-2441186.9840716403,-1953707.6537927093,299.86506688488504,14.1
399500,798.9999999949299,-2442150.501560064,-1954962.4510278911,299.6858908351152,14.1
400000,799.9999999949063,-2442454.639295621,-1955581.6856134308,299.492064077494,14.1
400500,800.9999999948826,-2441436.4233074393,-1953299.0445895153,300.26985479468055,14.1
401000,801.999999994859,-2443598.237601649,-1957084.509076071,299.27109250203756,14.1
401500,802.9999999948353,-2445307.1661545094,-1957369.7371783422,300.1468589280636,14.1
402000,803.9999999948117,-2443019.295379052,-1956206.7600901667,299.45489867493427,14.1
402500,804.999999994788,-2441149.1474570036,-1951657.421760194,301.10295954842786,14.1
403000,805.9999999947644,-2441957.307565218,-1954092.713371223,300.10205578366117,14.1
403500,806.9999999947407,-2444103.8329434153,-1958067.287274151,298.97756114545064,14.1
404000,807.9999999947171,-2442575.4446520433,-1953319.907548308,300.9576719354759,14.1
404500,808.9999999946934,-2445330.679835746,-1955619.0034116213,301.23825869951173,14.1
405000,809.9999999946698,-2444284.388081705,-1957999.0068170282,299.13062835841146,14.1
405500,810.9999999946461,-2442828.3961386792,-1956559.825439971,299.1202876092238,14.1
406000,811.9999999946225,-2443637.650622422,-1955962.5264331354,299.98550635867946,14.1
406500,812.9999999945989,-2444497.2325465176,-1957883.5427293796,299.3325820822468,14.1
407000,813.9999999945752,-2442573.481790554,-1956117.2212790023,299.23574197782153,14.1
407500,814.9999999945516,-2443609.491059825,-1956579.3817256426,299.5887358483136,14.1
408000,815.9999999945279,-2442331.553724058,-1953757.8330240734,300.5382635445664,14.1
408500,816.9999999945043,-2443375.863191517,-1955498.676644159,300.1098017672322,14.1
409000,817.9999999944806,-2441019.698191248,-1954938.1731533317,299.00522948039634,14.1
409500,818.999999994457,-2443445.389548095,-1955555.180436052,300.11781238837597,14.1
410000,819.9999999944333,-2442479.153777659,-1953353.354145858,300.8778660169832,14.1
410500,820.9999999944097,-2443164.7890281957,-1954187.6226786796,300.78643664477124,14.1
411000,821.999999994386,-2441645.2472828254,-1951742.8815589538,301.35555815421907,14.1
411500,822.9999999943624,-2444559.5548045076,-1957677.3788662972,299.4977369999066,14.1
412000,823.9999999943387,-2441649.4766136818,-1952275.1517966248,301.0307422861303,14.1
412500,824.9999999943151,-2444362.206046978,-1956018.9829045949,300.39647668052135,14.1
413000,825.9999999942914,-2444629.499893412,-1954107.4463029944,301.73674917506355,14.1
413500,826.9999999942678,-2443224.2289494164,-1954384.764105903,300.7017317788563,14.1
414000,827.9999999942441,-2443975.867203351,-1955220.141061026,300.6502212641062,14.1
414500,828.9999999942205,-2440703.867203351,-1952913.4761898587,300.0564108910425,14.1
415000,829.9999999941969,-2438741.369733764,-1950503.5770406888,300.3316228359176,14.1
415500,830.9999999941732,-2441304.6683139857,-1953545.1611381145,300.03741319522504,14.1
416000,831.9999999941496,-2440360.0012573823,-1952807.5785477308,299.91002851764654,14.1
416500,832.9999999941259,-2439205.3055505306,-1951362.6626646235,300.08855278966934,14.1
417000,833.9999999941023,-2440056.5618952513,-1952650.9870131598,299.81969743918216,14.1
417500,834.9999999940786,-2439724.3455852903,-1952588.1149657264,299.6540146496131,14.1
418000,835.999999994055,-2440557.495289482,-1952744.887353431,300.0700772735029,14.1
418500,836.9999999940313,-2441091.287726462,-1953189.0038433701,300.12523998951355,14.1
419000,837.9999999940077,-2441325.04849202,-1952748.7801143648,300.5398307074954,14.1
419500,838.999999993984,-2441523.1289715115,-1953978.9043307086,299.90498560749444,14.1
420000,839.9999999939604,-2440813.3100062087,-1950714.4450953482,301.4764314675873,14.1
420500,840.9999999939367,-2441259.9082040414,-1954337.536861408,299.52246255622686,14.1
421000,841.9999999939131,-2441407.624891201,-1954927.4691294318,299.25044075653847,14.1
421500,842.9999999938894,-2443538.354781516,-1954599.4110788354,300.76292459854096,14.1
422000,843.9999999938658,-2442200.3405881003,-1954325.3674815032,300.1084402047604,14.1
422500,844.9999999938422,-2442231.267637845,-1954640.5949052393,299.9335574038558,14.1
423000,845.9999999938185,-2443403.2691032123,-1955289.9866631653,300.25503235703354,14.1
423500,846.9999999937949,-2441508.3002989534,-1954590.464927537,299.5196723265127,14.1
424000,847.9999999937712,-2442737.8250568155,-1955664.208908858,299.615498364819,14.1
424500,848.9999999937476,-2443584.927861305,-1956391.0940651302,299.6894483169181,14.1
425000,849.9999999937239,-2445833.303106891,-1957659.1282772282,300.29248933079793,14.1
425500,850.9999999937003,-2444367.799807757,-1958065.1929487435,299.1412244056222,14.1
426000,851.9999999936766,-2441925.4394268245,-1954519.3943414497,299.8199866771665,14.1
426500,852.999999993653,-2439650.041396208,-1952512.3034783914,299.65494183988204,14.1
427000,853.9999999936293,-2441226.939392086,-1953797.310919083,299.8344936186292,14.1
427500,854.9999999936057,-2444386.701341847,-1955105.7805578778,300.97328629796937,14.1
428000,855.999999993582,-2442202.718269607,-1951811.9925063085,301.6559649751666,14.1
428500,856.9999999935584,-2441898.96134896,-1954844.3676730522,299.60379699719346,14.1
429000,857.9999999935347,-2442978.097172862,-1954265.9301926354,300.6234265463718,14.1
429500,858.9999999935111,-2440398.3923814613,-1950030.4177340472,301.64196999227676,14.1
430000,859.9999999934874,-2442235.896056326,-1953848.0779548502,300.4239085521115,14.1
430500,860.9999999934638,-2442126.8668164276,-1955195.018471002,299.52829218201725,14.1
431000,861.9999999934402,-2442247.9106168076,-1955687.276540827,299.2999456966965,14.1
431500,862.9999999934165,-2442974.6848469023,-1956674.488562751,299.13974157927964,14.1
432000,863.9999999933929,-2442710.550336307,-1954108.0158213656,300.5559878992467,14.1
432500,864.9999999933692,-2445672.1135111414,-1957486.3840702982,300.2995969639616,14.1
433000,865.9999999933456,-2443582.6374400742,-1956757.84821853,299.46243648445386,14.1
433500,866.9999999933219,-2442374.778818641,-1954314.52349373,300.2224135803196,14.1
434000,867.9999999932983,-2441574.0236575864,-1952499.1303071587,300.84655183703603,14.1
434500,868.9999999932746,-2440543.099659497,-1953047.6363394945,299.87499086553294,14.1
435000,869.999999993251,-2439481.563822547,-1952248.5990332055,299.71351911777947,14.1
435500,870.9999999932273,-2441071.0040897727,-1952377.5178418667,300.6119353944423,14.1
436000,871.9999999932037,-2444812.236205511,-1955330.700635646,301.0966912557884,14.1
436500,872.99999999318,-2442201.311120743,-1954858.1653956377,299.7812951476951,14.1
437000,873.9999999931564,-2439747.6962596867,-1953746.4200402896,298.9558657108209,14.1
437500,874.9999999931327,-2442875.5696814824,-1955116.542663729,300.0371178336842,14.1
438000,875.9999999931091,-2439901.5819152724,-1953537.6724837911,299.1789336967683,14.1
438500,876.9999999930855,-2438561.282446943,-1951425.0704790684,299.65400317632657,14.1
439000,877.9999999930618,-2440541.4280873947,-1951517.916990724,300.8149448703352,14.1
439500,878.9999999930382,-2442983.259469481,-1956205.7289147489,299.43336607591704,14.1
440000,879.9999999930145,-2441934.1063692607,-1954278.0770636157,299.9737604482281,14.1
440500,880.9999999929909,-2443083.7823972087,-1953778.709985592,300.9881427831373,14.1
441000,881.9999999929672,-2443538.8300365675,-1956081.1927211145,299.8517228074233,14.1
441500,882.9999999929436,-2440771.1988787185,-1954801.4032212738,298.9365009496319,14.1
442000,883.9999999929199,-2443336.774844568,-1954983.153966144,300.4028726805562,14.1
442500,884.9999999928963,-2443324.748395566,-1956626.844942202,299.3843847456439,14.1
443000,885.9999999928726,-2444002.547873564,-1957500.7199272648,299.26377205216465,14.1
443500,886.999999992849,-2443583.2558447253,-1955116.1241559745,300.47269702923415,14.1
444000,887.9999999928253,-2441671.7150656674,-1953695.8683205803,300.1704910005048,14.1
444500,888.9999999928017,-2442267.412928624,-1956723.9385295855,298.6742562866772,14.1
445000,889.999999992778,-2442322.6177800037,-1954451.8102831144,300.1058777969699,14.1
445500,890.9999999927544,-2445885.2560124546,-1959549.3442379504,299.16171138853787,14.1
446000,891.9999999927307,-2443382.2512868904,-1955542.9224701915,300.08651419331653,14.1
446500,892.9999999927071,-2443253.793301342,-1955567.4506044858,299.99240724311454,14.1
447000,893.9999999926835,-2441682.792170722,-1955759.2940514064,298.90802176394055,14.1
447500,894.9999999926598,-2442167.1024573017,-1955534.7570004393,299.3440577988695,14.1
448000,895.9999999926362,-2440429.531711772,-1951765.2901507001,300.59394599585903,14.1
448500,896.9999999926125,-2440568.80555843,-1952308.598734016,300.34541052818605,14.1
449000,897.9999999925889,-2444380.5733335055,-1954549.470377503,301.31172200912306,14.1
449500,898.9999999925652,-2441641.153318187,-1953383.6280329889,300.3437610224812,14.1
450000,899.9999999925416,-2443605.8998930585,-1955235.5365154461,300.41317155955886,14.1
450500,900.9999999925179,-2442546.0825566743,-1955059.2050625721,299.8697094328692,14.1
451000,901.9999999924943,-2441614.2926835734,-1952633.6881140755,300.7885516104751,14.1
451500,902.9999999924706,-2443216.8864125013,-1955837.3811580741,299.803661127163,14.1
452000,903.999999992447,-2442629.0228002574,-1954414.9237056524,300.317048100029,14.1
452500,904.9999999924233,-2443403.620609928,-1955904.0741440011,299.87750254705395,14.1
453000,905.9999999923997,-2441602.035598671,-1953269.954660392,300.3896227329356,14.1
453500,906.999999992376,-2442705.802973097,-1955672.8227935252,299.59050180266564,14.1
454000,907.9999999923524,-2444533.116156647,-1957183.6814078027,299.785163739463,14.1
454500,908.9999999923288,-2442229.916851025,-1952886.5109478994,301.011723013685,14.1
455000,909.9999999923051,-2442089.64666871,-1953291.1128528658,300.6765537157315,14.1
455500,910.9999999922815,-2439992.671544194,-1952586.8758209823,299.8198332860442,14.1
456000,911.9999999922578,-2440190.053632172,-1952904.545675245,299.74584020194385,14.1
456500,912.9999999922342,-2441853.8430216573,-1954323.0352639784,299.8967324277071,14.1
457000,913.9999999922105,-2443168.8419316392,-1953933.1529834685,300.9454626619206,14.1
457500,914.9999999921869,-2441715.8951936625,-1954285.564404293,299.83492563724235,14.1
458000,915.9999999921632,-2441126.24044873,-1953264.319683433,300.1004112670111,14.1
458500,916.9999999921396,-2440692.066786155,-1954016.2129091697,299.370821303494,14.1
459000,917.9999999921159,-2442332.9274919834,-1953961.0134476656,300.4141254272337,14.1
459500,918.9999999920923,-2443382.3435254917,-1955778.97076097,299.941369624156,14.1
460000,919.9999999920686,-2443295.186992312,-1956545.1834687092,299.4164332656046,14.1
460500,920.999999992045,-2442989.320109995,-1954712.383636173,300.35570150285326,14.1
461000,921.9999999920213,-2442096.496485211,-1955739.241401,299.17484038210796,14.1
461500,922.9999999919977,-2441502.9952838067,-1953125.1602907062,300.4177676036144,14.1
462000,923.999999991974,-2442973.8281890247,-1953965.8450946952,300.80539306952744,14.1
462500,924.9999999919504,-2442225.981812153,-1954598.5004921518,299.95619961417265,14.1
463000,925.9999999919268,-2441161.701935107,-1954630.496803091,299.28184295530383,14.1
463500,926.9999999919031,-2442611.3258984257,-1955294.5222025716,299.7650912722225,14.1
464000,927.9999999918795,-2444702.809234448,-1957159.260141732,299.90457005495756,14.1
464500,928.9999999918558,-2440705.8377800975,-1954020.2539794324,299.3768065094992,14.1
465000,929.9999999918322,-2444084.1350548174,-1955221.7402152903,300.71583679697954,14.1
465500,930.9999999918085,-2442563.169317728,-1954380.9707930912,300.29742497766665,14.1
466000,931.9999999917849,-2444898.677693559,-1955694.2878503976,300.9262095210505,14.1
466500,932.9999999917612,-2444687.388984034,-1957390.8526065908,299.7526241573862,14.1
467000,933.9999999917376,-2443730.5621859655,-1955523.0011214348,300.31302633602024,14.1
467500,934.9999999917139,-2444199.94129302,-1955781.9618534092,300.44246181399427,14.1
468000,935.9999999916903,-2443439.2464083005,-1954351.78500248,300.8542828741014,14.1
468500,936.9999999916666,-2442895.0091184843,-1955907.995020693,299.5622265070141,14.1
469000,937.999999991643,-2445335.3372491673,-1956403.9221598976,300.7582934931303,14.1
469500,938.9999999916193,-2443442.840479091,-1954668.2045659989,300.661853305351,14.1
470000,939.9999999915957,-2441856.6702772304,-1954081.2557146822,300.0471983682028,14.1
470500,940.999999991572,-2442325.3376616295,-1955906.6736679242,299.21261508476516,14.1
471000,941.9999999915484,-2442581.1432347763,-1955209.586768241,299.79877155818076,14.1
471500,942.9999999915248,-2442519.8263861015,-1954847.195956193,299.9839723627206,14.1
472000,943.9999999915011,-2445956.854066206,-1957918.572227984,300.20889694351825,14.1
472500,944.9999999914775,-2443612.020209478,-1955233.080133007,300.4184473778701,14.1
473000,945.9999999914538,-2439629.279041752,-1954767.4249997255,298.2549684907649,14.1
473500,946.9999999914302,-2441509.125778107,-1952063.2344830364,301.0747652536353,14.1
474000,947.9999999914065,-2441131.4968689643,-1952019.950849874,300.8690981364529,14.1
474500,948.9999999913829,-2439835.2631013095,-1953511.3265725072,299.154345008816,14.1
475000,949.9999999913592,-2441349.2552813273,-1956095.781360884,298.49586715813535,14.1
475500,950.9999999913356,-2442565.123845868,-1954040.3812088948,300.50813547712096,14.1
476000,951.9999999913119,-2440559.362970434,-1953784.571864229,299.4316809482309,14.1
476500,952.9999999912883,-2440857.894373918,-1952715.04097325,300.27322245768744,14.1
477000,953.9999999912646,-2441326.9803385306,-1952898.6358303162,300.4488377191807,14.1
477500,954.999999991241,-2442493.9595389646,-1954293.6041118572,300.30859390409194,14.1
478000,955.9999999912174,-2440757.0822804775,-1954764.2858637427,298.9506494966462,14.1
478500,956.9999999911937,-2443325.611443104,-1955186.6269644613,300.27084255255147,14.1
479000,957.9999999911701,-2442954.713946346,-1955270.6724134372,299.9909917191363,14.1
479500,958.9999999911464,-2444276.229033174,-1956449.8264927266,300.07856280245346,14.1
480000,959.9999999911228,-2441606.24352096,-1954203.5249434486,299.8179404293754,14.1
480500,960.9999999910991,-2441377.0546597764,-1954570.323016775,299.45132865554456,14.1
481000,961.9999999910755,-2443734.3293185253,-1955288.5589535567,300.45955695459537,14.1
481500,962.9999999910518,-2442357.3157810327,-1953361.4649208505,300.79793012088925,14.1
482000,963.9999999910282,-2440935.097004913,-1953001.275900116,300.14463960403776,14.1
482500,964.9999999910045,-2443102.77614283,-1954818.1477158023,300.36043308411064,14.1
483000,965.9999999909809,-2442410.944927048,-1955040.0980465836,299.79833506772576,14.1
483500,966.9999999909572,-2443880.7202143036,-1955945.521746995,300.1454868664262,14.1
484000,967.9999999909336,-2440318.675161531,-1951025.9448213005,300.9805507564978,14.1
484500,968.9999999909099,-2444351.4908120316,-1955522.4792334405,300.6953016211235,14.1
485000,969.9999999908863,-2442383.019801561,-1953365.9609627894,300.81097586769977,14.1
485500,970.9999999908626,-2439907.5643318743,-1950642.7011452669,300.9634087253056,14.1
486000,971.999999990839,-2441733.527433336,-1953546.986319547,300.30009625151484,14.1
486500,972.9999999908154,-2441883.994938001,-1954969.0781306024,299.5178770188144,14.1
487000,973.9999999907917,-2442226.7205914,-1955958.5555886119,299.1200380519057,14.1
487500,974.9999999907681,-2445132.86629615,-1958000.3816281748,299.65171038776236,14.1
488000,975.9999999907444,-2443472.9885446057,-1956144.0657878725,299.7725461175368,14.1
488500,976.9999999907208,-2444854.3077556267,-1956024.855190048,300.69557288717397,14.1
489000,977.9999999906971,-2443215.907737838,-1955769.0277551734,299.84510560723515,14.1
489500,978.9999999906735,-2443284.7394372746,-1955531.817267817,300.033362534477,14.1
490000,979.9999999906498,-2445039.355841337,-1958038.8945969585,299.5704983028838,14.1
490500,980.9999999906262,-2442607.3538791686,-1956293.313296539,299.14825767674546,14.1
491000,981.9999999906025,-2443935.8598918803,-1956465.6555876667,299.859453188367,14.1
491500,982.9999999905789,-2440763.5006877035,-1951429.3024563948,301.00605906251053,14.1
492000,983.9999999905552,-2442317.005026115,-1955541.5460765287,299.43209176134184,14.1
492500,984.9999999905316,-2441073.600234855,-1953055.0431336553,300.1967635888934,14.1
493000,985.999999990508,-2441736.092098508,-1953119.5672253976,300.5645938429812,14.1
493500,986.9999999904843,-2443923.971915927,-1954842.8635200579,300.8503749222443,14.1
494000,987.9999999904607,-2442339.902824564,-1955405.5751980837,299.5298172718686,14.1
494500,988.999999990437,-2442073.0139305424,-1954031.017941158,300.2111816438481,14.1
495000,989.9999999904134,-2438645.521956319,-1951035.8488424907,299.9452451826645,14.1
495500,990.9999999903897,-2440026.6206464153,-1951928.263214854,300.24585147819454,14.1
496000,991.9999999903661,-2442646.296401497,-1956450.9157726201,299.0752659153341,14.1
496500,992.9999999903424,-2444995.807008801,-1957189.7509599256,300.06604698552104,14.1
497000,993.9999999903188,-2442884.348226944,-1953446.534629341,301.06979638800163,14.1
497500,994.9999999902951,-2441128.293558076,-1953805.7640120527,299.7686134368301,14.1
498000,995.9999999902715,-2441930.935164459,-1953572.6041033887,300.405770073628,14.1
498500,996.9999999902478,-2443080.805386884,-1956991.0614603732,299.01028519748024,14.1
499000,997.9999999902242,-2442581.886410948,-1954857.4546269986,300.0158371322181,14.1
499500,998.9999999902005,-2440569.6470800675,-1951790.003035092,300.6649339771024,14.1
500000,999.9999999901769,-2442103.2670437824,-1954139.1065361395,300.1633023995628,14.1
