#"Step","Time (ps)","Potential Energy (kJ/mole)","Total Energy (kJ/mole)","Temperature (K)","Speed (ns/day)"
500,1.0000000000000007,-2473991.297440961,-1974187.3877473385,299.9896300165451,0
1000,2.0000000000000013,-2478295.265282184,-1979116.6404678775,299.6143248699408,14.7
1500,2.999999999999891,-2481198.3923144676,-1981141.1951841742,300.14165684735036,14.4
2000,3.999999999999781,-2481957.421590075,-1982442.3411994195,299.8162704368089,14.5
2500,4.999999999999671,-2484911.421590075,-1983536.0266297068,300.9328584999647,14.5
3000,5.999999999999561,-2485675.6316436436,-1985843.9388614353,300.0063058334083,14.5
3500,6.999999999999451,-2487401.641696522,-1987631.6645320007,299.9692632153795,14.4
4000,7.999999999999341,-2489989.0727633443,-1990794.6791515108,299.62378953327016,14.3
4500,8.999999999999675,-2491622.14505584,-1992293.6392914208,299.7042856123416,14.3
5000,10.000000000000009,-2488480.0637467317,-1986331.224550587,301.39709106323403,14.3
5500,11.000000000000343,-2492417.9098497983,-1992317.6783921816,300.1674866811738,14.2
6000,12.000000000000677,-2493171.951314941,-1994918.9343130481,299.05876149838474,14.2
6500,13.00000000000101,-2494182.780184157,-1993588.5347976994,300.4640010798445,14.1
7000,14.000000000001345,-2496140.552339554,-1996005.418697609,300.1884354836147,14.1
7500,15.000000000001679,-2493825.028829526,-1994489.7610116277,299.70834429592145,14.1
8000,16.00000000000201,-2493011.935010802,-1992007.0788846682,300.71045566230623,14.1
8500,17.000000000001457,-2496607.5267629903,-1996697.5491547599,300.0532935330618,14.1
9000,18.000000000000902,-2495282.5716835335,-1996150.2234750313,299.58654897306536,14.1
9500,19.000000000000348,-2495206.106672054,-1996546.1382991697,299.30301967414266,14.1
10000,19.999999999999794,-2496478.031490976,-1995116.344350384,300.92463086568006,14.1
10500,20.99999999999924,-2499382.1994773652,-1999811.0297745494,299.8499360638209,14.1
11000,21.999999999998685,-2497854.218683731,-1999096.1108867878,299.36192439445875,14.1
11500,22.99999999999813,-2497695.503356518,-1998344.885537183,299.717557591701,14.1
12000,23.999999999997577,-2495759.9301412255,-1992926.7168638185,301.80786241465586,14.1
12500,24.999999999997023,-2496573.4937994294,-1996784.9116203566,299.9804302177247,14.1
13000,25.99999999999647,-2495621.257340979,-1996920.8641839945,299.3272832218869,14.1
13500,26.999999999995914,-2496201.7927944977,-1995647.8541663974,300.43980837288024,14
14000,27.99999999999536,-2497282.2639055587,-1998243.885183966,299.5301471101266,14
14500,28.999999999994806,-2497805.332299158,-1998299.1870709246,299.81090742140003,14
15000,29.99999999999425,-2499763.393746851,-2000034.6254352804,299.94452905802234,14
15500,30.999999999993697,-2502435.3427727744,-2003896.7622171473,299.23016092757973,14
16000,31.999999999993143,-2501076.2166892625,-1999379.9932065236,301.12542448005837,14
16500,32.999999999994365,-2499840.9229916967,-2001299.191438764,299.2320522023328,14
17000,33.99999999999559,-2501005.5351908077,-1997903.3764905934,301.96928739816997,14
17500,34.99999999999681,-2500497.012268726,-2001309.318466611,299.6197682093076,14
18000,35.99999999999803,-2495871.0057437383,-1996288.1664366892,299.8569403312715,14
18500,36.999999999999254,-2500506.2987891957,-2001217.3461531163,299.68054524515657,14
19000,38.000000000000476,-2501672.150633009,-2003439.161885145,299.0467402468511,14
19500,39.0000000000017,-2500893.353667315,-2000601.3240494572,300.28260674728915,14
20000,40.00000000000292,-2500239.877060298,-2002570.3325398397,298.70855276564845,14
20500,41.00000000000414,-2496801.33959803,-1996854.348053297,300.0755098401003,14
21000,42.000000000005365,-2500265.756421566,-2001679.9288411853,299.2585192841279,14
21500,43.00000000000659,-2497395.8446090873,-1998213.2247094833,299.61672277867484,14
22000,44.00000000000781,-2502873.31443985,-2002289.2242537034,300.45790577981785,14
22500,45.00000000000903,-2497853.0125127602,-1998548.860142423,299.6896683483735,14
23000,46.00000000001025,-2502426.939811589,-2004984.8833224734,298.5720111159494,14
23500,47.000000000011475,-2502755.5483829025,-2003313.47387635,299.7724512354455,14
24000,48.0000000000127,-2499680.0889987405,-1999154.2478077654,300.4229438794177,14
24500,49.00000000001392,-2500398.7884083465,-2001559.9452067767,299.4103829672979,14
25000,50.00000000001514,-2497958.764265675,-1997606.0874805688,300.31900806570934,14
25500,51.000000000016364,-2501369.669747796,-2002117.7568832748,299.65831343153906,14
26000,52.000000000017586,-2499822.851771325,-1999461.2471112704,300.3243667070696,14
26500,53.00000000001881,-2500800.6191674396,-2001055.2397858086,299.95449926566766,14
27000,54.00000000002003,-2498507.7408995926,-1999391.2511162413,299.577030513923,14
27500,55.00000000002125,-2501566.541702509,-2002768.1048772524,299.386130468177,14
28000,56.000000000022474,-2500384.275819348,-2001789.1999448286,299.2640702457813,14
28500,57.0000000000237,-2500624.354670007,-2000897.5665106187,299.9433405416681,14
29000,58.00000000002492,-2500147.5607455987,-2001767.4333216245,299.1350550362139,14
29500,59.00000000002614,-2503120.858428506,-2005106.1225544405,298.9157416740287,14
30000,60.00000000002736,-2502481.1273217257,-2001434.0913712606,300.7357726109131,14
30500,61.000000000028585,-2501110.790671734,-2002390.6283081702,299.33914898934603,13.9
31000,62.00000000002981,-2504116.718241764,-2002801.619664872,300.8966677271047,13.9
31500,63.00000000003103,-2504688.145255184,-2004785.990167194,300.04859834179325,13.9
32000,64.00000000003224,-2500517.000852542,-2001509.2597094262,299.5117579866051,13.9
32500,65.00000000002991,-2501997.332602462,-2003186.5165609338,299.3935606551705,13.9
33000,66.00000000002758,-2504095.9551761188,-2003527.0709752662,300.44877892463734,13.9
33500,67.00000000002525,-2502415.925351765,-2001846.3118800393,300.44921664370116,13.9
34000,68.00000000002292,-2501881.3172089197,-2004747.6222501856,298.38692800712124,13.9
34500,69.00000000002059,-2503945.481608102,-2002561.2910086405,300.9381377714274,13.9
35000,70.00000000001826,-2502029.042171493,-2002302.432076736,299.94323366466756,13.9
35500,71.00000000001593,-2504464.075514976,-2004496.1459958663,300.0880771191167,13.9
36000,72.0000000000136,-2502202.4839143287,-2000686.681053594,301.0171333791032,13.9
36500,73.00000000001127,-2502610.856867885,-2002705.3077945088,300.050635461553,13.9
37000,74.00000000000894,-2502669.7886485737,-2002837.5672419735,300.00662312151417,13.9
37500,75.00000000000661,-2504305.84189591,-2005384.3107639088,299.46001347473475,13.9
38000,76.00000000000428,-2503836.5068802387,-2002945.5767274625,300.6420756237871,13.9
38500,77.00000000000195,-2504776.3586189,-2004602.261328463,300.2118220363579,13.9
39000,77.99999999999962,-2501291.8171415664,-2001341.4177678558,300.0775552689863,13.9
39500,78.99999999999729,-2502144.36022776,-2001557.3444397172,300.45966176894353,13.9
40000,79.99999999999496,-2499533.324597057,-2000665.6754535742,299.4276727157156,13.9
40500,80.99999999999262,-2505074.90122737,-2002586.2794953503,301.601033519958,13.9
41000,81.9999999999903,-2503805.179500224,-2004171.6725687408,299.88735178186863,13.9
41500,82.99999999998796,-2503447.1346781254,-2002681.097108388,300.5671132654482,13.9
42000,83.99999999998563,-2502162.3925278448,-2004295.60581129,298.8269404218533,13.9
42500,84.9999999999833,-2505373.8005650714,-2007504.7971467413,298.82827091873935,13.9
43000,85.99999999998097,-2504744.9173707217,-2003093.698441604,301.098412087542,13.9
43500,86.99999999997864,-2503902.1219401713,-2003023.5221983446,300.6346747304629,13.9
44000,87.99999999997631,-2503198.3141995184,-2004968.966631304,299.0445547574725,13.9
44500,88.99999999997398,-2503634.643716367,-2003594.265318327,300.131561997814,13.9
45000,89.99999999997165,-2502387.9325915407,-2003158.6052970944,299.64475724144313,13.9
45500,90.99999999996932,-2504520.510227669,-2002043.5861667779,301.5940124063456,13.9
46000,91.99999999996699,-2503447.8543280717,-2003304.5537631526,300.19333739045044,13.9
46500,92.99999999996466,-2502295.2469843123,-2000991.4147028232,300.8899055315235,13.9
47000,93.99999999996233,-2504664.2114119586,-2004649.1637888004,300.1163580955686,13.9
47500,94.99999999996,-2502336.772535499,-2003211.0291579578,299.58258465674487,13.9
48000,95.99999999995767,-2501000.3789676316,-1998700.7064544638,301.48762343020894,13.9
48500,96.99999999995534,-2503900.154902475,-2004450.2007978999,299.7771806856352,13.9
49000,97.999999999953,-2502890.256203726,-2002151.4808665765,300.55075007398676,13.9
49500,98.99999999995067,-2504695.069603389,-2006371.1094502825,299.1013426172436,13.9
50000,99.99999999994834,-2502367.5771752186,-2002884.6210849807,299.7969889609943,13.9
50500,100.99999999994601,-2503202.3392669037,-2003266.4569052581,300.06884194563315,13.8
51000,101.99999999994368,-2503370.2425891683,-2003113.974540379,300.26114212953485,13.8
51500,102.99999999994135,-2503752.2259320226,-2003114.5151471929,300.4900896488277,13.8
52000,103.99999999993902,-2503794.304776136,-2003982.9743383056,299.99408405595165,13.8
52500,104.99999999993669,-2504751.2950653713,-2006229.0366135878,299.22036416169186,13.8
53000,105.99999999993436,-2504132.2946403064,-2005493.8346442855,299.2901100311958,13.8
53500,106.99999999993203,-2502813.2341870815,-2001815.9353810817,300.7059196480275,13.8
54000,107.9999999999297,-2508073.396016253,-2007921.3807714146,300.19856806903067,13.8
54500,108.99999999992737,-2502406.025571456,-2002107.3948901342,300.2865688023029,13.8
55000,109.99999999992504,-2500175.5538355596,-2001829.517516446,299.1145930555539,13.8
55500,110.99999999992271,-2499841.9362185244,-2001537.5214658787,299.0896111814963,13.8
56000,111.99999999992038,-2500318.9383168872,-2001751.2446822384,299.2476350241903,13.9
56500,112.99999999991805,-2500843.4909417927,-1999252.5659966231,301.06222275491365,13.9
57000,113.99999999991572,-2503348.8526967335,-2005060.081580172,299.08022164189885,13.9
57500,114.99999999991338,-2503823.884276662,-2003081.3418662634,300.5530111265483,13.9
58000,115.99999999991105,-2504072.9721603636,-2004486.9689354745,299.85883936111867,13.9
58500,116.99999999990872,-2505607.5139518976,-2004706.7227234123,300.647994385918,13.9
59000,117.9999999999064,-2507222.6720199026,-2008023.0016526629,299.62695671918317,13.8
59500,118.99999999990406,-2506152.1668860577,-2006871.3552779825,299.6756588808614,13.9
60000,119.99999999990173,-2505481.3256433755,-2005759.234027606,299.94052160737164,13.9
60500,120.9999999998994,-2503716.559525879,-2004231.0026889732,299.79854996725214,13.8
61000,121.99999999989707,-2503447.8886487316,-2002929.4044223595,300.4185281214643,13.8
61500,122.99999999989474,-2506528.260502804,-2007796.5785374895,299.3460632231087,13.8
62000,123.99999999989241,-2505077.210242739,-2005037.660586465,300.1310645748628,13.8
62500,124.99999999989008,-2503837.2958897687,-2002835.2898832883,300.7087449787286,13.8
63000,125.99999999988775,-2505506.4021411315,-2003724.8272318467,301.17665365689004,13.8
63500,126.99999999988542,-2501852.3303832896,-2003984.6395752984,298.82748307078066,13.8
64000,127.99999999988309,-2503848.231660284,-2003355.1604729055,300.40327484309375,13.8
64500,128.99999999988785,-2505715.783308329,-2006256.4749930445,299.7827952199664,13.9
65000,129.99999999989262,-2506484.5796722434,-2006587.1265652124,300.04577614392565,13.9
65500,130.9999999998974,-2505730.289791515,-2005711.7046323307,300.1184813765256,13.8
66000,131.99999999990217,-2503144.469731234,-2003448.3212035797,299.9249501857517,13.8
66500,132.99999999990695,-2503043.6681696754,-2001819.915881117,300.8418403463876,13.9
67000,133.99999999991172,-2502966.8852674644,-2005954.3517380808,298.3142051418972,13.9
67500,134.9999999999165,-2503493.0315811057,-2001415.3548528696,301.35437830728125,13.8
68000,135.99999999992127,-2503941.854579447,-2006344.2969610763,298.66534517222135,13.8
68500,136.99999999992605,-2504179.2966569606,-2005192.1955056945,299.4993695610676,13.8
69000,137.99999999993082,-2503918.319651505,-2002966.6481044604,300.6785334986453,13.8
69500,138.9999999999356,-2505015.401181385,-2006579.234640974,299.168690535017,13.8
70000,139.99999999994037,-2501841.902987059,-2000346.2125581484,301.00506160282345,13.8
70500,140.99999999994515,-2505698.2582464013,-2007320.7902985949,299.13345877964986,13.8
71000,141.99999999994992,-2505075.3092037365,-2005047.204405004,300.1241952036697,13.8
71500,142.9999999999547,-2505551.3974415045,-2006367.1786080764,299.6176824821846,13.8
72000,143.99999999995947,-2505436.654355854,-2005456.2905457162,300.0955403627862,13.8
72500,144.99999999996425,-2504022.996286208,-2004420.795977016,299.86856108844626,13.8
73000,145.99999999996902,-2504348.8163367007,-2002664.9100211258,301.11803153584816,13.8
73500,146.9999999999738,-2505881.3203111906,-2007933.1134406023,298.8758099913198,13.8
74000,147.99999999997857,-2506543.9563454185,-2007046.3687702664,299.8057709926289,13.8
74500,148.99999999998334,-2504700.4543805383,-2005888.4059198403,299.39430037121457,13.8
75000,149.99999999998812,-2503814.6054896004,-2004971.5703661824,299.41289902021373,13.9
75500,150.9999999999929,-2501718.385278482,-2000594.1483077395,300.782109794478,13.8
76000,151.99999999999767,-2504942.7391274422,-2006886.4313353982,298.9406937483353,13.9
76500,153.00000000000244,-2504743.336534459,-2006160.3503145091,299.25681385796395,13.9
77000,154.00000000000722,-2505884.682791291,-2005860.623993731,300.12176673448147,13.9
77500,155.000000000012,-2505408.954643078,-2006886.2085578179,299.2206568464497,13.9
78000,156.00000000001677,-2503904.894799484,-2002873.1818650507,300.72657551216906,13.9
78500,157.00000000002154,-2508023.0975669883,-2009249.569676356,299.3711797606353,13.9
79000,158.00000000002632,-2500672.1557483636,-1999196.312766462,300.99314887431206,13.9
79500,159.0000000000311,-2501870.0768148303,-1999869.1926661674,301.3082862758117,13.9
80000,160.00000000003587,-2504921.5849415287,-2005370.2371147797,299.83803868336395,13.9
80500,161.00000000004064,-2503927.5626875497,-2003582.543497067,300.3144118652128,13.9
81000,162.00000000004542,-2504409.484217692,-2004403.4557749205,300.11094465134636,13.9
81500,163.0000000000502,-2508273.7960699964,-2008636.674480157,299.88952135277805,13.9
82000,164.00000000005497,-2505925.6878511272,-2005752.9095849537,300.2110303386678,13.9
82500,165.00000000005974,-2504645.6384659186,-2005218.7979209803,299.7633075884678,13.9
83000,166.00000000006452,-2503879.5180646386,-2004932.3679116676,299.4753903865057,13.9
83500,167.0000000000693,-2505984.4618078675,-2006287.197065801,299.92562015399733,13.9
84000,168.00000000007407,-2505240.9769552443,-2005696.864356835,299.8336959932997,13.9
84500,169.00000000007884,-2503345.618337039,-2003549.2992696757,299.985074011442,13.9
85000,170.00000000008362,-2506118.3596226964,-2005664.5091874101,300.37973397300266,13.9
85500,171.0000000000884,-2507916.079880342,-2008687.2366285457,299.64446671195213,13.9
86000,172.00000000009317,-2504562.747936722,-2003965.3008278338,300.46592280056063,13.9
86500,173.00000000009794,-2505377.515697239,-2005658.725966509,299.93853976758976,13.9
87000,174.00000000010272,-2506914.9673863016,-2007260.1423557997,299.9001472172647,13.9
87500,175.0000000001075,-2504039.569584219,-2005229.1678757188,299.39331196641615,13.9
88000,176.00000000011227,-2503726.98702967,-2004991.551936398,299.3483159055016,13.9
88500,177.00000000011704,-2506172.6269830614,-2007055.813248519,299.5772249541745,13.9
89000,178.00000000012182,-2504575.708241895,-2004640.8265831713,300.0682413090765,13.9
89500,179.0000000001266,-2502660.523293227,-2002958.1103362525,299.92871018801964,13.9
90000,180.00000000013137,-2503249.683581881,-2003512.548293799,299.9495510399224,13.9
90500,181.00000000013614,-2503090.41071669,-2004467.2208602428,299.28094466967684,13.9
91000,182.00000000014091,-2505155.1968645267,-2005543.8789514257,299.87403360790915,13.9
91500,183.0000000001457,-2503519.6069303546,-2003800.7564602597,299.9385762242467,13.9
92000,184.00000000015046,-2501305.639453899,-2000518.7981066694,300.5795999975281,13.9
92500,185.00000000015524,-2504756.5527038537,-2003263.1404788762,301.00369419144107,13.9
93000,186.00000000016001,-2502520.0712716393,-2003114.5892104416,299.75048791356977,13.9
93500,187.0000000001648,-2504803.415829001,-2005554.797551071,299.65633597239287,13.9
94000,188.00000000016956,-2509195.3564634137,-2009485.686330602,299.9330660512935,13.9
94500,189.00000000017434,-2507205.567227604,-2007493.5411303565,299.9344801356688,13.9
95000,190.0000000001791,-2507161.6293018404,-2008672.5443873398,299.20045291853654,13.9
95500,191.0000000001839,-2502112.263590725,-2002115.825383632,300.1051884513704,13.9
96000,192.00000000018866,-2505589.096786417,-2008042.7393955002,298.63461404548815,13.9
96500,193.00000000019344,-2505083.3924587425,-2005060.1665165504,300.12126684248636,13.9
97000,194.0000000001982,-2508280.704001412,-2008004.8453312498,300.272900707536,13.9
97500,195.000000000203,-2503513.9353790116,-2002996.468859315,300.41791727900574,13.9
98000,196.00000000020776,-2504630.093996562,-2005330.3981765697,299.68699346155654,13.9
98500,197.00000000021254,-2503754.063346481,-2004153.0296314969,299.86786088150916,13.9
99000,198.0000000002173,-2502950.187339293,-2000672.036616193,301.4747057364604,13.9
99500,199.0000000002221,-2504707.0628738683,-2007125.2750927287,298.65587988484646,13.9
100000,200.00000000022686,-2504725.553742543,-2002769.4558367082,301.281404916632,13.9
100500,201.00000000023164,-2505919.221980706,-2006354.9763876935,299.84578011166076,13.9
101000,202.0000000002364,-2506205.5984814595,-2005544.8882339494,300.5038942633301,13.9
101500,203.0000000002412,-2506118.7586160824,-2005038.5590629335,300.7556778911765,13.9
102000,204.00000000024596,-2507776.6784774754,-2008468.3819911461,299.69215570751396,13.9
102500,205.00000000025074,-2504691.1220184676,-2003882.1176220495,300.59290258439705,13.9
103000,206.0000000002555,-2506797.769104123,-2007587.441547344,299.63335332050013,13.9
103500,207.0000000002603,-2505702.466210643,-2004058.0382641242,301.09433604028055,13.9
104000,208.00000000026506,-2507094.935975233,-2008260.7430698266,299.40759179140184,13.9
104500,209.00000000026984,-2504415.9296260383,-2004227.5975455386,300.22036596592994,13.9
105000,210.0000000002746,-2508053.3774540126,-2007422.7977102513,300.48580949349036,13.9
105500,211.00000000027939,-2506358.1794184744,-2004280.66905316,301.35427845381804,13.9
106000,212.00000000028416,-2504602.135100499,-2004542.1785883734,300.143313068758,13.9
106500,213.00000000028894,-2505150.455793474,-2005803.2660031163,299.71550003847915,13.9
107000,214.0000000002937,-2506172.4006284717,-2007200.110706795,299.4904796440454,13.9
107500,215.00000000029848,-2503890.3878965788,-2004726.5093850747,299.6054739229275,13.9
108000,216.00000000030326,-2506188.946093185,-2006365.1947326125,300.0015392757801,13.9
108500,217.00000000030803,-2506967.707412578,-2008469.300345903,299.20604821086533,13.9
109000,218.0000000003128,-2505121.7277821396,-2004243.477562705,300.63446494200156,13.9
109500,219.00000000031758,-2504068.4108024575,-2003111.7967524314,300.68150006135534,13.9
110000,220.00000000032236,-2505389.214502793,-2006048.5153925247,299.7116042371842,13.9
110500,221.00000000032713,-2504358.6673673633,-2003316.9206502307,300.73259793556605,13.9
111000,222.0000000003319,-2505403.8327883743,-2004676.0054727038,300.54417891107835,13.9
111500,223.00000000033668,-2503530.797838304,-2003201.7211039013,300.30484296947543,13.9
112000,224.00000000034146,-2504352.181029195,-2004593.55403867,299.9624506746376,13.9
112500,225.00000000034623,-2502815.207166802,-2002176.4912733312,300.4906929297616,13.9
113000,226.000000000351,-2504682.6047650967,-2005330.1461328883,299.7186624745601,13.9
113500,227.00000000035578,-2505370.544094965,-2008218.7850014572,298.39777036549856,13.9
114000,228.00000000036056,-2505057.432585206,-2005926.1148180175,299.58593048709025,13.9
114500,229.00000000036533,-2504638.3684937116,-2005588.3794663674,299.5371157857595,13.9
115000,230.0000000003701,-2506988.1601913758,-2008952.8212512895,298.9281079361425,13.9
115500,231.00000000037488,-2504909.55717038,-2004337.9300008265,300.4504252946432,13.9
116000,232.00000000037966,-2503482.795549875,-2004010.9147917368,299.79034138438595,13.9
116500,233.00000000038443,-2505591.925428346,-2004398.6502753845,300.82354752303354,13.9
117000,234.0000000003892,-2507988.5654108543,-2008687.351532488,299.6879046224362,13.9
117500,235.00000000039398,-2507362.567261433,-2008990.6548081203,299.1301242904524,13.9
118000,236.00000000039876,-2504017.313424483,-2005285.2249331847,299.3463072259608,13.9
118500,237.00000000040353,-2504208.0951869953,-2003890.7016825282,300.2978305236784,13.9
119000,238.0000000004083,-2509286.192526797,-2009845.5825900538,299.77157217918614,13.9
119500,239.00000000041308,-2507104.8563939594,-2008148.9776297347,299.48062942687676,13.9
120000,240.00000000041786,-2509390.384255221,-2009508.543906839,300.0364051374172,13.9
120500,241.00000000042263,-2503827.937529806,-2002962.9283403056,300.62651748181986,13.9
121000,242.0000000004274,-2505892.9274583664,-2006738.8673720635,299.5995807602565,13.9
121500,243.00000000043218,-2507148.0974229854,-2006686.4697945374,300.3844019582943,13.9
122000,244.00000000043696,-2505015.4078875296,-2006047.4450598406,299.48788245883077,13.9
122500,245.00000000044173,-2508023.3184655625,-2009561.6107546429,299.18402071980057,13.9
123000,246.0000000004465,-2507528.244785538,-2006632.5943131219,300.6449088287998,13.9
123500,247.00000000045128,-2506314.7682195194,-2004358.7976103805,301.28132851129004,13.9
124000,248.00000000045605,-2503785.1421444677,-2003444.8885698137,300.31155147276377,13.9
124500,249.00000000046083,-2506809.577716671,-2007570.6306747703,299.65053115481936,13.9
125000,250.0000000004656,-2506588.73884248,-2007080.1113890489,299.81239728933457,13.9
125500,251.00000000047038,-2503833.3349427246,-2002523.8866386516,300.8932763505675,13.9
126000,252.00000000047515,-2503611.368959479,-2005538.2800104152,298.9507660446659,13.9
126500,253.00000000047993,-2504765.4192393776,-2004935.6695505874,300.00513956026754,13.9
127000,254.0000000004847,-2502179.2387120035,-2002662.1972253243,299.81744751537735,13.9
127500,255.00000000048948,-2504787.4719044883,-2005893.3146512283,299.4435832716162,13.9
128000,256.00000000049425,-2503064.940803103,-2002164.010634495,300.64807777981554,13.9
128500,257.000000000499,-2506906.7767558936,-2006055.2247592625,300.618440277477,13.9
129000,258.0000000005038,-2503069.633009944,-2002627.086071564,300.3729494485342,13.9
129500,259.0000000005086,-2505935.1071341503,-2005042.1241817789,300.643307744183,13.9
130000,260.00000000051335,-2504349.269383045,-2001576.0455750055,301.7718558561407,13.9
130500,261.0000000005181,-2508134.7773884926,-2008529.729126861,299.8702704712305,13.9
131000,262.0000000005229,-2507218.632435655,-2006496.5715843302,300.5407177946846,13.9
131500,263.0000000005277,-2506088.018851919,-2003219.1120669912,301.8292861808719,13.9
132000,264.00000000053245,-2505107.1434158385,-2004961.7789371484,300.1945761817374,13.9
132500,265.0000000005372,-2504311.5698333457,-2004759.1294651441,299.8386944427523,13.9
133000,266.000000000542,-2503281.4153959677,-2003350.19755696,300.0660422307987,13.9
133500,267.0000000005468,-2504572.1180791426,-2003752.3911779267,300.5993383888891,13.9
134000,268.00000000055155,-2506748.402034316,-2006166.30989305,300.4567065240041,13.9
134500,269.0000000005563,-2505012.5409558527,-2004876.5796229586,300.1889322758504,13.9
135000,270.0000000005611,-2507553.787130581,-2005877.7451429442,301.1133112509872,13.9
135500,271.0000000005659,-2509000.01001101,-2009058.9456316307,300.0719522686068,13.9
136000,272.00000000057065,-2506535.8252142873,-2006803.7157544168,299.9465344641883,13.9
136500,273.0000000005754,-2507323.4145374596,-2007187.535749854,300.1888827309587,13.9
137000,274.0000000005802,-2504915.992984187,-2004396.6211870546,300.41906085443975,13.9
137500,275.000000000585,-2505215.6255425103,-2005771.3884903437,299.77374922701006,13.9
138000,276.00000000058975,-2502030.9127525445,-2001753.9429120682,300.27356764824,13.9
138500,277.0000000005945,-2507294.332303796,-2007336.1755394554,300.08221136850824,13.9
139000,278.0000000005993,-2504490.8773575444,-2004934.8124859193,299.8408699228154,13.9
139500,279.0000000006041,-2504846.9945255164,-2003700.5570616133,300.79543485576767,13.9
140000,280.00000000060885,-2499796.355093805,-1999455.8975448809,300.3116739011094,13.9
140500,281.0000000006136,-2504056.3954393975,-2004862.3004901595,299.6236102716043,13.9
141000,282.0000000006184,-2503379.9898625147,-2002037.6035670117,300.9130462156505,13.9
141500,283.0000000006232,-2503750.1798382904,-2001376.4184876294,301.53209263606533,13.9
142000,284.00000000062795,-2504532.3710676283,-2005654.1727336932,299.434004494398,13.9
142500,285.0000000006327,-2504740.0544736795,-2004284.5208714688,300.3807442344534,13.9
143000,286.0000000006375,-2504984.873346109,-2004809.2883536033,300.2127149769381,13.9
143500,287.0000000006423,-2503510.064321596,-2004230.505758719,299.67490678477316,13.9
144000,288.00000000064705,-2503358.356264524,-2005110.7877295224,299.0554912487225,13.9
144500,289.0000000006518,-2503937.534959562,-2002575.460797859,300.9248631614219,13.9
145000,290.0000000006566,-2503495.998537425,-2002202.09810257,300.88394429164646,13.9
145500,291.0000000006614,-2507487.4989460018,-2006856.516455889,300.4860512277518,13.9
146000,292.00000000066615,-2503623.971553553,-2004049.3365712392,299.8520159753509,13.9
146500,293.0000000006709,-2506372.4218273275,-2003539.716995532,301.8075572381498,13.9
147000,294.0000000006757,-2507793.207206905,-2006590.0001958376,300.82950876979606,13.9
147500,295.0000000006805,-2506414.770287566,-2007377.5836898193,299.52943157992644,13.9
148000,296.00000000068525,-2503597.0562074427,-2003150.7425544779,300.3752102858199,13.9
148500,297.00000000069,-2504412.313528979,-2003789.545946342,300.4811205199154,13.9
149000,298.0000000006948,-2504098.1748050004,-2003647.3540752511,300.37791549934633,13.9
149500,299.0000000006996,-2505506.703006869,-2005041.2494129222,300.38669835884707,13.9
150000,300.00000000070435,-2502958.1660391223,-2002340.61163108,300.4779914961369,13.9
150500,301.0000000007091,-2505593.9926419836,-2004684.9726815606,300.6529333913991,13.9
151000,302.0000000007139,-2504095.967228867,-2003256.3786840832,300.6112596383829,13.9
151500,303.00000000071867,-2504683.1962883845,-2003955.4750092567,300.54411526639166,13.9
152000,304.00000000072345,-2506831.594422601,-2007560.0455818789,299.67009923217273,13.9
152500,305.0000000007282,-2503677.6260300726,-2005828.0987098075,298.8165810793055,13.9
153000,306.000000000733,-2502929.4298974406,-2001540.0655655512,300.9412431214392,13.9
153500,307.00000000073777,-2504535.011981249,-2006032.0506955178,299.2087817198738,13.9
154000,308.00000000074255,-2503944.5179642662,-2002423.8862487366,301.0200317285063,13.9
154500,309.0000000007473,-2507171.434211023,-2008559.8232545024,299.2739948442801,13.9
155000,310.0000000007521,-2505651.508504266,-2005649.995599431,300.10823435931235,13.9
155500,311.00000000075687,-2506324.844782613,-2005951.0800472768,300.33166536243033,13.9
156000,312.00000000076164,-2503051.830776116,-2003808.0109354397,299.6534558800435,13.9
156500,313.0000000007664,-2505850.1599417366,-2004392.4434496174,300.9822690895448,13.9
157000,314.0000000007712,-2504927.307053387,-2006426.678802248,299.20738139832673,13.9
157500,315.00000000077597,-2501948.3936753776,-2003764.1095450446,299.0175070217603,13.9
158000,316.00000000078074,-2504320.2067489848,-2004182.7525701246,300.18982830387324,13.9
158500,317.0000000007855,-2503515.993773481,-2003335.3839729924,300.2157309403158,13.9
159000,318.0000000007903,-2510425.166793596,-2008401.7780902917,301.3217938392574,13.9
159500,319.00000000079507,-2507930.4834113624,-2008285.4663800362,299.89426031244693,13.9
160000,320.00000000079984,-2502575.5418645646,-2003155.5293562552,299.7592093008348,13.9
160500,321.0000000008046,-2506588.738556877,-2006118.0430879467,300.3898446090189,13.9
161000,322.0000000008094,-2509436.4327357784,-2008972.9109509266,300.38553885872204,13.9
161500,323.00000000081417,-2508621.068595672,-2007801.5507853597,300.599212889465,13.9
162000,324.00000000081894,-2505223.744366085,-2004501.327677392,300.540931373487,13.9
162500,325.0000000008237,-2506076.582938183,-2006214.6399830342,300.02446243045057,13.9
163000,326.0000000008285,-2506275.7926252205,-2006837.1722274534,299.77037802874094,13.9
163500,327.00000000083327,-2505396.1636373494,-2004980.5452260687,300.3567865519966,13.9
164000,328.00000000083804,-2508357.238935748,-2008368.2417510878,300.1007222406759,13.9
164500,329.0000000008428,-2507578.883368904,-2008400.9414536627,299.61391498391555,13.9
165000,330.0000000008476,-2504671.820646871,-2005349.6468633462,299.7004850646289,13.9
165500,331.00000000085237,-2500929.240283562,-2001437.5765723134,299.8022154027139,13.9
166000,332.00000000085714,-2503704.1230578665,-2002454.635674367,300.857286927457,13.9
166500,333.0000000008619,-2509141.3228700887,-2009127.0295021306,300.11590538054577,13.9
167000,334.0000000008667,-2509403.784140868,-2009201.5997193353,300.2286803439905,13.9
167500,335.00000000087147,-2507555.035364762,-2006335.5411881856,300.8392845651838,13.9
168000,336.00000000087624,-2506417.024558436,-2006598.1039985747,299.9986397584098,13.9
168500,337.000000000881,-2505605.7099698745,-2005320.0485955556,300.2787844342058,13.9
169000,338.0000000008858,-2508789.088291459,-2009274.359964919,299.8160591227681,13.9
169500,339.00000000089057,-2507322.382114986,-2007544.5544541567,299.97397519829354,13.9
170000,340.00000000089534,-2506480.214598689,-2006999.0416874825,299.79591867081166,13.9
170500,341.0000000009001,-2505750.541364746,-2006051.9774489317,299.9263999371171,13.9
171000,342.0000000009049,-2507219.904593462,-2006873.8797382377,300.3150154799263,13.9
171500,343.00000000090967,-2505033.6566971056,-2005497.2956178263,299.829043417938,13.9
172000,344.00000000091444,-2506390.4092659894,-2007292.2347911848,299.56603739736653,13.9
172500,345.0000000009192,-2506884.623512415,-2007379.6635318226,299.810196018399,13.9
173000,346.000000000924,-2506753.77311182,-2007137.767543938,299.87684720699497,13.9
173500,347.00000000092876,-2506461.7470601834,-2006093.6946236552,300.3282367569857,13.9
174000,348.00000000093354,-2506384.7753597815,-2007166.1269814037,299.63834759954506,13.9
174500,349.0000000009383,-2505479.9932432547,-2005380.9877843014,300.16675081881215,13.9
175000,350.0000000009431,-2505714.69497665,-2005847.5490382505,300.02758533723477,13.9
175500,351.00000000094786,-2504682.0326833706,-2003504.0682181707,300.8143578238979,13.9
176000,352.00000000095264,-2509520.618593,-2008459.8120719362,300.7440379091609,13.9
176500,353.0000000009574,-2507268.845407402,-2007305.0400434271,300.0856017407754,13.9
177000,354.0000000009622,-2505007.5957836956,-2003890.0400448325,300.77809962120665,13.9
177500,355.00000000096696,-2507285.9715738464,-2006804.9612467168,300.3960357380497,13.9
178000,356.00000000097174,-2507816.5684957635,-2008796.559493905,299.51912133517817,13.9
178500,357.0000000009765,-2506680.436585352,-2006803.277036604,300.033595652891,13.9
179000,358.0000000009813,-2507327.7788641322,-2009310.5418426744,298.9172428993419,13.9
179500,359.00000000098606,-2506939.291216444,-2008744.8947634753,299.023576585978,13.9
180000,360.00000000099084,-2506148.146261286,-2007567.0324785602,299.255689993706,13.9
180500,361.0000000009956,-2507975.962749785,-2008888.9543364178,299.55933536368013,13.9
181000,362.0000000010004,-2505165.3063589465,-2004882.681417815,300.2769619225152,13.9
181500,363.00000000100516,-2506698.9643288776,-2005971.3270931495,300.5440648223117,13.9
182000,364.00000000100994,-2506048.86711251,-2004090.2317009117,301.2829279647724,13.9
182500,365.0000000010147,-2505552.080808088,-2004583.800054553,300.6885025877488,13.9
183000,366.0000000010195,-2506714.2674854957,-2008436.0832960727,299.07386721310456,13.9
183500,367.00000000102426,-2505430.39319125,-2006002.4390359104,299.7639759937479,13.9
184000,368.00000000102904,-2509217.4341129493,-2009419.4959791484,299.9860457988415,13.9
184500,369.0000000010338,-2506111.061458774,-2008502.5483560911,298.67192081443164,13.9
185000,370.0000000010386,-2508937.476040432,-2008589.7268534065,300.3160504491393,13.9
185500,371.00000000104336,-2503700.1078520715,-2004070.904694371,299.8847685937828,13.9
186000,372.00000000104814,-2504197.56734368,-2004718.2722397586,299.7947915833644,13.9
186500,373.0000000010529,-2504003.729557367,-2005440.555986381,299.24492201574947,13.9
187000,374.0000000010577,-2503822.353782175,-2003697.1866802895,300.1824534202357,13.9
187500,375.00000000106246,-2502926.87734998,-2002772.4117253143,300.20003882290735,13.9
188000,376.00000000106724,-2504722.7808872797,-2005860.1834145724,299.4246406288961,13.9
188500,377.000000001072,-2504911.945667023,-2005095.2374015045,299.99731190692927,13.9
189000,378.0000000010768,-2502056.024736911,-2001659.0126242884,300.34561877891167,13.9
189500,379.00000000108156,-2503834.7767433655,-2004221.2604580869,299.8753531031019,13.9
190000,380.00000000108633,-2505403.168750616,-2007281.191289916,298.9801096456928,13.9
190500,381.0000000010911,-2505572.6171635687,-2006183.7145136571,299.7405367079845,13.9
191000,382.0000000010959,-2505834.0438984595,-2006023.6190361534,299.9935405162531,13.9
191500,383.00000000110066,-2505085.0640580226,-2005381.120202877,299.9296290555335,13.9
192000,384.00000000110543,-2506801.8741471935,-2008627.3692042795,299.01163741018104,13.9
192500,385.0000000011102,-2506699.383170195,-2005436.2536093676,300.8654751621822,13.9
193000,386.000000001115,-2507046.923667174,-2007691.3567686835,299.7205281015266,13.9
193500,387.00000000111976,-2504468.434682457,-2005225.6825889666,299.65281500253724,13.9
194000,388.00000000112453,-2506421.2082392126,-2006250.8269693581,300.209591626355,13.9
194500,389.0000000011293,-2506555.0745932944,-2005483.5092907057,300.7504954874762,13.9
195000,390.0000000011341,-2502730.2501201686,-2003090.3579823666,299.8911842762608,13.9
195500,391.00000000113886,-2503971.479047591,-2003676.42075687,300.2844246011193,13.9
196000,392.00000000114363,-2506769.4229292963,-2007163.1528159147,299.8710038445542,13.9
196500,393.0000000011484,-2506880.7295426857,-2006485.5230130567,300.3445350415425,13.9
197000,394.0000000011532,-2504039.2251214404,-2005685.2377973741,299.11936536522916,13.9
197500,395.00000000115796,-2504763.0981560983,-2004446.0288957139,300.297635907629,13.9
198000,396.00000000116273,-2504550.22919208,-2003969.4101237352,300.45594240698284,13.9
198500,397.0000000011675,-2503284.762325451,-2003336.0518832528,300.0765415475453,13.9
199000,398.0000000011723,-2505329.870441282,-2006652.9810252483,299.3131759321779,13.9
199500,399.00000000117706,-2507092.365930466,-2007023.359770834,300.14874479979215,13.9
200000,400.00000000118183,-2506185.5027456824,-2003997.108229593,301.4208327458524,13.9
200500,401.0000000011866,-2507445.6500371955,-2007518.7051816783,300.06347752349745,13.9
201000,402.0000000011914,-2506323.99606451,-2006773.4696387409,299.83754566646024,13.9
201500,403.00000000119616,-2506462.5200282745,-2005326.7173396398,300.7890517078246,13.9
202000,404.00000000120093,-2504218.03275048,-2006323.0100887362,298.84388804988527,13.9
202500,405.0000000012057,-2504606.354073895,-2003970.535158343,300.4889541211666,13.9
203000,406.0000000012105,-2503701.5135191027,-2003728.024352015,300.0914141012963,13.9
203500,407.00000000121526,-2507579.319491772,-2009522.1568862693,298.9412068198984,13.9
204000,408.00000000122003,-2506549.8337492384,-2007508.271187656,299.53205809753985,13.9
204500,409.0000000012248,-2507906.025092395,-2008645.2049727177,299.663659696598,13.9
205000,410.0000000012296,-2505652.6756219566,-2005875.2012109058,299.97376317260057,13.9
205500,411.00000000123435,-2506567.672027763,-2003756.1690108469,301.79483159819785,13.9
206000,412.00000000123913,-2505937.2736584377,-2007351.855591761,299.25827348800226,13.9
206500,413.0000000012439,-2507093.4393444806,-2007500.9567157566,299.8627283942405,13.9
207000,414.0000000012487,-2505168.11112353,-2007746.709427895,298.5596138062562,13.9
207500,415.00000000125345,-2506233.5881309044,-2006175.0742449816,300.14244718337284,13.9
208000,416.00000000125823,-2504097.2181078047,-2005794.2110260993,299.08876627677193,13.9
208500,417.000000001263,-2506445.580531867,-2003506.2160766912,301.87157590694176,13.9
209000,418.0000000012678,-2506605.005645957,-2007071.6562757206,299.8272357460411,13.9
209500,419.00000000127255,-2505144.3341651876,-2004180.0929110195,300.6860780210395,13.9
210000,420.00000000127733,-2504524.5206731725,-2004016.0531926157,300.4125159238548,13.9
210500,421.0000000012821,-2504487.17041537,-2006696.9187580582,298.78100295785913,13.9
211000,422.0000000012869,-2506820.3248970043,-2007389.059215454,299.76596362030205,13.9
211500,423.00000000129165,-2505251.979513034,-2004860.6064517917,300.34223413764664,13.9
212000,424.0000000012964,-2506388.535069771,-2007826.8708937066,299.2440160548009,13.9
212500,425.0000000013012,-2506554.33932228,-2005370.3928908184,300.81794828769966,13.9
213000,426.000000001306,-2504537.097166488,-2004325.1213078797,300.2345573079931,13.9
213500,427.00000000131075,-2505426.978496723,-2005809.1446498935,299.877944566808,13.9
214000,428.0000000013155,-2504723.994701635,-2004486.6252170885,300.24979893436347,13.9
214500,429.0000000013203,-2506014.640130168,-2006590.5313310358,299.7616679546077,13.9
215000,430.0000000013251,-2505520.272074282,-2004096.4968054423,300.96189707000593,13.9
215500,431.00000000132985,-2508171.517579265,-2007433.2401558151,300.5504512188885,13.9
216000,432.0000000013346,-2506610.113254048,-2008477.8196653556,298.98630153687174,13.9
216500,433.0000000013394,-2505653.0706515964,-2006191.7644961285,299.783994352918,13.9
217000,434.0000000013442,-2507095.3144654334,-2005261.137916807,301.2082259315727,13.9
217500,435.00000000134895,-2505457.851444721,-2006656.0189186174,299.38816861758136,13.9
218000,436.0000000013537,-2506100.6148158386,-2005909.0153223989,300.2223271150527,13.9
218500,437.0000000013585,-2507627.5230478644,-2008704.7890065075,299.4607354785558,13.9
219000,438.0000000013633,-2505845.391659295,-2005815.431983328,300.1253085281647,13.9
219500,439.00000000136805,-2506424.7145550977,-2008087.1788888471,299.10949083914903,13.9
220000,440.0000000013728,-2506990.8812481035,-2007355.844438261,299.88827003727647,13.9
220500,441.0000000013776,-2508009.4174606707,-2008946.0434659547,299.5451496393004,13.9
221000,442.0000000013824,-2507018.5594591685,-2006311.0783926742,300.5319667941976,13.9
221500,443.00000000138715,-2505335.6702348534,-2004909.4598690264,300.36314399831474,13.9
222000,444.0000000013919,-2509024.3158379085,-2011047.9214352698,298.89272856107664,13.9
222500,445.0000000013967,-2503823.522490293,-2005472.140685863,299.1178014941658,13.9
223000,446.0000000014015,-2507075.1016120836,-2005994.1558173574,300.7561257963055,13.9
223500,447.00000000140625,-2507724.373055864,-2009098.9898860583,299.2822611284924,13.9
224000,448.000000001411,-2507947.3654700555,-2008377.3392877372,299.84924970606284,13.9
224500,449.0000000014158,-2506293.1935939398,-2007912.575661115,299.1353494468132,13.9
225000,450.0000000014206,-2505178.121948013,-2005438.9385245387,299.95078036079514,13.9
225500,451.00000000142535,-2508666.9494601786,-2007674.8955218936,300.70277160157417,13.9
226000,452.0000000014301,-2506138.109617861,-2006264.4470777393,300.0314966970734,13.9
226500,453.0000000014349,-2508072.8181822877,-2007790.7798683099,300.276609820302,13.9
227000,454.0000000014397,-2507144.528652584,-2007480.0104171978,299.90596522086696,13.9
227500,455.00000000144445,-2508440.6749944314,-2008681.1149718212,299.9630106941663,13.9
228000,456.0000000014492,-2506294.2660676595,-2004988.4374161763,300.8911037820459,13.9
228500,457.000000001454,-2510330.9372125473,-2010901.468511876,299.764885046048,13.9
229000,458.0000000014588,-2506086.2361876685,-2005707.788947592,300.3344758703861,13.9
229500,459.00000000146355,-2505374.119501028,-2007489.3563771865,298.8377301249078,13.9
230000,460.0000000014683,-2504549.810920803,-2002418.9410977056,301.3863055822331,13.9
230500,461.0000000014731,-2505258.306210095,-2003891.897489196,300.9274648273638,13.9
231000,462.0000000014779,-2508200.5276304223,-2008816.9697616175,299.7373286920495,13.9
231500,463.00000000148265,-2506808.912834663,-2009072.303540544,298.7488060254718,13.9
232000,464.0000000014874,-2506890.145619713,-2007733.5948672346,299.60107569458944,13.9
232500,465.0000000014922,-2506990.8763807416,-2006517.80839947,300.3912686256898,13.9
233000,466.00000000149697,-2507944.5914804414,-2009465.3713529676,299.1945319288185,13.9
233500,467.00000000150175,-2508592.863270348,-2007963.4101613392,300.48513327080366,13.9
234000,468.0000000015065,-2505419.0469742008,-2003323.5422585665,301.3650789265436,13.9
234500,469.0000000015113,-2507278.0379693545,-2008605.448200542,299.31059522091476,13.9
235000,470.00000000151607,-2507821.0345877036,-2009292.4848510055,299.2241402830811,13.9
235500,471.00000000152085,-2504328.515304012,-2004694.579938596,299.88760893419266,13.9
236000,472.0000000015256,-2507492.4103381652,-2006757.1589055639,300.54863497484274,13.9
236500,473.0000000015304,-2505240.594845107,-2003592.9191221038,301.0962854033147,13.9
237000,474.00000000153517,-2510334.5561588127,-2009673.2883811337,300.5042289011067,13.9
237500,475.00000000153995,-2505608.560252223,-2004163.5639398398,300.9746342512839,13.9
238000,476.0000000015447,-2508136.664111547,-2009330.32446836,299.39087385529564,13.9
238500,477.0000000015495,-2508034.6957301106,-2007957.7034137857,300.153538208057,13.9
239000,478.00000000155427,-2504488.1691829506,-2004610.9497044454,300.03363162360955,13.9
239500,479.00000000155904,-2507152.828601243,-2007345.5781038078,299.991635215945,13.9
240000,480.0000000015638,-2505133.4217022415,-2005367.718658208,299.9666978256359,13.9
240500,481.0000000015686,-2507096.8618831076,-2007425.987728797,299.9097801365359,13.9
241000,482.00000000157337,-2506673.315068107,-2007548.579985277,299.58197946348497,13.9
241500,483.00000000157814,-2506665.0432073753,-2006108.3000356208,300.4414917010753,13.9
242000,484.0000000015829,-2507966.2705719545,-2006631.8429101696,300.90826932707824,13.9
242500,485.0000000015877,-2505573.201447366,-2005774.6000121254,299.9864439220845,13.9
243000,486.00000000159247,-2507289.916952839,-2006129.4763691924,300.8038397334196,13.9
243500,487.00000000159724,-2506114.339736253,-2007675.6460019306,299.1702073938327,13.9
244000,488.000000001602,-2508003.6860095765,-2007551.1641559198,300.37893653884146,13.9
244500,489.0000000016068,-2507664.667416582,-2006673.1304833395,300.70246128757213,13.9
245000,490.00000000161157,-2508136.7813029867,-2010892.4717978258,298.4533204786755,13.9
245500,491.00000000161634,-2508005.6286106296,-2007928.007085745,300.15391586825416,13.9
246000,492.0000000016211,-2508713.634899035,-2008868.844920058,300.0141669628168,13.9
246500,493.0000000016259,-2508157.0729567837,-2008001.599675716,300.20064363304465,13.9
247000,494.00000000163067,-2505432.4423087277,-2007509.0182301723,298.8609349964097,13.9
247500,495.00000000163544,-2507603.2085277624,-2007116.5587964929,300.3994205910463,13.9
248000,496.0000000016402,-2509682.3485305198,-2009068.887244687,300.4755347442119,13.9
248500,497.000000001645,-2505448.7413972802,-2005564.732446801,300.0377067641717,13.9
249000,498.00000000164977,-2506318.7950370144,-2005459.844008646,300.62288128474086,13.9
249500,499.00000000165454,-2503639.739280086,-2004656.0831673231,299.4973017984792,13.9
250000,500.0000000016593,-2508178.2029652614,-2009553.6960909439,299.28173516310034,13.9
250500,501.0000000016641,-2505568.257534351,-2004239.7937352892,300.90468972928596,13.9
251000,502.00000000166887,-2506643.572328372,-2006530.1041696055,300.17543154315575,13.9
251500,503.00000000167364,-2508564.434240831,-2008950.529476818,299.87558627373056,13.9
252000,504.0000000016784,-2506970.0149410777,-2007557.7423837646,299.7545636688365,13.9
252500,505.0000000016832,-2503579.621117739,-2002110.1317615863,300.9893353350406,13.9
253000,506.00000000168797,-2506036.281622529,-2005387.3164184438,300.49684471617127,13.9
253500,507.00000000169274,-2506920.080732044,-2005956.9855707143,300.68539011932467,13.9
254000,508.0000000016975,-2509060.2951500397,-2009369.5939971264,299.92168059161384,13.9
254500,509.0000000017023,-2505905.3058624566,-2006363.3514798703,299.8324006005393,13.9
255000,510.00000000170706,-2506925.433616493,-2007491.3820094015,299.7676357736328,13.9
255500,511.00000000171184,-2505823.5312960166,-2004585.3531836586,300.8504989372078,13.9
256000,512.0000000017166,-2504455.7403716873,-2003131.9191328057,300.9019031966404,13.9
256500,513.0000000016929,-2505636.6426572,-2004756.7543683136,300.6354481352885,13.9
257000,514.0000000016693,-2507841.5220473856,-2006877.2205588373,300.6861141745971,13.9
257500,515.0000000016456,-2504264.8172961883,-2005025.9106747967,299.6505068938376,13.9
258000,516.000000001622,-2506829.577888502,-2007221.4665002865,299.87210900468875,13.9
258500,517.0000000015983,-2507457.771316059,-2006369.4846008853,300.76053192432147,13.9
259000,518.0000000015747,-2505111.1068595573,-2004550.4988929327,300.4438114075856,13.9
259500,519.000000001551,-2507120.4388570916,-2006961.3814917146,300.20279485296317,13.9
260000,520.0000000015274,-2506646.543459313,-2005526.7866459158,300.7794207383935,13.9
260500,521.0000000015037,-2506784.088423386,-2007714.03004562,299.5491617039507,13.9
261000,522.0000000014801,-2507335.097771827,-2005555.501808718,301.17546586439863,13.9
261500,523.0000000014564,-2508720.9377357364,-2011233.5924922389,298.5991940899266,13.9
262000,524.0000000014328,-2507836.309864821,-2008203.7550069112,299.88678033335924,13.9
262500,525.0000000014091,-2508357.7136743125,-2007768.404038486,300.46103856999406,13.9
263000,526.0000000013855,-2507306.991522787,-2007341.6134460433,300.0865457060235,13.9
263500,527.0000000013619,-2508458.6117487643,-2008489.817657132,300.0885960482131,13.9
264000,528.0000000013382,-2508402.1266227327,-2007875.701477524,300.4232943773052,13.9
264500,529.0000000013146,-2507105.5399558265,-2006600.4663956398,300.41047884311905,13.9
265000,530.0000000012909,-2505895.188874211,-2006006.2367389603,300.040673736102,13.9
265500,531.0000000012673,-2507436.5080666374,-2005352.3968719388,301.35824036833355,13.9
266000,532.0000000012436,-2509274.629275486,-2008035.348263744,300.85116091357827,13.9
266500,533.00000000122,-2509486.653936535,-2008844.020371304,300.4930443737562,13.9
267000,534.0000000011963,-2507508.4384836033,-2006843.7010454317,300.5063114421739,13.9
267500,535.0000000011727,-2508611.6623379644,-2008214.8666912662,300.3454888528922,13.9
268000,536.000000001149,-2507696.29473578,-2006840.4610372176,300.6210102177142,13.9
268500,537.0000000011254,-2506184.1379196793,-2007445.7711272521,299.35007555429155,13.9
269000,538.0000000011017,-2508631.6169801652,-2010115.9368892487,299.21641573310956,13.9
269500,539.0000000010781,-2509119.892372243,-2009582.620811767,299.82958990209323,13.9
270000,540.0000000010544,-2505351.133588711,-2005434.7241337202,300.0571540217304,13.9
270500,541.0000000010308,-2507334.6635978315,-2007421.2950883654,300.0553288016689,13.9
271000,542.0000000010072,-2507666.9045033287,-2005767.9893508912,301.24708299016794,13.9
271500,543.0000000009835,-2505056.4504768793,-2004989.0337153277,300.1477908197755,13.9
272000,544.0000000009599,-2506095.9861462098,-2007126.6492156247,299.4887072155231,13.9
272500,545.0000000009362,-2508153.2585241254,-2007847.963636023,300.29056875686035,13.9
273000,546.0000000009126,-2506216.57813346,-2007794.242876211,299.1603887961994,13.9
273500,547.0000000008889,-2505375.7063500024,-2007219.2617534997,299.00079732563427,13.9
274000,548.0000000008653,-2507368.1222246382,-2008795.6474218075,299.25050475138966,13.9
274500,549.0000000008416,-2509480.704021994,-2010010.9005730236,299.7890945529854,13.9
275000,550.000000000818,-2506635.041352533,-2005764.0998493163,300.630078143436,13.9
275500,551.0000000007943,-2506063.086301282,-2007257.492629012,299.3904261126207,13.9
276000,552.0000000007707,-2503701.114041202,-2002474.0812835642,300.84380933199634,13.9
276500,553.000000000747,-2506930.476177614,-2007117.3673090758,299.9951514961214,13.9
277000,554.0000000007234,-2508764.569530636,-2011197.6649686242,298.6469467586485,13.9
277500,555.0000000006997,-2506668.5414570477,-2007999.3247655455,299.3085706504887,13.9
278000,556.0000000006761,-2507205.02055382,-2005779.375761752,300.96301918524074,13.9
278500,557.0000000006524,-2508522.8077175952,-2008853.3006496178,299.9089595912873,13.9
279000,558.0000000006288,-2506442.754114751,-2007005.4966556942,299.7695599729563,13.9
279500,559.0000000006052,-2506651.509455329,-2006503.1558670474,300.19637028911234,13.9
280000,560.0000000005815,-2505064.588267779,-2004321.326691389,300.5534427805139,13.9
280500,561.0000000005579,-2507904.187000744,-2005451.2579596648,301.5796102438655,13.9
281000,562.0000000005342,-2505805.7566134073,-2007353.3906533662,299.1784136640424,13.9
281500,563.0000000005106,-2504484.713254025,-2005186.4982063523,299.68610468031324,13.9
282000,564.0000000004869,-2506764.530568894,-2005934.1581423115,300.60572798919856,13.9
282500,565.0000000004633,-2505058.731521191,-2005431.1044466272,299.88382260559047,13.9
283000,566.0000000004396,-2506730.8615203165,-2005592.7501110584,300.7904374357715,13.9
283500,567.000000000416,-2506113.1930857804,-2004731.1671281406,300.93683852168834,13.9
284000,568.0000000003923,-2507285.5931576323,-2007292.3857470078,300.1032492799904,13.9
284500,569.0000000003687,-2504157.9963528235,-2006049.8563952912,298.97180417353644,13.9
285000,570.000000000345,-2509066.2422266155,-2009327.9199168582,299.95026350772474,13.9
285500,571.0000000003214,-2505172.8197378814,-2006326.8717512228,299.41464736341175,13.9
286000,572.0000000002977,-2507221.802875178,-2007767.6083666931,299.7797258381946,13.9
286500,573.0000000002741,-2506567.795299111,-2006994.9620795595,299.85093453094055,13.9
287000,574.0000000002505,-2505296.1953250077,-2005598.6103281232,299.92581237563155,13.9
287500,575.0000000002268,-2509233.3017692044,-2008513.5713013695,300.53931906436776,13.9
288000,576.0000000002032,-2506557.0631863084,-2006800.7832881145,299.96104191542946,13.9
288500,577.0000000001795,-2506212.129582314,-2007253.3012055336,299.4823998275522,13.9
289000,578.0000000001559,-2507509.124014925,-2006220.1997673889,300.88095751110376,13.9
289500,579.0000000001322,-2508202.1431441996,-2008742.1620838349,299.783199011421,13.9
290000,580.0000000001086,-2504442.373001987,-2004214.3707467017,300.24417658610685,13.9
290500,581.0000000000849,-2509574.391545452,-2010182.8579913822,299.74211581521,13.9
291000,582.0000000000613,-2509697.3513160646,-2009222.1294805123,300.3925614005885,13.9
291500,583.0000000000376,-2508411.846717013,-2009310.0801255417,299.56819343842375,13.9
292000,584.000000000014,-2508198.530895291,-2006668.6533123665,301.0255812335925,13.9
292500,584.9999999999903,-2508100.6679418627,-2007067.932596853,300.72718917797806,13.9
293000,585.9999999999667,-2509537.107296046,-2010639.378132508,299.4457271845027,13.9
293500,586.999999999943,-2503570.403853813,-2002629.5515491676,300.67203963082756,13.9
294000,587.9999999999194,-2504756.932724217,-2004462.9172194856,300.28379870568904,13.9
294500,588.9999999998957,-2507352.165192565,-2007688.054786385,299.90572043580147,13.9
295000,589.9999999998721,-2505507.1449752674,-2006220.9891570415,299.6788665541003,13.9
295500,590.9999999998485,-2505104.390741026,-2007217.1928074309,298.83919153339804,13.9
296000,591.9999999998248,-2508742.5690324176,-2007679.3698027676,300.7454740479138,13.9
296500,592.9999999998012,-2508547.230992021,-2008671.7330089523,300.0325983568242,13.9
297000,593.9999999997775,-2510203.004739398,-2009098.8968879555,300.7700280021307,13.9
297500,594.9999999997539,-2509667.6955261305,-2008908.6310666138,300.5629279025196,13.9
298000,595.9999999997302,-2507128.7757849153,-2008184.7542253826,299.47351255888196,13.9
298500,596.9999999997066,-2505217.0649441853,-2003945.2165813535,300.8707083148983,13.9
299000,597.9999999996829,-2506988.174367808,-2007841.0874167816,299.59539538228904,13.9
299500,598.9999999996593,-2506415.7567059062,-2006837.1045242352,299.85442715726737,13.9
300000,599.9999999996356,-2508331.533529617,-2005309.4316992066,301.9212360918737,13.9
300500,600.999999999612,-2506252.375199601,-2005071.7321870122,300.8159655272885,13.9
301000,601.9999999995883,-2506423.323624177,-2007538.9424712143,299.43771551297255,13.9
301500,602.9999999995647,-2506093.253603993,-2005779.5527648814,300.29561413182495,13.9
302000,603.999999999541,-2509149.6563846003,-2009035.2428202475,300.1759989894413,13.9
302500,604.9999999995174,-2505855.8044486716,-2005776.4513132,300.1549552063011,13.9
303000,605.9999999994938,-2508089.2587953955,-2008298.3706676583,299.9818142819013,13.9
303500,606.9999999994701,-2502221.77714289,-2001916.8357576001,300.29035657929234,13.9
304000,607.9999999994465,-2505906.3478746414,-2004842.300360235,300.74598320085425,13.9
304500,608.9999999994228,-2509319.9629880916,-2008839.812475727,300.39551966462926,13.9
305000,609.9999999993992,-2507241.9247079864,-2007222.4324665263,300.1190258205986,13.9
305500,610.9999999993755,-2508100.372559702,-2009019.2630198859,299.5557947733411,13.9
306000,611.9999999993519,-2507559.9718638547,-2008927.5745621424,299.2864711132377,13.9
306500,612.9999999993282,-2507437.2431848347,-2009947.4116245438,298.6006864136969,13.9
307000,613.9999999993046,-2508429.965819208,-2009291.0623078882,299.5904835618686,13.9
307500,614.9999999992809,-2508636.8080726396,-2007170.8393524957,300.98722219772174,13.9
308000,615.9999999992573,-2507416.087672783,-2008229.9346778002,299.61884339429014,13.9
308500,616.9999999992336,-2504240.2247968465,-2004188.0280464126,300.1386555460901,13.9
309000,617.99999999921,-2506806.2461333647,-2005807.7870137757,300.70661608524523,13.9
309500,618.9999999991863,-2504857.0696370844,-2006623.8212438165,299.04689608982665,13.9
310000,619.9999999991627,-2510971.522761833,-2011009.663938797,300.0844333983819,13.9
310500,620.999999999139,-2506914.085381247,-2007075.9295191003,300.01018506868826,13.9
311000,621.9999999991154,-2507841.137178486,-2007140.9637998757,300.5275806128532,13.9
311500,622.9999999990918,-2507656.08454917,-2006039.2834794628,301.07775398401316,13.9
312000,623.9999999990681,-2509911.0574588496,-2011778.7770709072,298.9862936135883,13.9
312500,624.9999999990445,-2508144.7388206925,-2008036.3689499921,300.1723714759556,13.9
313000,625.9999999990208,-2507723.472768761,-2007907.9377434775,299.9966077109494,13.9
313500,626.9999999989972,-2506486.494779881,-2006652.3875042128,300.00775504776163,13.9
314000,627.9999999989735,-2507337.684874961,-2005874.844141688,300.98534473416885,13.9
314500,628.9999999989499,-2507695.726019975,-2007616.0079628872,300.15517423760195,13.9
315000,629.9999999989262,-2505956.3761068434,-2007731.194582571,299.0420542368552,13.9
315500,630.9999999989026,-2504937.347116811,-2006743.6041955291,299.0231843266837,13.9
316000,631.9999999988789,-2509051.3052903637,-2006674.987987548,301.5336267559998,13.9
316500,632.9999999988553,-2506018.7108655944,-2006532.3053605172,299.7990593503238,13.9
317000,633.9999999988316,-2509246.2380994447,-2010466.2798585875,299.3750393510615,13.9
317500,634.999999998808,-2510306.7399795763,-2010053.0935402475,300.2595686011232,13.9
318000,635.9999999987843,-2508664.3917814754,-2009072.0721113866,299.86263058407985,13.9
318500,636.9999999987607,-2509227.36824375,-2008000.8438342747,300.84350421398085,13.9
319000,637.999999998737,-2506706.912517119,-2010351.9667005162,297.91951136132747,13.9
319500,638.9999999987134,-2509694.1467179395,-2009535.3417552644,300.202643357163,13.9
320000,639.9999999986898,-2509510.194053795,-2010203.1298393486,299.691416079874,13.9
320500,640.9999999986661,-2509885.181985302,-2008622.1826301147,300.8653970108491,13.9
321000,641.9999999986425,-2509130.8704615086,-2010159.6481578068,299.4898388440934,13.9
321500,642.9999999986188,-2511471.548865868,-2011928.1859219868,299.83324603966736,13.9
322000,643.9999999985952,-2506184.058925204,-2004259.9400539193,301.26221063151974,13.9
322500,644.9999999985715,-2502864.812586367,-2002561.7344423141,300.2892382346009,13.9
323000,645.9999999985479,-2507542.6723825242,-2006120.2978278166,300.9610563408597,13.9
323500,646.9999999985242,-2506583.023521524,-2005846.4519658964,300.54942733202626,13.9
324000,647.9999999985006,-2505196.7648349106,-2005288.9597245003,300.0519895680375,13.9
324500,648.9999999984769,-2505023.6278549377,-2003796.0002512236,300.8441663673275,13.9
325000,649.9999999984533,-2505972.927887328,-2005046.8558026205,300.66316832625233,13.9
325500,650.9999999984296,-2506251.1713647787,-2005406.1861407447,300.6144988043441,13.9
326000,651.999999998406,-2507720.3921769653,-2008875.845700842,299.4138061562526,13.9
326500,652.9999999983823,-2505637.596671758,-2007883.2322550793,298.75946291019073,13.9
327000,653.9999999983587,-2508605.1156386957,-2007289.312207303,300.8970907911037,13.9
327500,654.999999998335,-2506595.724464748,-2007945.6206624936,299.29709881430904,13.9
328000,655.9999999983114,-2507342.378728967,-2008585.3690142594,299.3612653094113,13.9
328500,656.9999999982878,-2505926.583990304,-2005192.4453677307,300.5479670499583,13.9
329000,657.9999999982641,-2507111.3529486638,-2007505.7239250496,299.87061905308207,13.9
329500,658.9999999982405,-2504725.8685545325,-2005227.35261514,299.8063282104489,13.9
330000,659.9999999982168,-2503683.9148228895,-2003193.1181259262,300.4019096606194,13.9
330500,660.9999999981932,-2506202.942647619,-2006889.4487943582,299.69527524330124,13.9
331000,661.9999999981695,-2506534.4795923475,-2006247.947817237,300.2793068615145,13.9
331500,662.9999999981459,-2508467.5808289796,-2009781.7685841061,299.31853154478995,13.9
332000,663.9999999981222,-2509400.2079530805,-2007831.461557501,301.04891086447657,13.9
332500,664.9999999980986,-2507260.9591662046,-2011039.8671244476,297.83917036436134,13.9
333000,665.9999999980749,-2504615.313453706,-2003310.8217493636,300.89030132678226,13.9
333500,666.9999999980513,-2505438.2125314754,-2004382.3206879282,300.74108804770276,13.9
334000,667.9999999980276,-2505085.2176408395,-2004489.6892354796,300.4647711665891,13.9
334500,668.999999998004,-2512469.944681393,-2013395.296356244,299.55191665762436,13.9
335000,669.9999999979804,-2507346.122499561,-2007789.5557445092,299.841171160602,13.9
335500,670.9999999979567,-2506190.6731287166,-2008490.9567253583,298.7266623718612,13.9
336000,671.9999999979331,-2506525.6618469805,-2007397.316800751,299.58414621641253,13.9
336500,672.9999999979094,-2511346.1770775076,-2011003.9044848918,300.3127633169283,13.9
337000,673.9999999978858,-2507779.6458720155,-2008537.4580285088,299.65247633142945,13.9
337500,674.9999999978621,-2507576.3899923023,-2008759.6035847492,299.3971441563402,13.9
338000,675.9999999978385,-2505525.3354863003,-2005304.6253017946,300.23979977837723,13.9
338500,676.9999999978148,-2507515.7975740414,-2008661.8308152845,299.41946034792085,13.9
339000,677.9999999977912,-2504649.0140629523,-2004379.111255095,300.2693259117118,13.9
339500,678.9999999977675,-2505259.7085767295,-2004724.8291124492,300.42836878348953,13.9
340000,679.9999999977439,-2505411.32224473,-2004682.72873424,300.54463879243576,13.9
340500,680.9999999977202,-2503855.706604367,-2005092.6847968665,299.36487385559843,13.9
341000,681.9999999976966,-2505229.21399479,-2005183.4796594642,300.13477670985105,13.9
341500,682.999999997673,-2505481.6361390743,-2005099.3629460265,300.33677226341973,13.9
342000,683.9999999976493,-2504597.123791728,-2004971.9216494444,299.88236712570443,13.9
342500,684.9999999976257,-2504485.104375178,-2005753.405558527,299.34607333752774,13.9
343000,685.999999997602,-2507139.7120739482,-2008005.2602493598,299.5878115942638,13.9
343500,686.9999999975784,-2509044.3895729724,-2010242.2838880806,299.38833257148826,13.9
344000,687.9999999975547,-2507960.734701162,-2009293.1129836058,299.307613323756,13.9
344500,688.9999999975311,-2508669.053907279,-2010652.8410752015,298.9166281658686,13.9
345000,689.9999999975074,-2505519.597470958,-2004983.2692480772,300.4292383496294,13.9
345500,690.9999999974838,-2507104.8265958466,-2006503.380066074,300.46832331157736,13.9
346000,691.9999999974601,-2508251.108440332,-2009289.3043823668,299.4841858750007,13.9
346500,692.9999999974365,-2508550.4358858056,-2009671.7154697543,299.4343178557339,13.9
347000,693.9999999974128,-2507352.9756384864,-2005512.2229649753,301.21217301808593,13.9
347500,694.9999999973892,-2507665.6952215172,-2008363.1269053787,299.688717575833,13.9
348000,695.9999999973655,-2510155.0060712397,-2007530.001953704,301.68289222609894,13.9
348500,696.9999999973419,-2507344.8141405527,-2007245.6062850356,300.16687230019517,13.9
349000,697.9999999973182,-2507938.512622511,-2005679.6292058013,301.4631412168492,13.9
349500,698.9999999972946,-2508384.702634899,-2007456.4105579616,300.6645007981173,13.9
350000,699.999999997271,-2506121.8906830642,-2004961.7072910254,300.80368536324806,13.9
350500,700.9999999972473,-2506837.27106826,-2006668.8468715984,300.2084169623484,13.9
351000,701.9999999972237,-2504648.9210458174,-2003962.161098374,300.5195296749254,13.9
351500,702.9999999972,-2507113.1483031437,-2007455.7352173382,299.90170060597967,13.9
352000,703.9999999971764,-2505577.286884807,-2007315.5057443404,299.064021862774,13.9
352500,704.9999999971527,-2506907.9625917673,-2006229.2148396072,300.514720637917,13.9
353000,705.9999999971291,-2504304.9210495986,-2005289.283695222,299.51649740830356,13.9
353500,706.9999999971054,-2505860.2727923878,-2006580.284634897,299.675164633755,13.9
354000,707.9999999970818,-2508222.400672851,-2008019.996509359,300.22881223633436,13.9
354500,708.9999999970581,-2505590.2457507085,-2007271.7840627418,299.09804235789994,13.9
355000,709.9999999970345,-2507809.39468346,-2006277.2219450802,301.0269588195266,13.9
355500,710.9999999970108,-2505769.9966731146,-2004245.3625432928,301.02243403621026,13.9
356000,711.9999999969872,-2507316.5612807274,-2008768.6604297953,299.2357551053882,13.9
356500,712.9999999969635,-2508797.683361346,-2008136.4437943688,300.50421196863,13.9
357000,713.9999999969399,-2507250.128432475,-2007236.7702029718,300.1153440967429,13.9
357500,714.9999999969162,-2507277.7042284887,-2008118.347564446,299.6027598438244,13.9
358000,715.9999999968926,-2508752.0564382058,-2008467.3606757987,300.2782048597877,13.9
358500,716.999999996869,-2510999.231807584,-2009033.5004474407,301.2871870570631,13.9
359000,717.9999999968453,-2508077.7386952676,-2008245.812391476,300.00644599648444,13.9
359500,718.9999999968217,-2506004.895652754,-2005521.1221800577,300.39769421850616,13.9
360000,719.999999996798,-2507106.6102726515,-2006579.7578341966,300.42355084497234,13.9
360500,720.9999999967744,-2506514.7801220175,-2008450.7780094142,298.9453119922767,13.9
361000,721.9999999967507,-2507444.7532875445,-2007921.6181047673,299.82110504106384,13.9
361500,722.9999999967271,-2506989.987467287,-2005510.558693327,300.9953011192467,13.9
362000,723.9999999967034,-2506066.236894576,-2006600.9484931994,299.78638455526243,13.9
362500,724.9999999966798,-2508623.0290230867,-2009104.4165204167,299.81839046219466,13.9
363000,725.9999999966561,-2506518.2270143814,-2007353.321806138,299.60609016135425,13.9
363500,726.9999999966325,-2508910.3733620495,-2009540.1750895048,299.72931006662145,13.9
364000,727.9999999966088,-2505473.4706920814,-2004036.3744358704,300.96989252181294,13.9
364500,728.9999999965852,-2508946.1484091505,-2008330.5291688077,300.47682998012857,13.9
365000,729.9999999965615,-2509856.8459505197,-2009738.141396723,300.17857450417966,13.9
365500,730.9999999965379,-2508004.7701912243,-2008205.3948908362,299.9869084072853,13.9
366000,731.9999999965142,-2505892.917064624,-2006248.538924122,299.8938768408129,13.9
366500,732.9999999964906,-2508572.6398165673,-2009156.3192898738,299.7569933193718,13.9
367000,733.999999996467,-2506940.7784690876,-2006853.6574331971,300.1596176139522,13.9
367500,734.9999999964433,-2509617.577214854,-2009843.0584295776,299.97198916270304,13.9
368000,735.9999999964197,-2509066.0721081067,-2010624.4000363569,299.171995035597,13.9
368500,736.999999996396,-2506867.5942651033,-2006624.0947667877,300.25347825844824,13.9
369000,737.9999999963724,-2506742.718774447,-2006120.7745043242,300.48062635568056,13.9
369500,738.9999999963487,-2506735.479730943,-2008797.7028388258,298.8695497654155,13.9
370000,739.9999999963251,-2505866.0350915175,-2005624.1943108793,300.25248267179376,13.9
370500,740.9999999963014,-2508469.3269423954,-2007384.4853466377,300.75846411316826,14
371000,741.9999999962778,-2506605.6838167664,-2007104.9083214055,299.8076844290495,14
371500,742.9999999962541,-2506884.7173363157,-2006398.4812716984,300.3991723022603,14
372000,743.9999999962305,-2505546.908697035,-2004667.9842247362,300.63486963845037,14
372500,744.9999999962068,-2507777.670477528,-2007286.9563854272,300.4018600799706,14
373000,745.9999999961832,-2507146.437008824,-2006927.953847258,300.23846308657727,14
373500,746.9999999961595,-2504838.322343936,-2004083.4435187075,300.5604156234897,14
374000,747.9999999961359,-2509699.0310432166,-2009760.149221627,300.0706422654414,14
374500,748.9999999961123,-2506166.8884927034,-2004691.2643025736,300.99301755228487,14
375000,749.9999999960886,-2508450.120380122,-2008468.8979153973,300.09605573985107,14
375500,750.999999996065,-2509696.7019620296,-2009104.4867403146,300.46278254521866,14
376000,751.9999999960413,-2507181.8450035434,-2008566.8886574227,299.2760027961366,14
376500,752.9999999960177,-2511491.3179567307,-2012849.9608665444,299.29184890956384,14
377000,753.999999995994,-2507053.675584946,-2009089.6489141556,298.88530526720194,14
377500,754.9999999959704,-2503393.758018706,-2003756.6082364337,299.8895382742893,13.9
378000,755.9999999959467,-2503753.161625676,-2003365.3246223899,300.34011174384875,13.9
378500,756.9999999959231,-2505924.741300231,-2006889.3211492295,299.52837133270697,13.9
379000,757.9999999958994,-2508764.756831214,-2008619.3552483986,300.19459845217705,13.9
379500,758.9999999958758,-2507562.9045322128,-2007473.0292322198,300.1612707636235,13.9
380000,759.9999999958521,-2508590.8827528916,-2009862.0596087922,299.3443473167262,13.9
380500,760.9999999958285,-2508024.2533507906,-2007088.4848673204,300.66898824686706,13.9
381000,761.9999999958048,-2506425.5963283237,-2007521.2152142036,299.44971978271036,14
381500,762.9999999957812,-2509447.4579407647,-2008880.788105277,300.4474498300992,14
382000,763.9999999957575,-2505753.008807417,-2005834.6765332695,300.05830812596275,14
382500,764.9999999957339,-2505874.3972102944,-2005938.5731892902,300.0688069287252,14
383000,765.9999999957103,-2507138.6271469463,-2007557.559575501,299.8558769096017,14
383500,766.9999999956866,-2508545.4733109437,-2008329.6904309175,300.2368423380309,14
384000,767.999999995663,-2510862.5145456307,-2008898.224856773,301.2863217448333,14
384500,768.9999999956393,-2508053.996453315,-2006983.3722094714,300.74993065022846,14
385000,769.9999999956157,-2509496.5699990615,-2010798.7000028968,299.3257687837922,14
385500,770.999999995592,-2504429.684116237,-2005682.6782355383,299.3552608616571,14
386000,771.9999999955684,-2504636.721839443,-2005999.6732376185,299.2892628917186,14
386500,772.9999999955447,-2507284.931544449,-2007335.2555782064,300.0771210692243,14
387000,773.9999999955211,-2506955.038527282,-2007820.54357664,299.5878374791529,14
387500,774.9999999954974,-2507837.9250089247,-2009144.5489367333,299.32307146477586,14
388000,775.9999999954738,-2503751.0684060305,-2003164.5024380635,300.45939178034297,14
388500,776.9999999954501,-2506945.7790575586,-2006309.8288877686,300.4890329018833,14
389000,777.9999999954265,-2508200.371410314,-2008231.9960247995,300.0883447346659,14
389500,778.9999999954028,-2505363.6766308304,-2004764.7714797766,300.4667979388327,14
390000,779.9999999953792,-2505310.5407088846,-2005723.6806618958,299.85935363829753,14
390500,780.9999999953556,-2505908.1056302506,-2005616.9453077468,300.2820849834803,14
391000,781.9999999953319,-2506425.562493855,-2005727.4118474596,300.52636653933956,14
391500,782.9999999953083,-2505304.501543535,-2004812.3084490765,300.4027477988568,14
392000,783.9999999952846,-2505911.39581904,-2007927.1825377638,298.89742156660157,14
392500,784.999999995261,-2506455.4340877086,-2007623.6239569874,299.40616161512196,14
393000,785.9999999952373,-2506369.48566333,-2005291.387329972,300.75441670826973,14
393500,786.9999999952137,-2508062.029241942,-2008152.1809365326,300.0532159236139,14
394000,787.99999999519,-2509614.012052566,-2009181.798327282,300.36674730262547,14
394500,788.9999999951664,-2508552.382240312,-2009762.2519745035,299.38114474948384,14
395000,789.9999999951427,-2505880.9859989155,-2005668.7498656875,300.2347135286336,14
395500,790.9999999951191,-2507588.127912769,-2007101.2281714692,300.3995706507298,14
396000,791.9999999950954,-2506697.292756241,-2006837.61149548,300.02310492833914,14
396500,792.9999999950718,-2509130.7320871,-2008827.307386422,300.28944624296514,14
397000,793.9999999950481,-2505822.2694513183,-2005699.720521431,300.1808819550393,14
397500,794.9999999950245,-2504225.1433087345,-2004174.6126716048,300.1376555204721,14
398000,795.9999999950008,-2506842.6646993235,-2007503.4094307756,299.7107376222277,14
398500,796.9999999949772,-2508871.3004709817,-2009149.7524632183,299.9401953258811,14
399000,797.9999999949536,-2508505.943082653,-2008620.8838665865,300.03833714896615,14
399500,798.9999999949299,-2507614.6511981227,-2011201.3526778994,297.9545355090582,14
400000,799.9999999949063,-2506252.9495353736,-2007213.626138423,299.5307141181182,14
400500,800.9999999948826,-2507186.9666922875,-2006439.458226836,300.55599182555653,14
401000,801.999999994859,-2507583.628353685,-2006128.808143579,300.98053069864255,14
401500,802.9999999948353,-2506615.872596951,-2005779.6723835391,300.60922591224573,14
402000,803.9999999948117,-2506682.9795797057,-2008535.10198605,298.9956552849969,14
402500,804.999999994788,-2504589.9447762687,-2006006.3188177906,299.25719783840236,14
403000,805.9999999947644,-2505779.4368658476,-2005874.5789489916,300.05022061928213,13.9
403500,806.9999999947407,-2508321.3182360865,-2009472.494772166,299.4163732669975,13.9
404000,807.9999999947171,-2504677.7669830807,-2005806.8911632053,299.42960941416555,13.9
404500,808.9999999946934,-2507088.534332333,-2007291.1450824644,299.98571635066276,13.9
405000,809.9999999946698,-2506136.0056460593,-2006689.6376908186,299.77502822625826,13.9
405500,810.9999999946461,-2506556.2025587726,-2007046.8766094167,299.8128165368235,13.9
406000,811.9999999946225,-2507280.2109618317,-2006137.4609363887,300.7932216011734,13.9
406500,812.9999999945989,-2507501.128369728,-2008420.1305954624,299.55572769002003,13.9
407000,813.9999999945752,-2507654.7668226864,-2007087.1747212387,300.448003387642,13.9
407500,814.9999999945516,-2504297.123375859,-2003140.5968242013,300.80149047406917,13.9
408000,815.9999999945279,-2507603.871215787,-2009936.9578935402,298.70697348192795,13.9
408500,816.9999999945043,-2506262.572918305,-2006762.6297401856,299.8071848600456,13.9
409000,817.9999999944806,-2509796.9447299205,-2010818.5299468576,299.4941558755943,13.9
409500,818.999999994457,-2506828.079534143,-2008671.3793007974,299.00095076261323,13.9
410000,819.9999999944333,-2502965.02634467,-2002690.4057649807,300.272157587493,13.9
410500,820.9999999944097,-2508442.732638607,-2008711.7856983237,299.945836702898,13.9
411000,821.999999994386,-2508583.1350173615,-2006807.0576041304,301.1733539792061,13.9
411500,822.9999999943624,-2509182.2714715935,-2010903.7702255426,299.0740575151383,13.9
412000,823.9999999943387,-2507530.8161436263,-2005991.3171193935,301.0313561636448,13.9
412500,824.9999999943151,-2506345.645736819,-2005690.6933347383,300.5004383201361,13.9
413000,825.9999999942914,-2505655.5705914646,-2005584.4610120952,300.15000730313903,13.9
413500,826.9999999942678,-2509455.961173542,-2008600.2191824769,300.6209551735305,13.9
414000,827.9999999942441,-2506461.834732687,-2006769.8492769552,299.92245144898396,13.9
414500,828.9999999942205,-2509961.428628929,-2010826.7766271946,299.58793174351985,13.9
415000,829.9999999941969,-2508775.5028606504,-2008109.0063058494,300.5073672897504,13.9
415500,830.9999999941732,-2508907.0934369657,-2009168.4644117851,299.95044760281587,13.9
416000,831.9999999941496,-2505526.5519309603,-2004421.3397058104,300.7706908634117,13.9
416500,832.9999999941259,-2508703.7999652084,-2009166.1883432008,299.82979401200714,13.9
417000,833.9999999941023,-2508400.3983671367,-2008564.1408347315,300.00904566336203,13.9
417500,834.9999999940786,-2508787.433525013,-2011089.6377586809,298.7255095773756,13.9
418000,835.999999994055,-2509225.41053229,-2010988.456248741,299.0491204194745,13.9
418500,836.9999999940313,-2507927.345261857,-2007354.4750384493,300.4511713937804,13.9
419000,837.9999999940077,-2507130.085572887,-2004688.8288377419,301.5726043548145,13.9
419500,838.999999993984,-2508732.530878825,-2010263.1422883552,299.1886308962514,13.9
420000,839.9999999939604,-2507523.634260725,-2008171.6699697142,299.71836576373016,13.9
420500,840.9999999939367,-2506410.7287385445,-2006815.7710529796,299.8642139596223,13.9
421000,841.9999999939131,-2507934.9312556665,-2007383.8998727605,300.43806340171597,13.9
421500,842.9999999938894,-2506588.8255580645,-2004250.0059105381,301.5111201138576,13.9
422000,843.9999999938658,-2505604.027137801,-2005521.0528720915,300.1571286617287,13.9
422500,844.9999999938422,-2508387.6171774417,-2008695.1666736638,299.9227305776354,13.9
423000,845.9999999938185,-2510652.2575267367,-2011419.9138053567,299.6465677450872,13.9
423500,846.9999999937949,-2506646.638593482,-2006369.0324493747,300.27394956700283,13.9
424000,847.9999999937712,-2505549.5337706953,-2005152.451757649,300.3456607341702,13.9
424500,848.9999999937476,-2508613.919722855,-2008119.4328842591,300.4041245376974,13.9
425000,849.9999999937239,-2506981.5345622245,-2005898.0130144274,300.7576718010402,13.9
425500,850.9999999937003,-2508852.1917286757,-2010005.1680001365,299.4152930394509,13.9
426000,851.9999999936766,-2508675.473021131,-2006298.229798101,301.5341825068796,13.9
426500,852.999999993653,-2508335.05035875,-2010052.209201197,299.0766623936129,13.9
427000,853.9999999936293,-2508344.9541831035,-2008119.2255198117,300.24281194287823,13.9
427500,854.9999999936057,-2510047.373356642,-2009810.8082927377,300.24931610930736,13.9
428000,855.999999993582,-2504769.375691371,-2005488.1049260031,299.67593447379636,13.9
428500,856.9999999935584,-2506308.552385252,-2006080.9036383335,300.2439644052052,13.9
429000,857.9999999935347,-2506358.0494627003,-2006293.021619294,300.1463569561008,13.9
429500,858.9999999935111,-2505545.636160478,-2006214.4552937848,299.7058912479237,13.9
430000,859.9999999934874,-2507444.4060175754,-2005543.7779042276,301.2481111344057,13.9
430500,860.9999999934638,-2506793.893992992,-2005629.2480339669,300.80636386134137,13.9
431000,861.9999999934402,-2505577.123177724,-2005301.249426304,300.272909759528,13.9
431500,862.9999999934165,-2506613.987294862,-2006448.6058974797,300.20659062963614,13.9
432000,863.9999999933929,-2506308.607299568,-2006323.5993735036,300.09832782921393,13.9
432500,864.9999999933692,-2510224.3807223067,-2011478.8002829852,299.3544052908561,13.9
433000,865.9999999933456,-2505766.1485642362,-2005386.4802890099,300.33520875357436,13.9
433500,866.9999999933219,-2507938.9276017603,-2007896.3102220574,300.1329058674148,13.9
434000,867.9999999932983,-2507917.6609118693,-2008102.5223657666,299.9963697383355,13.9
434500,868.9999999932746,-2507855.5386719275,-2008845.5989531376,299.51307760393945,13.9
435000,869.999999993251,-2510318.380409116,-2010315.3387326815,300.10915195042696,13.9
435500,870.9999999932273,-2509305.5436145477,-2009001.8703915854,300.28959540968174,13.9
436000,871.9999999932037,-2508666.75618124,-2008154.1556823861,300.4149966219962,13.9
436500,872.99999999318,-2507856.898359198,-2009046.980002805,299.39302185139934,13.9
437000,873.9999999931564,-2506443.1484737396,-2006306.9361802205,300.18908290609477,13.9
437500,874.9999999931327,-2508195.6315812487,-2004678.3821832212,302.21843091714857,13.9
438000,875.9999999931091,-2508946.1168394573,-2010516.554514539,299.16472658810966,13.9
438500,876.9999999930855,-2507713.3769586384,-2005960.048951783,301.1596994521619,13.9
439000,877.9999999930618,-2505619.827843696,-2005124.0242508312,300.4049148729033,13.9
439500,878.9999999930382,-2505927.601198297,-2004762.4168711118,300.80668699779943,13.9
440000,879.9999999930145,-2505188.2341156323,-2004134.8844127762,300.7395622176111,13.9
440500,880.9999999929909,-2506743.5172360037,-2008488.9242040901,299.059707454696,13.9
441000,881.9999999929672,-2509506.85132139,-2008256.0254144538,300.85809032883634,13.9
441500,882.9999999929436,-2505350.255517399,-2004516.7669396356,300.60759834879684,13.9
442000,883.9999999929199,-2507683.9361052364,-2006411.1307590231,300.8712827103461,13.9
442500,884.9999999928963,-2506035.4257320818,-2006002.0468771877,300.1273607694563,13.9
443000,885.9999999928726,-2506882.985542828,-2007089.8337196368,299.98317298508186,13.9
443500,886.999999992849,-2507283.447018679,-2005180.7493840186,301.36939622193813,13.9
444000,887.9999999928253,-2505845.196706904,-2005185.8710552147,300.5030632086306,13.9
444500,888.9999999928017,-2508565.8087364025,-2009724.4572113939,299.4118884997794,13.9
445000,889.999999992778,-2507941.5779570267,-2007689.7909252807,300.2584525574469,13.9
445500,890.9999999927544,-2509747.6812968943,-2010380.519886722,299.72748729732774,13.9
446000,891.9999999927307,-2507924.4097613674,-2008820.3557006083,299.56956641100754,13.9
446500,892.9999999927071,-2507719.9855272695,-2006606.608675475,300.7755913919567,13.9
447000,893.9999999926835,-2509799.3035138827,-2010725.5907393086,299.5513551264611,13.9
447500,894.9999999926598,-2508212.4575489033,-2008706.3853851273,299.81086356704213,13.9
448000,895.9999999926362,-2505983.0934984963,-2006391.198923185,299.86237543596565,13.9
448500,896.9999999926125,-2508150.3392221425,-2007740.7380547733,300.3531749140327,13.9
449000,897.9999999925889,-2507092.9777870737,-2006749.793261637,300.31331067236954,13.9
449500,898.9999999925652,-2511805.6798446234,-2010922.50704901,300.6374195443528,13.9
450000,899.9999999925416,-2508948.1509152204,-2007130.6578431851,301.1982122644668,13.9
450500,900.9999999925179,-2509073.7422963437,-2007861.0248812996,300.8352170536149,13.9
451000,901.9999999924943,-2507177.9573972076,-2007308.9851056084,300.02868154118596,13.9
451500,902.9999999924706,-2506440.8840679247,-2005570.9454921843,300.6294761716693,13.9
452000,903.999999992447,-2509106.040219048,-2008608.8045958057,300.40577439851904,13.9
452500,904.9999999924233,-2504713.879883157,-2007060.9967475864,298.69855235830664,13.9
453000,905.9999999923997,-2510751.6122640707,-2008949.592968141,301.18892467731735,13.9
453500,906.999999992376,-2507145.2493635807,-2006848.8018497685,300.2852584331746,13.9
454000,907.9999999923524,-2508819.3959144056,-2010357.516847197,299.184123570356,13.9
454500,908.9999999923288,-2508233.6607547887,-2009498.1560802576,299.34835766919286,13.9
455000,909.9999999923051,-2506256.0608157255,-2009185.8227912197,298.3488402253895,13.9
455500,910.9999999922815,-2508645.9262385406,-2009680.0169598975,299.4866498886037,13.9
456000,911.9999999922578,-2510498.5008356646,-2012279.2906370475,299.03847015970155,13.9
456500,912.9999999922342,-2510788.984396875,-2010893.9468846656,300.0443262685189,13.9
457000,913.9999999922105,-2506984.3027820103,-2009418.553939662,298.6462530787721,13.9
457500,914.9999999921869,-2507240.6669176277,-2006937.6897023164,300.2891776556913,13.9
458000,915.9999999921632,-2507974.8029800747,-2009800.1375488,299.0117337376466,13.9
458500,916.9999999921396,-2509457.6399163343,-2009219.70524537,300.25013816753295,13.9
459000,917.9999999921159,-2507957.3474944737,-2007494.1386172825,300.3853510469594,13.9
459500,918.9999999920923,-2509212.330491869,-2009254.0405165236,300.08229132370514,13.9
460000,919.9999999920686,-2507543.8130562045,-2007140.4323342755,300.34944131153395,13.9
460500,920.999999992045,-2506211.957140796,-2008548.325205702,298.705003945278,13.9
461000,921.9999999920213,-2507663.098366998,-2008981.2223166195,299.3161689831788,13.9
461500,922.9999999919977,-2509948.601378221,-2010049.0981140109,300.04700667830457,13.9
462000,923.999999991974,-2509224.3924515583,-2010241.1628698017,299.49704578831955,13.9
462500,924.9999999919504,-2508335.7050790545,-2007312.8525768965,300.72125735088923,13.9
463000,925.9999999919268,-2505537.1294533927,-2004615.628905408,300.6604244229264,13.9
463500,926.9999999919031,-2506085.139919836,-2006525.3775597902,299.84308920954334,13.9
464000,927.9999999918795,-2504977.567530211,-2004694.2682711582,300.277366658012,13.9
464500,928.9999999918558,-2504381.73030301,-2004189.3762211963,300.2227800300513,13.9
465000,929.9999999918322,-2504967.106522536,-2003661.1787570526,300.8911632717209,13.9
465500,930.9999999918085,-2504603.347420372,-2004252.0859181883,300.31815859216164,13.9
466000,931.9999999917849,-2506166.6192718726,-2007432.1931347887,299.34771031521376,13.9
466500,932.9999999917612,-2505024.642008925,-2007095.010057511,298.8646610526607,13.9
467000,933.9999999917376,-2506550.4245442525,-2006243.0419618546,300.2918218215666,13.9
467500,934.9999999917139,-2505673.4889327455,-2004695.6894377775,300.69421587583093,13.9
468000,935.9999999916903,-2507303.696088178,-2007772.9872374616,299.8256508675348,13.9
468500,936.9999999916666,-2505355.3203837723,-2003898.173360841,300.9819272857939,13.9
469000,937.999999991643,-2502623.667213699,-2003546.583972421,299.55337812996277,13.9
469500,938.9999999916193,-2508207.323582113,-2008919.716422532,299.6797376704474,13.9
470000,939.9999999915957,-2506498.4772322476,-2007683.8331197684,299.3958583194466,13.9
470500,940.999999991572,-2508745.344567742,-2009196.3657906682,299.8366167450363,13.9
471000,941.9999999915484,-2507434.1421534773,-2006909.1782971495,300.4224172903072,13.9
471500,942.9999999915248,-2509107.023252189,-2009089.7681038985,300.11768308449905,13.9
472000,943.9999999915011,-2507125.652216222,-2006410.6071368647,300.5365068255505,13.9
472500,944.9999999914775,-2507000.5698541347,-2007284.047142222,299.9371790696779,13.9
473000,945.9999999914538,-2507772.716204455,-2009029.439677936,299.3530224486338,13.9
473500,946.9999999914302,-2505078.5339448377,-2005839.65318054,299.6504913740309,13.9
474000,947.9999999914065,-2506729.042922782,-2008514.0460769292,299.03594124363576,13.9
474500,948.9999999913829,-2508310.229773,-2008726.8372796173,299.85727236181447,13.9
475000,949.9999999913592,-2504924.3493807428,-2002640.8643090585,301.4779074906426,13.9
475500,950.9999999913356,-2506695.8119289335,-2007306.712887173,299.7406545852499,13.9
476000,951.9999999913119,-2507583.195840981,-2008446.030393517,299.5894403504752,13.9
476500,952.9999999912883,-2506871.683476044,-2008498.1784220906,299.13108019269254,13.9
477000,953.9999999912646,-2509035.3944726195,-2009666.7128013822,299.72839978029475,13.9
477500,954.999999991241,-2507654.0506604016,-2008564.8137294808,299.5606729525694,13.9
478000,955.9999999912174,-2506297.308027277,-2007343.6774186408,299.47928005095105,13.9
478500,956.9999999911937,-2506235.944634363,-2006646.7909755155,299.8607302977426,13.9
479000,957.9999999911701,-2510992.435157869,-2009588.1924549264,300.95017333775183,13.9
479500,958.9999999911464,-2507653.135679206,-2008748.1699442267,299.4500706807162,13.9
480000,959.9999999911228,-2508575.410311673,-2008585.925527113,300.1010149052803,13.9
480500,960.9999999910991,-2507441.180169694,-2007827.2391586401,299.87560802973564,13.9
481000,961.9999999910755,-2509973.631941123,-2010195.9224027914,299.9739042994396,13.9
481500,962.9999999910518,-2504967.7892539464,-2006632.885150035,299.10791133687377,13.9
482000,963.9999999910282,-2507508.297516307,-2008888.4209865925,299.2789559624229,13.9
482500,964.9999999910045,-2506920.821025213,-2007859.0053086798,299.5442143379026,13.9
483000,965.9999999909809,-2509807.5451794975,-2010087.108322621,299.9395283968375,13.9
483500,966.9999999909572,-2510950.2618673723,-2011626.258081623,299.7015834587785,13.9
484000,967.9999999909336,-2509928.104062615,-2012904.463577438,298.32087169951,13.9
484500,968.9999999909099,-2506967.910004111,-2006580.6187678133,300.3397841665056,13.9
485000,969.9999999908863,-2508058.0015868805,-2009208.9803862143,299.4164919514896,13.9
485500,970.9999999908626,-2508812.91458196,-2009919.0892137852,299.4433840693251,13.9
486000,971.999999990839,-2508525.337170474,-2007684.7753214624,300.6118438298419,13.9
486500,972.9999999908154,-2508224.3788864724,-2010037.7143390016,299.01893578300576,13.9
487000,973.9999999907917,-2508362.473174792,-2011049.7881778125,298.4943604507425,13.9
487500,974.9999999907681,-2506580.4611922,-2005938.515389683,300.4926315684976,13.9
488000,975.9999999907444,-2508061.7307333443,-2009117.5897307624,299.4735842503503,13.9
488500,976.9999999907208,-2509761.0065916013,-2011542.5936611597,299.03799162766063,13.9
489000,977.9999999906971,-2507828.042540578,-2008243.8234827674,299.85776847789566,13.9
489500,978.9999999906735,-2507774.2729100995,-2007130.9874988473,300.49343562128905,13.9
490000,979.9999999906498,-2510831.686741274,-2008660.54203323,301.41047915830916,13.9
490500,980.9999999906262,-2509635.1959262844,-2007588.543012285,301.33575735939735,13.9
491000,981.9999999906025,-2510794.996201873,-2013202.567537314,298.66226669899106,13.9
491500,982.9999999905789,-2507058.599275563,-2006838.5794005874,300.2393854444823,13.9
492000,983.9999999905552,-2508936.591065135,-2007979.7044272958,300.68166367255463,13.9
492500,984.9999999905316,-2506228.0273553077,-2006742.2558961916,299.79867878664754,13.9
493000,985.999999990508,-2505855.0375773925,-2007270.8395520353,299.2575412013255,13.9
493500,986.9999999904843,-2508568.861896867,-2007911.7977981437,300.5017057914026,13.9
494000,987.9999999904607,-2507684.620707089,-2007327.654401206,300.32158269893216,13.9
494500,988.999999990437,-2509274.277161073,-2010685.9482599352,299.2600206134969,13.9
495000,989.9999999904134,-2512592.2088324297,-2011539.7366735046,300.73903550288543,13.9
495500,990.9999999903897,-2508336.6909744404,-2008058.6835421715,300.2741904260375,13.9
496000,991.9999999903661,-2508920.2230177466,-2010742.21696209,299.01373882934956,13.9
496500,992.9999999903424,-2508466.5467044823,-2007468.7676370363,300.7062079079845,13.9
497000,993.9999999903188,-2506267.7057614923,-2004500.4058570247,301.1680855898331,13.9
497500,994.9999999902951,-2507551.66456512,-2007326.3355031768,300.2425720962936,13.9
498000,995.9999999902715,-2510164.4970686864,-2009549.4908874435,300.47646201307384,13.9
498500,996.9999999902478,-2508235.2542764153,-2010259.922311914,298.89209087013916,13.9
499000,997.9999999902242,-2506288.1256747004,-2008062.8073151386,299.0421363674008,13.9
499500,998.9999999902005,-2507331.658457985,-2007423.7784994612,300.052034492972,13.9
500000,999.9999999901769,-2503997.5025133025,-2005069.6033547656,299.4638356575695,13.9
