#"Step","Time (ps)","Potential Energy (kJ/mole)","Total Energy (kJ/mole)","Temperature (K)","Speed (ns/day)"
500,1.0000000000000007,-2460355.086020684,-1961355.2447814622,299.9530944500904,0
1000,2.0000000000000013,-2464082.7077222783,-1964376.4342348592,300.37773694765104,14.3
1500,2.999999999999891,-2474989.862432258,-1976130.9159563174,299.8684013966157,14
2000,3.999999999999781,-2476582.7675792854,-1976963.4801792004,300.32544886273865,14.1
2500,4.999999999999671,-2476722.935199784,-1976721.665790425,300.555061532397,14.2
3000,5.999999999999561,-2477919.342544511,-1979512.9829210658,299.59634754871007,14.1
3500,6.999999999999451,-2479165.774002524,-1980572.9515512066,299.7084319575573,14.1
4000,7.999999999999341,-2480562.1639276426,-1981338.905845807,300.08739223489124,14.1
4500,8.999999999999675,-2480432.3110916596,-1981405.0334121338,299.96958673022715,14.1
5000,10.000000000000009,-2483548.1378292497,-1985012.405499803,299.6741145944995,14.1
5500,11.000000000000343,-2487507.899926083,-1988798.3522925624,299.77859646806144,14.1
6000,12.000000000000677,-2485952.1792477574,-1987442.868266595,299.6582324949024,14
6500,13.00000000000101,-2486621.7635166273,-1987044.9228193853,300.29993378474705,14
7000,14.000000000001345,-2488596.7927127276,-1987189.3192831925,301.40034285800306,13.9
7500,15.000000000001679,-2488111.0236635692,-1989483.3103093074,299.7294051792729,13.9
8000,16.00000000000201,-2485987.145210348,-1986813.398539771,300.05763049993595,13.9
8500,17.000000000001457,-2486032.278046459,-1987708.6829677871,299.5465970693233,13.9
9000,18.000000000000902,-2490748.317765489,-1991315.1752405828,300.21355557798904,13.9
9500,19.000000000000348,-2489117.673748264,-1990010.6348361324,300.0175318928506,13.9
10000,19.999999999999794,-2488380.8260162976,-1988269.4840151155,300.62122711363133,13.9
10500,20.99999999999924,-2491538.580547426,-1993661.0570886014,299.2784595837738,13.9
11000,21.999999999998685,-2489381.155917367,-1989735.9782822572,300.3410117055893,13.9
11500,22.99999999999813,-2490782.391732443,-1990171.3081447666,300.9216260775312,13.9
12000,23.999999999997577,-2492338.635540299,-1993860.4959109076,299.6394951273742,13.9
12500,24.999999999997023,-2491072.474007901,-1992080.2557959836,299.9485121828428,13.9
13000,25.99999999999647,-2492486.227221051,-1994346.1736799574,299.4362686731862,13.9
13500,26.999999999995914,-2491877.491519168,-1992549.5069522145,300.1503442254247,14
14000,27.99999999999536,-2492347.63470242,-1993839.1780379661,299.6577189577844,14
14500,28.999999999994806,-2491559.2044804096,-1992339.6937153784,300.08513969054445,14
15000,29.99999999999425,-2492423.052972913,-1992769.6363405213,300.3459642376857,14
15500,30.999999999993697,-2496879.5357578546,-1998659.220832891,299.48451448103407,14
16000,31.999999999993143,-2491016.3325967435,-1991873.617003356,300.03897745266437,14
16500,32.999999999994365,-2493553.682431752,-1995636.8341691995,299.3020980613682,14
17000,33.99999999999559,-2494846.242353983,-1997275.4736783283,299.0940666464522,14
17500,34.99999999999681,-2494107.970495697,-1996676.494416703,299.0103366691066,14
18000,35.99999999999803,-2491942.37364164,-1992104.6180907905,300.4567719463249,14
18500,36.999999999999254,-2492995.1160874236,-1995067.4426275901,299.3086051805177,14
19000,38.000000000000476,-2493419.4722668715,-1992929.9171334174,300.84857427892274,14
19500,39.0000000000017,-2493391.411756849,-1994032.4464043332,300.1689670419667,14
20000,40.00000000000292,-2491271.462585509,-1991231.3773247595,300.57839407436586,14
20500,41.00000000000414,-2497212.411747886,-1998680.4904552638,299.6718237475008,14
21000,42.000000000005365,-2494669.7634472046,-1995568.9483035465,300.01379073211564,14
21500,43.00000000000659,-2493123.8918294758,-1993028.4617088367,300.61166234544316,14
22000,44.00000000000781,-2494624.99613514,-1995011.2355618083,300.32212663966317,14
22500,45.00000000000903,-2497379.444899693,-1998593.967734748,299.82423836216356,14
23000,46.00000000001025,-2492818.974370051,-1995647.677518805,298.8539406985572,14
23500,47.000000000011475,-2495467.3227945585,-1996815.025346263,299.74418288954485,14
24000,48.0000000000127,-2492564.131966818,-1992876.1988320877,300.3667124039785,14
24500,49.00000000001392,-2494503.832134951,-1995828.0833724334,299.7582796761337,14
25000,50.00000000001514,-2495504.2544162925,-1996278.5037605753,300.0888905424799,14
25500,51.000000000016364,-2494387.131235365,-1996680.4564230612,299.1757609935712,14
26000,52.000000000017586,-2494309.497135965,-1993904.3690958256,300.79782442731516,14
26500,53.00000000001881,-2495480.1552010756,-1996248.7747111763,300.0922746842062,14
27000,54.00000000002003,-2498342.4170416165,-1998953.6267572169,300.1868950649259,14
27500,55.00000000002125,-2497391.5415245052,-1998833.6178058293,299.6874540293436,14
28000,56.000000000022474,-2496764.4558660276,-1997801.7961439735,299.9307443204731,14
28500,57.0000000000237,-2494743.081051206,-1995249.7573362472,300.24973100870477,14
29000,58.00000000002492,-2495141.4771508016,-1995765.5501878029,300.17916281184637,14
29500,59.00000000002614,-2493448.6797331683,-1994991.3700007836,299.62697409720965,14
30000,60.00000000002736,-2495930.0333733577,-1996096.9256211855,300.45397811458315,14
30500,61.000000000028585,-2497496.348877432,-1998810.5377704112,299.76432823792015,14
31000,62.00000000002981,-2496954.7848501634,-1997090.2012631912,300.4728985094779,14
31500,63.00000000003103,-2498735.0575779825,-1998354.6368240272,300.78297266518246,14
32000,64.00000000003224,-2497985.659036858,-1998474.6844181363,300.2603411187006,14
32500,65.00000000002991,-2497829.9613190424,-1999727.0917557362,299.41391706446893,14
33000,66.00000000002758,-2497715.3358347584,-1999064.238954599,299.74346121771714,14
33500,67.00000000002525,-2495726.5246648733,-1996577.3085026129,300.04288500049915,14
34000,68.00000000002292,-2493868.7889476456,-1995028.2320575055,299.8573472584965,14
34500,69.00000000002059,-2496748.7091431115,-1999482.3369208868,298.9110913214115,14
35000,70.00000000001826,-2496632.379895486,-1995761.8249483593,301.07759654236116,14
35500,71.00000000001593,-2494383.8720117174,-1994982.4436383198,300.19449192887174,14
36000,72.0000000000136,-2494858.7232290804,-1995492.2706494909,300.1734676785283,14
36500,73.00000000001127,-2493834.0586271174,-1995404.2589133978,299.6104375884875,14
37000,74.00000000000894,-2494460.117654875,-1995139.3909373565,300.14598146973395,14
37500,75.00000000000661,-2494601.1119210515,-1996891.6289428268,299.17744900624814,14
38000,76.00000000000428,-2492881.0526008923,-1992801.5787752129,300.6020708793673,14
38500,77.00000000000195,-2491184.7615261693,-1993590.0676309995,299.10844830158663,14
39000,77.99999999999962,-2496214.326899672,-1997997.7962406008,299.48223972627306,14
39500,78.99999999999729,-2496677.990305012,-1995992.8550471142,300.96613917312027,14
40000,79.99999999999496,-2496575.558746148,-1997501.2549064853,299.9978545593674,14
40500,80.99999999999262,-2496611.639212614,-1996121.9423852265,300.84865945236436,14
41000,81.9999999999903,-2495999.6591276694,-1996961.4796227796,299.976139911176,14
41500,82.99999999998796,-2498122.3223580625,-1999914.177860266,299.47719873263526,14
42000,83.99999999998563,-2495912.382612556,-1998404.0785310962,299.0565186418759,14
42500,84.9999999999833,-2495506.9784872886,-1994455.5013874932,301.18635040371066,14
43000,85.99999999998097,-2498310.4956964236,-1997796.37078573,300.8633433832469,14
43500,86.99999999997864,-2495755.885763686,-1998670.0463978716,298.80257146938976,14
44000,87.99999999997631,-2493692.845028892,-1994520.3983294647,300.0568490761022,14
44500,88.99999999997398,-2494540.7126725893,-1997442.7127962464,298.80988125681176,14
45000,89.99999999997165,-2498713.043490337,-2001113.2912413971,299.1114889215245,14
45500,90.99999999996932,-2496555.039257709,-1997819.8339641269,299.7940195081021,14
46000,91.99999999996699,-2498062.437879652,-1999467.065962645,299.7099644633009,14
46500,92.99999999996466,-2496564.1092334464,-1996918.767285164,300.34111047565,14
47000,93.99999999996233,-2500395.625459697,-2002720.2008855203,299.15697620677605,14
47500,94.99999999996,-2497658.0096907876,-2001324.3761446814,298.35041408448046,14
48000,95.99999999995767,-2498195.120860046,-2000019.9836881338,299.4573577452835,14
48500,96.99999999995534,-2497865.8167777825,-2000662.161070689,298.87339188499476,14
49000,97.999999999953,-2500027.9149232656,-2001878.5927838585,299.44184010731396,14
49500,98.99999999995067,-2498845.2774914727,-1998031.963831584,301.0431883125015,14
50000,99.99999999994834,-2495958.9171251897,-1998307.0801858502,299.1427974766936,14
50500,100.99999999994601,-2497085.2711898424,-1997994.8340197052,300.00755244301325,14
51000,101.99999999994368,-2497581.6781136673,-1999795.772891055,299.2233870743483,14
51500,102.99999999994135,-2498369.9605109617,-1999651.128983803,299.7841770963403,14
52000,103.99999999993902,-2499378.879491003,-1999269.1128846502,300.620280130256,13.9
52500,104.99999999993669,-2495881.4683943707,-1995804.6251952164,300.60048958714765,13.9
53000,105.99999999993436,-2495885.680181062,-1996904.3927880437,299.9419415736309,13.9
53500,106.99999999993203,-2497677.641696142,-1999248.5344315837,299.6100213513436,13.9
54000,107.9999999999297,-2498791.205060538,-1998889.742733661,300.4950666370795,14
54500,108.99999999992737,-2498295.55838266,-1998126.3302700652,300.6560229528461,14
55000,109.99999999992504,-2496331.747011833,-1997341.9550639056,299.9470537347,14
55500,110.99999999992271,-2497737.4046552647,-1995478.312387305,301.9122582631124,14
56000,111.99999999992038,-2497456.342684565,-1999626.4436430708,299.24983213709135,14
56500,112.99999999991805,-2499669.2980738133,-2001667.5724173896,299.35311859251186,14
57000,113.99999999991572,-2500274.6625253838,-2001305.2566487729,299.9347994919735,14
57500,114.99999999991338,-2498235.5637339465,-1999714.5801582213,299.66524899184304,14
58000,115.99999999991105,-2498133.7243446596,-2001720.682675613,298.39814698984827,14
58500,116.99999999990872,-2499049.7603680193,-2000358.7095275526,299.7674778867404,14
59000,117.9999999999064,-2499090.8206949253,-1999645.295471056,300.22099892478917,14
59500,118.99999999990406,-2500522.849251751,-2000790.983823593,300.39312048324194,14
60000,119.99999999990173,-2497012.240462266,-1997196.4563220663,300.443564742496,14
60500,120.9999999998994,-2498569.8773835897,-1999082.0554084242,300.2464238656167,14
61000,121.99999999989707,-2497320.256370386,-1996602.990421338,300.98545320779704,14
61500,122.99999999989474,-2499121.0712347906,-2000713.7657867372,299.5969160920134,14
62000,123.99999999989241,-2497874.8001902234,-1998965.953837871,299.898396641314,14
62500,124.99999999989008,-2498380.132824512,-1997795.1987344895,300.90590738968524,14
63000,125.99999999988775,-2496437.688636817,-1997790.9245606414,299.74085673199346,14
63500,126.99999999988542,-2500224.0902343,-1999285.1478285904,301.1187048316397,14
64000,127.99999999988309,-2495924.1284639854,-1999416.5226767496,298.45499029425565,14
64500,128.99999999988785,-2497775.119628396,-1998972.5065802662,299.8345388888624,14
65000,129.99999999989262,-2498667.8769830894,-1999393.3225966592,300.1182268845751,14
65500,130.9999999998974,-2499555.9893020745,-2001470.7908441615,299.4032948110992,14
66000,131.99999999990217,-2500365.4709747657,-1999308.8424650696,301.1894469604885,14
66500,132.99999999990695,-2502915.8972352818,-2004550.4643887018,299.5717461112905,14
67000,133.99999999991172,-2498395.977393359,-1998783.314682485,300.32146670510167,14
67500,134.9999999999165,-2497079.8984334823,-1997463.6703432407,300.32360988529103,14
68000,135.99999999992127,-2501038.1744948607,-2003939.5252717603,298.81027158472995,14
68500,136.99999999992605,-2497570.5955616776,-1997049.2362980614,300.86769201498214,14
69000,137.99999999993082,-2498671.4896757305,-1999858.4572672714,299.84080205593114,14
69500,138.9999999999356,-2497570.3060829975,-1999098.8471348255,299.6354793124595,14
70000,139.99999999994037,-2497673.431911746,-1996884.831007467,301.02833326265005,14
70500,140.99999999994515,-2499008.337449841,-1999480.571977519,300.2704342451502,14
71000,141.99999999994992,-2497177.251185514,-1997768.8222609404,300.19870002036697,14
71500,142.9999999999547,-2499196.5854636785,-1998541.1146254055,300.94830763545997,14
72000,143.99999999995947,-2496982.2542773057,-1997093.3980044979,300.48748902960483,14
72500,144.99999999996425,-2498519.5530157518,-1999278.1053989453,300.0983261207367,14
73000,145.99999999996902,-2500845.607940953,-2000414.1915735728,300.8136265668193,14
73500,146.9999999999738,-2501233.600808345,-2002507.5203105425,299.7885345149133,14
74000,147.99999999997857,-2496107.3769032825,-1996285.2832014114,300.4473574742597,14
74500,148.99999999998334,-2497206.477245588,-1997358.5148378648,300.46290737573963,14
75000,149.99999999998812,-2499502.6146996208,-1999082.6392593398,300.80674932718273,14
75500,150.9999999999929,-2499143.0657745153,-1999740.848018401,300.19496643360895,14
76000,151.99999999999767,-2497705.2645709887,-1996169.3860414359,301.47752826751713,14
76500,153.00000000000244,-2496887.0412429217,-1995882.9905162463,301.15784200310577,14
77000,154.00000000000722,-2497116.049264008,-1998987.1025755485,299.42959224858265,14
77500,155.000000000012,-2498612.570997687,-2000799.6117046988,299.23964950863416,14
78000,156.00000000001677,-2498489.242039306,-1999686.4838295742,299.8346261467494,14
78500,157.00000000002154,-2498709.6321337577,-1998022.986892774,300.9670468369345,14
79000,158.00000000002632,-2499862.1340360437,-2000862.3039041841,299.9530877733595,14
79500,159.0000000000311,-2497329.8373069726,-1998669.1842166209,299.74920553781806,14
80000,160.00000000003587,-2500397.99235576,-2002172.6983014806,299.48750747847134,14
80500,161.00000000004064,-2499501.4121581856,-1996140.2095447276,302.57474626658893,14
81000,162.00000000004542,-2499675.665715812,-2000293.510768403,300.18290650681695,14
81500,163.0000000000502,-2499448.6278554946,-1999263.1712128434,300.66577806177895,14
82000,164.00000000005497,-2496784.9006765205,-1997365.0079221001,300.20559102704203,14
82500,165.00000000005974,-2499420.9126735274,-2001039.5421245524,299.58132640121596,14
83000,166.00000000006452,-2498282.378346339,-1998596.4116825145,300.36553034141133,14
83500,167.0000000000693,-2499127.8603993524,-1999837.4892664864,300.1277344668336,14
84000,168.00000000007407,-2500201.917141326,-2004673.3971060594,297.86645343158676,14
84500,169.00000000007884,-2501779.220070172,-1999295.5558877005,302.047250371561,14
85000,170.00000000008362,-2500796.8642439023,-2002805.3306446779,299.34699205930866,14
85500,171.0000000000884,-2497498.2500819787,-1997165.6108781337,300.7542507646352,14
86000,172.00000000009317,-2501465.215046102,-2005676.9150765892,298.0226093833798,14
86500,173.00000000009794,-2497944.4491445087,-1997447.7393468558,300.8528750090812,14
87000,174.00000000010272,-2499930.836342994,-2002396.5195264567,299.0721551205615,14
87500,175.0000000001075,-2499907.953888325,-2001938.3904254893,299.3337856214489,14
88000,176.00000000011227,-2496454.0577301625,-1999125.9372183068,298.9482087491562,14
88500,177.00000000011704,-2500393.538981423,-2001677.666791409,299.78239821334125,14
89000,178.00000000012182,-2502677.7013071794,-2003533.8018967712,300.0396890552529,14
89500,179.0000000001266,-2495344.7706268355,-1996283.5735696391,299.9899759597485,14
90000,180.00000000013137,-2497504.0479709506,-1995938.5522662355,301.4953314061248,14
90500,181.00000000013614,-2498430.541114522,-1999770.3333282925,299.748937861682,14
91000,182.00000000014091,-2502165.3662428055,-2002409.8025832584,300.40736569386274,14
91500,183.0000000001457,-2501496.5949719697,-2001709.764427696,300.42616048707214,14
92000,184.00000000015046,-2502065.7637464087,-2002818.6327996072,300.10174241925614,14
92500,185.00000000015524,-2500265.0728721805,-1998909.0315314669,301.369426587253,14
93000,186.00000000016001,-2501238.0206465814,-2003766.1791814435,299.0346006497373,14
93500,187.0000000001648,-2496156.710580256,-1997327.8355087754,299.850325216872,14
94000,188.00000000016956,-2499271.3149683177,-2000325.2064518149,299.9207952485262,14
94500,189.00000000017434,-2497931.7327679265,-2000447.5692952261,299.0420075144148,14
95000,190.0000000001791,-2500144.972089058,-2000919.6853404532,300.08861168392633,14
95500,191.0000000001839,-2501346.0527740326,-2001730.8494521338,300.32299388823037,14
96000,192.00000000018866,-2497537.926350355,-1997828.4802577267,300.3796440279171,14
96500,193.00000000019344,-2499626.968773963,-2000679.569592262,299.9215710784726,14
97000,194.0000000001982,-2500525.6214791164,-2000664.4219994312,300.4708642934945,14
97500,195.000000000203,-2500045.599183254,-2000581.7465333575,300.2320156981341,14
98000,196.00000000020776,-2499483.6975933965,-2001857.8207009363,299.127192669337,14
98500,197.00000000021254,-2496519.0209470037,-1997064.1973445097,300.2265882601182,14
99000,198.0000000002173,-2498467.6703792736,-1998457.8023812664,300.5602302179551,14
99500,199.0000000002221,-2499543.769287033,-2000421.042233082,300.0269621697686,14
100000,200.00000000022686,-2500315.3675186113,-2003157.168827143,298.8460672821103,14
100500,201.00000000023164,-2498300.3333113045,-1997989.2350878585,300.7413022961302,14
101000,202.0000000002364,-2502510.682531113,-2003371.628202335,300.03677663503174,14
101500,203.0000000002412,-2498008.110382879,-1998487.46031402,300.26615711495765,14
102000,204.00000000024596,-2499845.5409897417,-2000301.7463782676,300.28006949849623,14
102500,205.00000000025074,-2498568.566085063,-1998324.4815711554,300.70101977921263,14
103000,206.0000000002555,-2497211.482717367,-1999491.75337007,299.1836081867851,14
103500,207.0000000002603,-2500006.855937524,-2000338.550507002,300.3549140222401,14
104000,208.00000000026506,-2500617.2018301263,-2002759.9222255652,299.2662908289405,14
104500,209.00000000026984,-2502216.23127784,-2004446.6746251518,299.21355980841906,14
105000,210.0000000002746,-2498049.8699230757,-1998473.7858602519,300.2994789652936,14
105500,211.00000000027939,-2500148.93402417,-2001841.139235997,299.5370993788701,14
106000,212.00000000028416,-2498876.9118592944,-1998765.1694583015,300.6214677973999,14
106500,213.00000000028894,-2498299.914569298,-1998546.3194654647,300.4061823780994,14
107000,214.0000000002937,-2498594.1440063845,-1999871.3613241725,299.7865521696109,14
107500,215.00000000029848,-2501018.3274266273,-2001190.4668380055,300.4508239994633,14
108000,216.00000000030326,-2502236.3492509704,-2000670.5250286558,301.49552888087817,14
108500,217.00000000030803,-2500242.224084791,-2001873.1830587029,299.57391501901213,14
109000,218.0000000003128,-2499409.033549212,-2001269.6638604233,299.43585760368643,14
109500,219.00000000031758,-2498308.0431599356,-2000129.1756371893,299.45960009123974,14
110000,220.00000000032236,-2499427.4983550366,-2002667.8080522604,298.60652046370717,14
110500,221.00000000032713,-2498931.876262486,-1999917.260241603,299.96197569836517,14
111000,222.0000000003319,-2497058.0187255535,-1997234.6793546602,300.448106256618,14
111500,223.00000000033668,-2499799.5539547037,-1998368.835580933,301.414315593819,14
112000,224.00000000034146,-2498422.1227264125,-2000058.327068575,299.5707619830626,14
112500,225.00000000034623,-2499212.1155045684,-2000381.8416498913,299.8511660374768,14
113000,226.000000000351,-2503244.9724356886,-2006291.6776776835,298.7228977661548,14
113500,227.00000000035578,-2498493.2223774083,-2000314.6629399871,299.4594148985021,14
114000,228.00000000036056,-2497389.374480691,-1997471.370583313,300.50500991731474,14
114500,229.00000000036533,-2496960.952581739,-1996205.902331475,301.008165676088,14
115000,230.0000000003701,-2499391.3339697905,-1999308.7005786393,300.6039701213351,14
115500,231.00000000037488,-2499859.5545901246,-2000613.8361855862,300.1008933279582,14
116000,232.00000000037966,-2501231.1100692283,-2002781.0121367762,299.62263902227056,14
116500,233.00000000038443,-2502940.6977107543,-2003802.3093736675,300.0363763017009,14
117000,234.0000000003892,-2501064.050837746,-2002222.89821177,299.8577053604289,14
117500,235.00000000039398,-2499228.930711603,-1998905.4877709122,300.748722811793,14
118000,236.00000000039876,-2500112.662945248,-2001440.2117012145,299.75629750942454,14
118500,237.00000000040353,-2500103.0733433124,-1999520.377855638,300.9045617465685,14
119000,238.0000000004083,-2503022.787655983,-2002733.7247015657,300.72805670648097,14
119500,239.00000000041308,-2502456.2844869643,-2003005.9184929214,300.22390875335634,14
120000,240.00000000041786,-2502784.434259383,-2004716.2344448841,299.3930767804063,14
120500,241.00000000042263,-2501601.523893377,-2001743.0051749805,300.46925286483753,14
121000,242.0000000004274,-2501121.056582611,-2004273.0563970488,298.6596042934463,14
121500,243.00000000043218,-2502953.0987313967,-2004800.99062305,299.4435147771946,14
122000,244.00000000043696,-2497893.614884563,-2000177.8077666806,299.18125050096444,14
122500,245.00000000044173,-2500729.058726603,-2001170.9913023424,300.2886490089651,14
123000,246.0000000004465,-2501810.064847123,-2002258.7776978048,300.2845733274073,14
123500,247.00000000045128,-2502714.572065389,-2003932.7337674065,299.82205100794914,14
124000,248.00000000045605,-2499694.0394260883,-1999747.3377199962,300.52226041684685,14
124500,249.00000000046083,-2499491.1962722074,-2000947.7859269448,299.6787299158139,14
125000,250.0000000004656,-2498003.5992104057,-2000173.857703114,299.2497374419279,14
125500,251.00000000047038,-2499282.942171434,-2001673.7752998509,299.1171481321324,14
126000,252.00000000047515,-2498994.2067199107,-2000974.5151685113,299.3639180464337,14
126500,253.00000000047993,-2500621.52375873,-1999991.8420162445,300.9328055882742,14
127000,254.0000000004847,-2500893.3684063256,-2001733.9784249635,300.04900057062497,14
127500,255.00000000048948,-2499224.649517849,-2001033.7937616915,299.4668063214056,14
128000,256.00000000049425,-2500433.742620293,-2002616.7201530198,299.24209191762776,14
128500,257.000000000499,-2502474.348454155,-2003595.0833559826,299.88061509511755,14
129000,258.0000000005038,-2497594.9678494707,-1998018.5288506239,300.2996923203884,14
129500,259.0000000005086,-2499975.7016505916,-2000378.159033882,300.31237788651265,14
130000,260.00000000051335,-2502149.918166604,-2003638.3211543746,299.6596066478296,14
130500,261.0000000005181,-2502330.201357411,-2004320.7123222805,299.35778522619404,14
131000,262.0000000005229,-2499355.118110301,-1998106.7330791634,301.30471345404993,14
131500,263.0000000005277,-2497439.468428066,-1998313.076285617,300.02916528597325,14
132000,264.00000000053245,-2499808.5965954494,-2002247.4719110196,299.08826956041764,14
132500,265.0000000005372,-2501503.787147941,-2002904.5371151457,299.7122956320414,13.9
133000,266.000000000542,-2499121.5351207964,-1999918.2904975682,300.07536197286726,13.9
133500,267.0000000005468,-2498806.4486102574,-1999462.4426600267,300.1599748166478,13.9
134000,268.00000000055155,-2499774.065894598,-2000626.1398319178,300.0421095105506,13.9
134500,269.0000000005563,-2501055.981671339,-2002737.0119494186,299.54381672761605,13.9
135000,270.0000000005611,-2498180.90055646,-2000528.3021602975,299.1432551949361,13.9
135500,271.0000000005659,-2497263.812923426,-1997412.139200114,300.465138279446,13.9
136000,272.00000000057065,-2500380.827834571,-2000250.3139889634,300.632751474135,13.9
136500,273.0000000005754,-2499601.2417780086,-1999682.1842469764,300.5056432655625,13.9
137000,274.0000000005802,-2500076.5952900127,-2000515.450941394,300.29049857464867,13.9
137500,275.000000000585,-2500857.2736374773,-2001513.6867614323,300.15972290755207,13.9
138000,276.00000000058975,-2500060.4198322706,-2001158.6512835613,299.8941421126965,13.9
138500,277.0000000005945,-2499656.884539688,-2002836.071169814,298.6432620648121,13.9
139000,278.0000000005993,-2501038.893557841,-2003204.9692963804,299.25225173141774,13.9
139500,279.0000000006041,-2500879.715939041,-2000379.9399399331,300.85471812913585,14
140000,280.00000000060885,-2498838.715573184,-1998467.7078657225,300.7773144020114,13.9
140500,281.0000000006136,-2503604.233083766,-2004435.969661309,300.05433447235185,13.9
141000,282.0000000006184,-2499527.2971305884,-2001317.7305469003,299.47805356069034,13.9
141500,283.0000000006232,-2501064.9398941845,-2002459.6574066328,299.7159217924562,13.9
142000,284.00000000062795,-2498665.742738951,-2001377.905403337,298.92399418560433,13.9
142500,285.0000000006327,-2499849.0155882593,-2002906.3667072055,298.7164984379973,13.9
143000,286.0000000006375,-2501000.0585776735,-2001874.0949105867,300.0289077257496,13.9
143500,287.0000000006423,-2499705.702999834,-2002427.886689505,298.91797046115516,13.9
144000,288.00000000064705,-2500996.9857441913,-2001407.1675523203,300.3077346683356,13.9
144500,289.0000000006518,-2502013.630110301,-2004030.259015366,299.3420855078075,13.9
145000,290.0000000006566,-2497325.0180084426,-1999380.1606513308,299.31893456890106,13.9
145500,291.0000000006614,-2500724.607523743,-2002257.7420617412,299.63271812843266,13.9
146000,292.00000000066615,-2503199.930352483,-2003581.696978856,300.32481527837325,13.9
146500,293.0000000006709,-2505762.42477734,-2006470.9485933988,300.1283987225351,13.9
147000,294.0000000006757,-2502144.4329293873,-2002538.000151765,300.3177218386656,13.9
147500,295.0000000006805,-2500314.5336458106,-2001638.9902152314,299.75815624934046,13.9
148000,296.00000000068525,-2501136.482246341,-2004162.6385800892,298.7352498915602,13.9
148500,297.00000000069,-2498331.835773805,-1998323.3932052893,300.5593733800336,13.9
149000,298.0000000006948,-2500718.282599276,-2001018.3468648137,300.37392726986326,13.9
149500,299.0000000006996,-2500549.6323619857,-2002797.1758600478,299.2032807607937,13.9
150000,300.00000000070435,-2500418.0518045444,-2001615.8494568535,299.8342920132979,13.9
150500,301.0000000007091,-2503199.314911891,-2007345.6315750615,298.06191188757174,13.9
151000,302.0000000007139,-2500611.7418306638,-2003116.085582049,299.0489159208198,13.9
151500,303.00000000071867,-2502234.180801345,-2003767.8602401516,299.6323905838722,13.9
152000,304.00000000072345,-2498544.4674879536,-1999888.55439188,299.7463562865079,13.9
152500,305.0000000007282,-2501126.6102994736,-2003116.6400535759,299.358074486123,13.9
153000,306.000000000733,-2501536.860196801,-2001268.9282854619,300.71535465482367,13.9
153500,307.00000000073777,-2501617.3926718608,-2003128.3315421944,299.64606013508103,13.9
154000,308.00000000074255,-2500122.3360701576,-1999310.4241204325,301.0423457324717,13.9
154500,309.0000000007473,-2500627.754466843,-2001180.0156596708,300.2223295287425,13.9
155000,310.0000000007521,-2498622.769463951,-1998825.8979140846,300.4321962218558,13.9
155500,311.00000000075687,-2501274.2510719523,-2002698.2414353215,299.69832563011016,13.9
156000,312.00000000076164,-2501010.7837475,-2002696.5704559162,299.5409575964498,13.9
156500,313.0000000007664,-2498617.364951987,-1998666.7921143477,300.52458738729985,13.9
157000,314.0000000007712,-2499733.4062003437,-1999184.7701834983,300.8840883058454,13.9
157500,315.00000000077597,-2498084.956352735,-1999010.8391376873,299.9977423777069,13.9
158000,316.00000000078074,-2501693.19002684,-2003041.3274439736,299.7439214881971,13.9
158500,317.0000000007855,-2500734.0830025543,-1999215.2757322297,301.46726658683417,13.9
159000,318.0000000007903,-2501077.233280292,-2001183.6139056112,300.4903521710888,13.9
159500,319.00000000079507,-2501578.798578512,-2001774.206696385,300.4368369799491,13.9
160000,320.00000000079984,-2498680.902922023,-1999794.355036785,299.88499284103256,13.9
160500,321.0000000008046,-2501612.9098457303,-2002236.221983557,300.1796201948815,13.9
161000,322.0000000008094,-2501101.5385642927,-2001046.749519464,300.5872326453839,13.9
161500,323.00000000081417,-2502295.802827487,-2002194.9537056144,300.6149197536715,13.9
162000,324.00000000081894,-2500690.917944735,-2000267.8835307648,300.8085881025652,13.9
162500,325.0000000008237,-2499542.284393739,-1999839.0992436036,300.37588052155934,13.9
163000,326.0000000008285,-2500942.7605696097,-2001172.1076562318,300.4164359740621,13.9
163500,327.00000000083327,-2502121.4312699027,-2002179.4475985072,300.51942436562996,13.9
164000,328.00000000083804,-2500518.886534242,-2001388.1474921056,300.03177824474545,13.9
164500,329.0000000008428,-2499616.5046456587,-2003303.2982676239,298.33813513814124,13.9
165000,330.0000000008476,-2500056.279519027,-2002614.9605325656,299.0162533254044,13.9
165500,331.00000000085237,-2499299.7362188622,-2000556.1114899258,299.7990805030751,13.9
166000,332.00000000085714,-2500592.543006569,-2000735.0067972187,300.4686622702033,13.9
166500,333.0000000008619,-2501576.361962771,-2003780.1698773655,299.2295705960091,13.9
167000,334.0000000008667,-2497008.9907185286,-1998412.0776858241,299.7108908411956,13.9
167500,335.00000000087147,-2500498.6197943576,-2002117.6025555702,299.58111402342485,13.9
168000,336.00000000087624,-2499808.0004280936,-2001619.0757191759,299.4656455523085,13.9
168500,337.000000000881,-2501547.674769543,-2002489.1268437624,299.98838354408,13.9
169000,338.0000000008858,-2500754.933271447,-2002098.1772496332,299.74686297641705,13.9
169500,339.00000000089057,-2499232.5097927917,-2001740.920049126,299.04647150973534,13.9
170000,340.00000000089534,-2500896.923260696,-2002121.6274295077,299.81811827491396,13.9
170500,341.0000000009001,-2501119.2029512413,-2003893.6731461452,298.8865405933549,13.9
171000,342.0000000009049,-2503637.4997600727,-2004887.7455882512,299.80276496388785,13.9
171500,343.00000000090967,-2500409.9216217753,-2000125.2341290286,300.7254265788549,13.9
172000,344.00000000091444,-2503348.192958379,-2006772.0689215139,298.49617720315655,13.9
172500,345.0000000009192,-2502409.5501586925,-2003973.2988797838,299.6143156797865,13.9
173000,346.000000000924,-2502995.815236589,-2004025.5109067527,299.93533955993126,13.9
173500,347.00000000092876,-2502922.778553359,-2002888.5082221462,300.574898670231,13.9
174000,348.00000000093354,-2500362.9757530894,-2001959.8131241743,299.59442580781365,13.9
174500,349.0000000009383,-2498250.8286103196,-1999274.5562887194,299.9389269710871,13.9
175000,350.0000000009431,-2499758.537459282,-2000250.265561313,300.2587164900212,13.9
175500,351.00000000094786,-2498240.8504203595,-1999739.9000576301,299.6532068552865,13.9
176000,352.00000000095264,-2499843.875619203,-1999391.1023588125,300.8264643788121,13.9
176500,353.0000000009574,-2499754.6528263297,-1998033.6466231938,301.5888101036431,13.9
177000,354.0000000009622,-2499616.486813979,-2000780.9357709987,299.8543382007338,13.9
177500,355.00000000096696,-2503811.7423399426,-2004087.004043104,300.3888363033343,13.9
178000,356.00000000097174,-2501496.735075686,-2003502.7055871808,299.34849235981244,13.9
178500,357.0000000009765,-2498929.396948956,-2002052.738417027,298.67683107182194,13.9
179000,358.0000000009813,-2503134.6748242825,-2004742.1981507998,299.58800238813643,13.9
179500,359.00000000098606,-2499863.6303400956,-2002631.7644414003,298.89034927368834,13.9
180000,360.00000000099084,-2498254.8702444527,-2000666.8677154747,299.10442606384345,13.9
180500,361.0000000009956,-2499327.704637278,-1999164.9190796905,300.6521502776447,13.9
181000,362.0000000010004,-2501937.6414407007,-2004215.1065874647,299.1852946005237,13.9
181500,363.00000000100516,-2501479.786626829,-2003207.939966852,299.51549064996675,13.9
182000,364.00000000100994,-2501367.029862888,-2002091.8596493062,300.1185970635703,13.9
182500,365.0000000010147,-2501779.493509531,-2002465.2261041715,300.1420987216648,13.9
183000,366.0000000010195,-2500790.650285421,-2002894.5040785465,299.2896538777255,13.9
183500,367.00000000102426,-2501750.555415267,-2004934.7792112986,298.6402341810822,13.9
184000,368.00000000102904,-2503942.3503931854,-2004927.3232949022,299.96222280052456,13.9
184500,369.0000000010338,-2502182.447605623,-2000957.7508169722,301.2904742478443,13.9
185000,370.0000000010386,-2499766.3428587914,-1999906.2390431673,300.47020568040807,13.9
185500,371.00000000104336,-2502236.04136586,-2003122.2876076736,300.0215682445414,13.9
186000,372.00000000104814,-2502756.9138165973,-2003486.3914137247,300.1158032245958,13.9
186500,373.0000000010529,-2500258.1493285764,-2001448.7349120001,299.83862724990666,13.9
187000,374.0000000010577,-2502690.351337578,-2004110.3193483956,299.70074350080904,13.9
187500,375.00000000106246,-2500964.0695200395,-2002495.046914996,299.6340148056599,13.9
188000,376.00000000106724,-2503873.590436239,-2006008.39853073,299.27104698106183,13.9
188500,377.000000001072,-2503356.8901265394,-2004059.472346225,300.1319702671945,13.9
189000,378.0000000010768,-2499413.170574477,-2001649.9830805608,299.2097312523256,13.9
189500,379.00000000108156,-2502747.687284244,-2004101.7831295505,299.74033982579806,13.9
190000,380.00000000108633,-2500837.1303735264,-2000216.4494241243,300.9273951341725,13.9
190500,381.0000000010911,-2498810.8418925814,-2000380.8698266442,299.61054119088726,13.9
191000,382.0000000010959,-2503398.6701587364,-2003524.5279076148,300.4786443046734,13.9
191500,383.00000000110066,-2500582.5806889776,-2000713.6073142756,300.4755372486211,13.9
192000,384.00000000110543,-2501469.2593657784,-2002641.527769764,299.84963786393905,13.9
192500,385.0000000011102,-2499542.437401749,-2000630.9745896333,299.8999694177715,13.9
193000,386.000000001115,-2501965.1192225907,-2003569.4064211436,299.58994765247667,13.9
193500,387.00000000111976,-2501926.4046554863,-2003801.209335938,299.42733726847956,13.9
194000,388.00000000112453,-2502398.1442330107,-2006429.085792656,298.1312648541758,13.9
194500,389.0000000011293,-2503069.673901703,-2004898.5620763912,299.4549380748366,13.9
195000,390.0000000011341,-2501040.0404921267,-1999946.6100129741,301.21156894071385,13.9
195500,391.00000000113886,-2501575.1792099494,-2001028.1694343265,300.8831107582658,13.9
196000,392.00000000114363,-2500278.335922871,-2001277.2531348313,299.95384075575845,13.9
196500,393.0000000011484,-2504250.3637272865,-2004906.1992559652,300.16007010503824,13.9
197000,394.0000000011532,-2497338.618221039,-1998961.8965568135,299.57853191662673,13.9
197500,395.00000000115796,-2502110.6889727972,-2001072.5124763914,301.1783552966685,13.9
198000,396.00000000116273,-2501227.06153485,-2001420.3226784244,300.4381275446575,13.9
198500,397.0000000011675,-2500165.3224115297,-2001100.1293062528,299.9923780186036,13.9
199000,398.0000000011723,-2500490.154674718,-2002660.3919356116,299.2497502045543,13.9
199500,399.00000000117706,-2500374.9843712617,-2000818.8015575595,300.28751615335636,13.9
200000,400.00000000118183,-2499439.1971529927,-1999641.2401016362,300.43284872613367,13.9
200500,401.0000000011866,-2501554.9309056867,-2002499.4618954344,299.9865327814866,13.9
201000,402.0000000011914,-2500558.768316731,-2001314.289010036,300.10014849559195,13.9
201500,403.00000000119616,-2500338.1159327608,-1999743.518648271,300.9117160189534,13.9
202000,404.00000000120093,-2499418.761267647,-1999279.4675979263,300.63802910188934,13.9
202500,405.0000000012057,-2501040.364708625,-2003610.8624940282,299.0091501622481,13.9
203000,406.0000000012105,-2500662.9853984583,-2000943.0814631316,300.38593032706876,13.9
203500,407.00000000121526,-2502578.069296576,-2002247.300114705,300.75312667835,13.9
204000,408.00000000122003,-2500280.446730487,-2001087.6778514176,300.0690649129939,13.9
204500,409.0000000012248,-2500995.3618413378,-2001710.8373206353,300.124220017999,13.9
205000,410.0000000012296,-2500885.676739646,-2003765.421064544,298.823259408778,13.9
205500,411.00000000123435,-2501420.4988998026,-1999758.22981215,301.55350271856537,13.9
206000,412.00000000123913,-2500662.29969378,-2001671.0068468628,299.94795593798597,13.9
206500,413.0000000012439,-2498415.0850541815,-2000040.0299547387,299.5775301302086,13.9
207000,414.0000000012487,-2499863.0848292094,-2000033.112468148,300.4520934040315,13.9
207500,415.00000000125345,-2498903.980340788,-2000279.846746985,299.72725335448604,13.9
208000,416.00000000125823,-2504228.6639975533,-2006611.0753479183,299.12221053532096,13.9
208500,417.000000001263,-2502086.882433474,-2002730.0200210654,300.1677029465896,13.9
209000,418.0000000012678,-2502365.2650950477,-2003310.3456435364,299.9862024370028,13.9
209500,419.00000000127255,-2503353.0809938014,-2004704.0437469578,299.7422231544244,13.9
210000,420.00000000127733,-2501261.5753182527,-2000242.6799127217,301.1667652671849,13.9
210500,421.0000000012821,-2504338.7101165857,-2005943.3289595307,299.5897482981815,13.9
211000,422.0000000012869,-2502023.4460123144,-2001344.1397295098,300.9626353260803,13.9
211500,423.00000000129165,-2499101.8420095984,-1999800.1146286614,300.1345608051782,13.9
212000,424.0000000012964,-2498753.884511875,-2000554.983061317,299.4716426574781,13.9
212500,425.0000000013012,-2503312.8337413,-2004332.3712008607,299.94144574765437,13.9
213000,426.000000001306,-2500973.3253812026,-2003531.3620389465,299.016640653212,13.9
213500,427.00000000131075,-2500141.1709863115,-1999853.3323331566,300.7273207684667,13.9
214000,428.0000000013155,-2502207.3430839945,-2004391.4210637577,299.24143042945354,13.9
214500,429.0000000013203,-2500778.9994684886,-2002364.262625013,299.60138316768905,13.9
215000,430.0000000013251,-2500287.2597964182,-2002147.39637967,299.43615438780756,13.9
215500,431.00000000132985,-2500487.6155986357,-2003344.1806442887,298.83719267280344,13.9
216000,432.0000000013346,-2502088.8082112987,-2003109.6429328914,299.94066595229447,13.9
216500,433.0000000013394,-2500373.514140647,-2001336.7624531535,299.9752816378642,13.9
217000,434.0000000013442,-2500334.7822847627,-2001133.4763331101,300.07419662071646,13.9
217500,435.00000000134895,-2501391.761224577,-2001889.5261745963,300.25508768879683,13.9
218000,436.0000000013537,-2500221.681087427,-2000243.0096378182,300.54147770451726,13.9
218500,437.0000000013585,-2499674.510926578,-1999980.313958201,300.3704776482335,13.9
219000,438.0000000013633,-2499938.988468418,-2002222.8552315293,299.18144653390283,13.9
219500,439.00000000136805,-2500273.314043984,-2001646.6046268828,299.72880170401476,13.9
220000,440.0000000013728,-2497881.265947491,-1997665.9877169668,300.6837040746244,13.9
220500,441.0000000013776,-2501212.5411998797,-2000549.668048292,300.952757229631,13.9
221000,442.0000000013824,-2502351.348542154,-2001983.9293313187,300.7751573258391,13.9
221500,443.00000000138715,-2501224.406610891,-2002860.268714626,299.5709677055236,13.9
222000,444.0000000013919,-2501274.2667593807,-2002493.4237343941,299.821452740795,13.9
222500,445.0000000013967,-2500968.6992051117,-2000024.6053372566,301.12180141982213,13.9
223000,446.0000000014015,-2502723.7400371935,-2003741.0513889238,299.94278388020905,13.9
223500,447.00000000140625,-2502000.770159591,-2003622.5670991782,299.57942239661054,13.9
224000,448.000000001411,-2500140.8729225583,-2002317.5477300077,299.24588053997616,13.9
224500,449.0000000014158,-2502119.7897876017,-2002576.5713537673,300.2797231531636,13.9
225000,450.0000000014206,-2498890.176625846,-2000076.148607994,299.84140052529654,13.9
225500,451.00000000142535,-2500888.97275413,-2004031.8617173901,298.665080904415,13.9
226000,452.0000000014301,-2501106.633850487,-2003749.2302980549,298.96581103659173,13.9
226500,453.0000000014349,-2503024.526406646,-2003223.4260616149,300.434738186984,13.9
227000,454.0000000014397,-2502007.3055339437,-2001848.9731777145,300.6494734200243,13.9
227500,455.00000000144445,-2499156.020254312,-1998020.4264017818,301.2369137069279,13.9
228000,456.0000000014492,-2499695.3825199753,-2000249.6639175864,300.2211151662797,13.9
228500,457.000000001454,-2502825.9985384066,-2005090.0251112934,299.19337264281216,13.9
229000,458.0000000014588,-2502825.30034264,-2004491.2614270092,299.5528749495045,13.9
229500,459.00000000146355,-2498145.6458602306,-1998458.6901996941,300.3661248358373,13.9
230000,460.0000000014683,-2497789.014297167,-1998349.8325831774,300.2171857864655,13.9
230500,461.0000000014731,-2502388.458360119,-2002015.57549468,300.7784415755921,13.9
231000,462.0000000014779,-2503550.5457901247,-2005365.718652773,299.4631824668136,13.9
231500,463.00000000148265,-2502232.515381092,-2005088.4051323405,298.83759859807566,13.9
232000,464.0000000014874,-2501782.874381289,-2003970.4465112095,299.239330065755,13.9
232500,465.0000000014922,-2499849.538167406,-2002563.5619179779,298.9228754706984,13.9
233000,466.00000000149697,-2503179.441267384,-2005690.4194683298,299.04492789615307,13.9
233500,467.00000000150175,-2503369.63599989,-2001620.3805659683,301.60579095912584,13.9
234000,468.0000000015065,-2499125.5014933627,-1999237.3259946671,300.4870798104335,13.9
234500,469.0000000015113,-2503135.9226388633,-2005454.4235600885,299.1606276437123,13.9
235000,470.00000000151607,-2499167.182393577,-2000532.2354212566,299.73375336927495,13.9
235500,471.00000000152085,-2501660.7869802024,-2002256.2825863436,300.19634095121535,13.9
236000,472.0000000015256,-2502071.9673828743,-2003778.977519114,299.52820001152827,13.9
236500,473.0000000015304,-2502193.665940881,-2004476.0276581876,299.18235122987494,13.9
237000,474.00000000153517,-2504034.385234164,-2004459.7801219588,300.2985899553623,13.9
237500,475.00000000153995,-2501906.696679963,-2002833.0196763526,299.9974777628274,13.9
238000,476.0000000015447,-2500383.5475768764,-1999410.4002960213,301.1392656761476,13.9
238500,477.0000000015495,-2500061.9611043893,-2001416.2751267208,299.74020867771264,13.9
239000,478.00000000155427,-2499557.365334958,-2001263.0540073095,299.528994354832,13.9
239500,479.00000000155904,-2501484.4193322696,-2002479.0031955554,299.95644556890034,13.9
240000,480.0000000015638,-2504864.513817141,-2007016.1891348874,299.2609079481562,13.9
240500,481.0000000015686,-2500687.7044226937,-1999452.5577327525,301.2967557733473,13.9
241000,482.00000000157337,-2501439.4398889747,-2003349.1134085981,299.4063773094875,13.9
241500,483.00000000157814,-2501630.151181735,-2003848.1035915415,299.22106821833756,13.9
242000,484.0000000015829,-2499336.879989879,-1999877.6756578365,300.2292215543108,13.9
242500,485.0000000015877,-2500354.4590915106,-2001016.3256460305,300.1564448035566,13.9
243000,486.00000000159247,-2500792.680165233,-2002697.9057653418,299.4090509921463,13.9
243500,487.00000000159724,-2501926.6385131665,-2001377.128865767,300.8846134526819,13.9
244000,488.000000001602,-2500189.518352203,-2000150.6377501676,300.5776699436566,13.9
244500,489.0000000016068,-2501149.5838727057,-2003514.1205479442,299.13295515620734,13.9
245000,490.00000000161157,-2501648.3274730146,-2001023.42915382,300.9299302314113,13.9
245500,491.00000000161634,-2501494.8547834307,-2002284.999390729,300.0793357632304,13.9
246000,492.0000000016211,-2500648.173539534,-2001663.0637278114,299.9442392623754,13.9
246500,493.0000000016259,-2499139.1684881113,-2000949.3194941762,299.4662011479786,13.9
247000,494.00000000163067,-2500181.236238854,-2001136.1141476042,299.9803131595222,13.9
247500,495.00000000163544,-2500110.260702541,-2003044.8940560024,298.7902651418299,13.9
248000,496.0000000016402,-2502967.9692478273,-2003756.66832817,300.0802046819106,13.9
248500,497.000000001645,-2503862.0242023543,-2005259.3592931842,299.7143483435877,13.9
249000,498.00000000164977,-2502143.135450078,-2001762.9015651443,300.78286033660714,13.9
249500,499.00000000165454,-2499327.486210279,-1997038.5125255012,301.9302202396512,13.9
250000,500.0000000016593,-2499820.32201623,-2000796.8024331566,299.9673277061413,13.9
250500,501.0000000016641,-2498656.7015599255,-1998780.5451537555,300.4798550305887,13.9
251000,502.00000000166887,-2500722.3214071468,-2002124.8340122541,299.7112360952448,13.9
251500,503.00000000167364,-2501542.6301335488,-2000106.9951828856,301.4172709904567,13.9
252000,504.0000000016784,-2502226.0518507026,-2003454.2686597893,299.81600679664655,13.9
252500,505.0000000016832,-2501130.1229273938,-2002860.373199203,299.51423016624284,13.9
253000,506.00000000168797,-2501435.7556900997,-2001049.439550516,300.78651643216597,13.9
253500,507.00000000169274,-2500652.0876913965,-2001186.4648178846,300.23307979476795,13.9
254000,508.0000000016975,-2500518.7611462437,-1999855.907174976,300.9527457001755,13.9
254500,509.0000000017023,-2501440.7208268456,-2002302.2013163252,300.0364551511795,13.9
255000,510.00000000170706,-2502310.155554408,-2003564.8522429145,299.8000895134811,13.9
255500,511.00000000171184,-2500607.903023191,-2002297.613723685,299.53859885107744,13.9
256000,512.0000000017166,-2503608.2893553637,-2004551.9316528935,299.9870669820188,13.9
256500,513.0000000016929,-2501679.3782216962,-2002937.303354418,299.7981488679083,13.9
257000,514.0000000016693,-2501326.7647701018,-2003266.4889113293,299.3883136224973,13.9
257500,515.0000000016456,-2500486.7419150025,-2002938.4021878813,299.0805844126678,13.9
258000,516.000000001622,-2500772.851870373,-2001683.8657885464,300.0066801813547,13.9
258500,517.0000000015983,-2502188.544489531,-2003621.3348365673,299.69303588427465,13.9
259000,518.0000000015747,-2503301.2698148675,-2005173.6275831265,299.42880812843464,13.9
259500,519.000000001551,-2501130.3503467813,-2001797.7295718475,300.1531310898991,13.9
260000,520.0000000015274,-2502164.6826786976,-2003317.5181577152,299.8613191622013,13.9
260500,521.0000000015037,-2498176.8408963885,-1999773.917475407,299.5942820178682,13.9
261000,522.0000000014801,-2501915.4962942693,-2004098.6916661423,299.2419609726441,13.9
261500,523.0000000014564,-2499136.0420970563,-1999708.7624246157,300.21003136696913,13.9
262000,524.0000000014328,-2500218.5305584725,-2001390.1592218261,299.8500224175326,13.9
262500,525.0000000014091,-2503071.152083624,-2004049.5445145285,299.9661783781019,13.9
263000,526.0000000013855,-2504314.1350016557,-2004992.8911941664,300.1462922969608,13.9
263500,527.0000000013619,-2500996.61273757,-2002652.4115653988,299.55898356927565,13.9
264000,528.0000000013382,-2500471.969219113,-2000803.4489226502,300.35504318000443,13.9
264500,529.0000000013146,-2500974.876420902,-2004631.8421616228,298.3560649339863,13.9
265000,530.0000000012909,-2500436.620546989,-1999971.8404770393,300.83368177526023,13.9
265500,531.0000000012673,-2502269.0322533455,-2001956.4838826566,300.7421739921049,13.9
266000,532.0000000012436,-2500738.078278737,-2001613.813930065,300.02788625084156,13.9
266500,533.00000000122,-2502332.8376968596,-2001599.4090813217,300.9951687255738,13.9
267000,534.0000000011963,-2500397.050019011,-2001735.9561125035,299.74947051619887,13.9
267500,535.0000000011727,-2503142.8899780214,-2002664.6001682796,300.8418025959919,13.9
268000,536.000000001149,-2498900.409502005,-2000854.564132584,299.3796393312899,13.9
268500,537.0000000011254,-2501235.9421769697,-2002549.4827747042,299.7647179337653,13.9
269000,538.0000000011017,-2502871.6882416382,-2003063.5810496053,300.43895006295463,13.9
269500,539.0000000010781,-2500799.39336114,-2000853.0152129792,300.52206592339286,13.9
270000,540.0000000010544,-2500940.5296426862,-2000263.8169623148,300.9610762893607,13.9
270500,541.0000000010308,-2502382.802968234,-2004691.093646898,299.16676510829285,13.9
271000,542.0000000010072,-2502775.711577641,-2004112.3450185931,299.75083662717884,13.9
271500,543.0000000009835,-2500620.22150903,-2001050.289013793,300.2957812051325,13.9
272000,544.0000000009599,-2502069.3849221934,-2001274.527463852,301.03209413108414,13.9
272500,545.0000000009362,-2503897.432810502,-2004403.6218282487,300.25002390926454,13.9
273000,546.0000000009126,-2499013.4331416804,-2000218.9818517263,299.8296327858567,13.9
273500,547.0000000008889,-2503031.1328622997,-2004401.4024946492,299.730617623361,13.9
274000,548.0000000008653,-2501762.3886860777,-2003454.3773445007,299.53722955098283,13.9
274500,549.0000000008416,-2503722.5497529097,-2002829.1479878002,301.09132996106393,13.9
275000,550.000000000818,-2502798.343880873,-2002679.8871132522,300.6255038609031,13.9
275500,551.0000000007943,-2502323.3365205117,-2005356.9536979343,298.73076511428684,13.9
276000,552.0000000007707,-2502697.4417146146,-2005557.056172881,298.83535964466586,13.9
276500,553.000000000747,-2502249.2231018115,-2001212.030024873,301.1777641547722,13.9
277000,554.0000000007234,-2503146.6412741523,-2003706.3251476763,300.21786769156364,13.9
277500,555.0000000006997,-2501634.8944173083,-2001571.5435134242,300.59237925246794,13.9
278000,556.0000000006761,-2501797.207662113,-2000947.7817028083,301.0648957261364,13.9
278500,557.0000000006524,-2500409.7137860656,-2002779.6328561904,299.12971975236894,13.9
279000,558.0000000006288,-2503790.145633351,-2006622.7956727103,298.85156818868296,13.9
279500,559.0000000006052,-2502583.628810536,-2003102.1496570902,300.242611140952,13.9
280000,560.0000000005815,-2500790.209255146,-2003185.0089919376,299.11476376973735,13.9
280500,561.0000000005579,-2502272.8316490743,-2004653.9882100604,299.12296480000407,13.9
281000,562.0000000005342,-2501945.8201943766,-2001461.2081476396,300.8456029470017,13.9
281500,563.0000000005106,-2503319.1243313067,-2003438.8798977688,300.48231237898403,13.9
282000,564.0000000004869,-2501057.4480729736,-2000916.6719395495,300.6389202235661,13.9
282500,565.0000000004633,-2503196.4072030373,-2004752.614383891,299.6188489644577,13.9
283000,566.0000000004396,-2503888.7578554526,-2005292.4500992335,299.7105270042967,13.9
283500,567.000000000416,-2503653.90045261,-2004909.1731121945,299.7997432923143,13.9
284000,568.0000000003923,-2502843.7312443145,-2004155.6853387565,299.76567159453344,13.9
284500,569.0000000003687,-2503226.8650203366,-2004625.3502726594,299.71365697162645,13.9
285000,570.000000000345,-2502399.986380119,-2003104.871924005,300.130585719216,13.9
285500,571.0000000003214,-2502214.2151011117,-2003922.4558820517,299.52746026041905,13.9
286000,572.0000000002977,-2499819.6299987957,-2000257.7533220057,300.2909387834083,13.9
286500,573.0000000002741,-2501790.5892101396,-2001094.6693048268,300.9726219173966,13.9
287000,574.0000000002505,-2505124.840138834,-2005000.5006179372,300.62904003447096,13.9
287500,575.0000000002268,-2501425.9872503188,-2001740.7541223064,300.3650894067286,13.9
288000,576.0000000002032,-2504999.5957640037,-2006034.3725093454,299.93228528195993,13.9
288500,577.0000000001795,-2504697.6644357946,-2005184.6230604756,300.26158346385915,13.9
289000,578.0000000001559,-2503212.2322139554,-2003490.1616784995,300.3872326890325,13.9
289500,579.0000000001322,-2501696.6403662935,-2003122.9983705229,299.6969024208346,13.9
290000,580.0000000001086,-2504916.320338322,-2008069.5436138487,298.6588688604677,13.9
290500,581.0000000000849,-2503290.2809652686,-2004407.4243842917,299.8827739663071,13.9
291000,582.0000000000613,-2501167.0887476597,-2001331.8430102924,300.455263275864,13.9
291500,583.0000000000376,-2500532.8852513824,-2002287.4202539918,299.4996324057841,13.9
292000,584.000000000014,-2501436.360146504,-2003298.2758231359,299.4350849594819,13.9
292500,584.9999999999903,-2501922.23125666,-1999941.3787304065,301.74500596235714,13.9
293000,585.9999999999667,-2501715.33189795,-2003132.4768749669,299.70244045069586,13.9
293500,586.999999999943,-2501477.042916814,-2002316.377821247,300.0497670527355,13.9
294000,587.9999999999194,-2499853.7016620897,-2001246.9403427984,299.71681073092833,13.9
294500,588.9999999998957,-2504226.28955411,-2005607.7644972,299.72388201474314,13.9
295000,589.9999999998721,-2502329.935778333,-2002205.676317889,300.6289919094445,13.9
295500,590.9999999998485,-2500292.6802978404,-1999774.8793278236,300.865553094109,13.9
296000,591.9999999998248,-2503553.4218832906,-2006505.3769431035,298.77985291522793,13.9
296500,592.9999999998012,-2502759.465810204,-2002181.8086123492,300.9015331872439,13.9
297000,593.9999999997775,-2499097.9036818035,-1998471.9621471774,300.9305573171756,13.9
297500,594.9999999997539,-2502777.1522512585,-2003630.7869821335,300.0411713041264,13.9
298000,595.9999999997302,-2502568.001866687,-2003121.4016835028,300.2216450920746,13.9
298500,596.9999999997066,-2502361.3371108435,-2005023.6907157388,298.9539348394708,13.9
299000,597.9999999996829,-2503363.091082664,-2005247.5438624984,299.42153771299655,13.9
299500,598.9999999996593,-2502114.468664363,-2001572.5952206606,300.88002326499156,13.9
300000,599.9999999996356,-2500414.5778133813,-2001034.4808759792,300.18166941930934,13.9
300500,600.999999999612,-2501485.741014367,-2001081.6011210205,300.79723044378295,13.9
301000,601.9999999995883,-2502669.2521026023,-2004085.4122759486,299.70303242464877,13.9
301500,602.9999999995647,-2503243.3529231716,-2004566.0134905353,299.75923584161717,13.9
302000,603.999999999541,-2500754.6058322024,-2000771.4823575292,300.5441538550574,13.9
302500,604.9999999995174,-2500858.4942640513,-2002092.5740437976,299.81248251457936,13.9
303000,605.9999999994938,-2501580.296300655,-2004445.0128587433,298.8322927286006,13.9
303500,606.9999999994701,-2499232.543596359,-1999880.8355382474,300.16460461990977,13.9
304000,607.9999999994465,-2497703.2767551746,-1999114.9899647427,299.70570553280623,13.9
304500,608.9999999994228,-2500489.8084948137,-2002211.9943288062,299.51907776914425,13.9
305000,609.9999999993992,-2501181.3554174434,-2003556.7990471744,299.1263988920954,13.9
305500,610.9999999993755,-2502765.942854749,-2005325.5103552062,299.0157204504964,13.9
306000,611.9999999993519,-2501287.3985056058,-2003173.5810797138,299.42049791878753,13.9
306500,612.9999999993282,-2502553.2735662945,-2003274.035212019,300.1210424579147,13.9
307000,613.9999999993046,-2501048.1136223916,-2002667.3199587036,299.58097963051046,13.9
307500,614.9999999992809,-2502614.6936134454,-2002151.8570992495,300.83251348718784,13.9
308000,615.9999999992573,-2501450.603583498,-2003612.5620396486,299.25472666525764,13.9
308500,616.9999999992336,-2501251.6230551973,-2001796.0005592632,300.22706848183304,13.9
309000,617.99999999921,-2499621.3999208976,-2000914.7432922798,299.7768586601603,13.9
309500,618.9999999991863,-2501309.4518810343,-2001374.134487295,300.5154172088211,13.9
310000,619.9999999991627,-2500471.7292483114,-2001197.2389666778,300.11818835063076,13.9
310500,620.999999999139,-2501700.0847031362,-2002665.1000394772,299.9742194646463,13.9
311000,621.9999999991154,-2504151.636849012,-2003303.9146670313,301.06387157093985,13.9
311500,622.9999999990918,-2502780.01575676,-2003761.302874491,299.96443835696476,13.9
312000,623.9999999990681,-2503917.934402203,-2004972.5660350055,299.9203503384158,13.9
312500,624.9999999990445,-2501886.2852358315,-2000529.6957001518,301.36975611195993,13.9
313000,625.9999999990208,-2502666.552558746,-2002207.164105249,300.83044082825893,13.9
313500,626.9999999989972,-2504489.5230965577,-2005178.6977251163,300.1400296854856,13.9
314000,627.9999999989735,-2500684.54325209,-2000353.071809259,300.75354881345027,13.9
314500,628.9999999989499,-2500712.644698564,-2001792.3793672717,299.9052606877233,13.9
315000,629.9999999989262,-2502691.3238092177,-2002990.4952647446,300.37446394563625,13.9
315500,630.9999999989026,-2502431.664152233,-2004264.1853595052,299.45275422771704,13.9
316000,631.9999999988789,-2500777.2587937526,-2001799.900434349,299.93957979774746,13.9
316500,632.9999999988553,-2500222.927983703,-2000960.3447406783,300.11103092735874,13.9
317000,633.9999999988316,-2498288.3995894175,-1999682.0980520712,299.7165343520485,13.9
317500,634.999999998808,-2501679.1402694993,-2001752.8297724612,300.5100030857822,13.9
318000,635.9999999987843,-2499647.0230147745,-2001734.7520908222,299.2993465837846,13.9
318500,636.9999999987607,-2499464.7703030054,-2000287.8284343916,300.05955116094486,13.9
319000,637.999999998737,-2501677.481276883,-2004310.767212805,298.971407665184,13.9
319500,638.9999999987134,-2500717.2633318286,-2002238.5423323326,299.6398445939421,13.9
320000,639.9999999986898,-2502661.442583155,-2002916.6026895137,300.4009195459849,13.9
320500,640.9999999986661,-2500832.6424618475,-2001521.1509745012,300.14043009348256,13.9
321000,641.9999999986425,-2502768.5614840705,-2003172.7749604098,300.31132228388384,13.9
321500,642.9999999986188,-2500101.0206665825,-1999802.7147029534,300.73361275877977,13.9
322000,643.9999999985952,-2500030.7204342764,-2001124.6325967074,299.8967384743629,13.9
322500,644.9999999985715,-2499245.9285218883,-2000137.356729636,300.01845332026926,13.9
323000,645.9999999985479,-2499084.3032576684,-2000538.6064497782,299.68010432815595,13.9
323500,646.9999999985242,-2500190.865051426,-2002287.0844390492,299.2942429845057,13.9
324000,647.9999999985006,-2498899.5083758663,-1999062.6640203828,300.4562242189569,13.9
324500,648.9999999984769,-2501433.970138399,-2003052.1211151788,299.5816140161982,13.9
325000,649.9999999984533,-2500274.5934263505,-2002884.4357936783,298.9854997958095,13.9
325500,650.9999999984296,-2503199.0695909783,-2004099.483178216,300.0130521314108,13.9
326000,651.999999998406,-2503210.260330895,-2003409.3861445568,300.4346022410495,13.9
326500,652.9999999983823,-2501234.8929517176,-2001770.4931070383,300.2323446216223,13.9
327000,653.9999999983587,-2499627.4303335007,-1997096.1545925073,302.0758700887032,13.9
327500,654.999999998335,-2502925.648025466,-2004523.7855285106,299.59364428731556,13.9
328000,655.9999999983114,-2501485.460803956,-2001331.0759234526,300.64710055842914,13.9
328500,656.9999999982878,-2502292.154117197,-2001795.1376057204,300.8530593773972,13.9
329000,657.9999999982641,-2503825.892156288,-2003601.9306799783,300.6889236483156,13.9
329500,658.9999999982405,-2499365.70099316,-2000293.0464497213,299.9968631532282,13.9
330000,659.9999999982168,-2501721.208431145,-2002515.3942473808,300.076906557796,13.9
330500,660.9999999981932,-2501640.674497314,-2001718.1756474515,300.50771187189616,13.9
331000,661.9999999981695,-2502995.7734524608,-2004207.7928384251,299.82574320693396,13.9
331500,662.9999999981459,-2502851.613611337,-2005048.695050516,299.2336139382084,13.9
332000,663.9999999981222,-2504760.1952590235,-2007427.651466486,298.9508676212006,13.9
332500,664.9999999980986,-2504072.3914919887,-2005837.0157402544,299.49356767348326,13.9
333000,665.9999999980749,-2504246.1352311894,-2004569.038041885,300.3601988240268,13.9
333500,666.9999999980513,-2504567.0905426517,-2005498.1141587114,299.99465217993287,13.9
334000,667.9999999980276,-2502263.9768004585,-2003074.005025958,300.067383549391,13.9
334500,668.999999998004,-2499939.377458418,-2002189.390990639,299.2017960020258,13.9
335000,669.9999999979804,-2501253.771206226,-2002209.9564062976,299.9795273354702,13.9
335500,670.9999999979567,-2502119.434885923,-2004079.7742422763,299.375921639457,13.9
336000,671.9999999979331,-2501087.6884452403,-2002894.8595144302,299.4679924136525,13.9
336500,672.9999999979094,-2503265.4262259007,-2006290.3461598293,298.7359931021209,13.9
337000,673.9999999978858,-2503690.154494334,-2002872.314298979,301.04590925188467,13.9
337500,674.9999999978621,-2503333.2837782316,-2003003.0189936971,300.75282348077474,13.9
338000,675.9999999978385,-2503334.0841831006,-2003463.4423127016,300.47654019572843,13.9
338500,676.9999999978148,-2502961.69062203,-2005152.8874559056,299.23715122504603,13.9
339000,677.9999999977912,-2500083.0164754335,-1999464.4869958758,300.92610186715297,13.9
339500,678.9999999977675,-2501640.157807408,-2002927.9639179236,299.7801871552708,13.9
340000,679.9999999977439,-2501388.7982557174,-2002994.0757797766,299.5893523593011,13.9
340500,680.9999999977202,-2498358.312261114,-1997686.0825818442,300.95838151885823,13.9
341000,681.9999999976966,-2503715.4801293556,-2004428.8376908763,300.1254931165824,13.9
341500,682.999999997673,-2505275.8947494794,-2005410.6150295911,300.47331696095824,13.9
342000,683.9999999976493,-2502378.024763236,-2002017.464635606,300.7710342719572,13.9
342500,684.9999999976257,-2503488.5133882686,-2005545.016563369,299.3181167412918,13.9
343000,685.999999997602,-2502074.703780202,-2002640.352567631,300.2142821305352,13.9
343500,686.9999999975784,-2502678.4037331697,-2004285.8845143518,299.5880279625031,13.9
344000,687.9999999975547,-2504076.9528240506,-2006547.5138098185,299.06922303166147,13.9
344500,688.9999999975311,-2500451.830874156,-2000643.4864942792,300.4390926386068,13.9
345000,689.9999999975074,-2503812.9147035107,-2004786.3221652706,299.9691748859102,13.9
345500,690.9999999974838,-2503083.5824904144,-2003156.9358772363,300.5102051280835,13.9
346000,691.9999999974601,-2501389.897600066,-2002249.725105915,300.0374487738505,13.9
346500,692.9999999974365,-2501879.645785406,-2001908.0614189703,300.53721759789477,13.9
347000,693.9999999974128,-2501504.209607808,-2004001.0621920498,299.053418925791,13.9
347500,694.9999999973892,-2500330.8399714176,-2001022.7943531158,300.1383587519759,13.9
348000,695.9999999973655,-2502737.355119126,-2004484.914420089,299.5038255600136,13.9
348500,696.9999999973419,-2502562.0529222023,-2002065.1822811041,300.8529716934588,13.9
349000,697.9999999973182,-2502908.307145519,-2003933.6377930972,299.9379634125335,13.9
349500,698.9999999972946,-2503361.4969497733,-2004768.4200716605,299.7085848956914,13.9
350000,699.999999997271,-2501139.4435994904,-2001233.055827461,300.49802736450465,13.9
350500,700.9999999972473,-2499742.429416625,-1999957.4159565056,300.42506822216546,13.9
351000,701.9999999972237,-2500028.28827852,-2001292.8765419852,299.7941436027359,13.9
351500,702.9999999972,-2502914.609593503,-2005158.4426845335,299.20551111835863,13.9
352000,703.9999999971764,-2500317.5630952716,-2002506.9039978574,299.2382668412998,13.9
352500,704.9999999971527,-2502496.556478409,-2004196.0308608268,299.53272981793526,13.9
353000,705.9999999971291,-2501252.651351111,-2002519.7668933673,299.79262443372744,13.9
353500,706.9999999971054,-2501179.901140865,-2001482.1098118008,300.3726382493431,13.9
354000,707.9999999970818,-2502305.4780132417,-2003130.209596657,300.0585452345436,13.9
354500,708.9999999970581,-2500353.167793302,-2001720.849941773,299.73217298216474,13.9
355000,709.9999999970345,-2501395.7088245824,-2001368.4697619614,300.5706721142327,13.9
355500,710.9999999970108,-2502253.1139758695,-2002536.5592707642,300.3839170759895,13.9
356000,711.9999999969872,-2500089.0780321155,-2002625.1335959588,299.0298536777261,13.9
356500,712.9999999969635,-2500839.216318339,-2002605.6779456572,299.4924632091391,13.9
357000,713.9999999969399,-2502852.9249099996,-2004396.8469751584,299.6262336531165,13.9
357500,714.9999999969162,-2502534.7213387974,-2005687.9474353371,298.6588671647325,13.9
358000,715.9999999968926,-2499950.876378717,-2002190.2373213153,299.20819936522804,13.9
358500,716.999999996869,-2498732.5893564876,-1998672.5354656437,300.5903973895853,13.9
359000,717.9999999968453,-2500879.6013101265,-2002565.6408535738,299.5408056151391,13.9
359500,718.9999999968217,-2502960.2287498917,-2003824.2084955699,300.0349528267925,13.9
360000,719.999999996798,-2501622.181214273,-2002803.8863542753,299.8439653607921,13.9
360500,720.9999999967744,-2502759.964898469,-2006133.6076737745,298.52637280421317,13.9
361000,721.9999999967507,-2501996.797853645,-2002809.0703672394,300.0660344885231,13.9
361500,722.9999999967271,-2501094.0584132057,-2002293.2372776926,299.8334617547835,13.9
362000,723.9999999967034,-2502251.7882749215,-2003180.1904997954,299.99622792071057,13.9
362500,724.9999999966798,-2504277.015512027,-2005596.8971110363,299.7609063033855,13.9
363000,725.9999999966561,-2500502.467474766,-2002036.5480939914,299.6321494308737,13.9
363500,726.9999999966325,-2501060.592665499,-2002866.0125979749,299.46904503698573,13.9
364000,727.9999999966088,-2503368.8312978502,-2002437.246788748,301.11428193673333,13.9
364500,728.9999999965852,-2502305.678251354,-2002368.8379767938,300.5163326255747,13.9
365000,729.9999999965615,-2501986.567006465,-2004870.3663039608,298.82082192988906,13.9
365500,730.9999999965379,-2506579.581255907,-2007799.492220931,299.8209995109177,13.9
366000,731.9999999965142,-2499946.4059948046,-1999764.535917793,300.66362214633943,13.9
366500,732.9999999964906,-2500548.0874753986,-2002107.0715202705,299.6171797676237,13.9
367000,733.999999996467,-2501259.3240628317,-2000760.2059464222,300.85432267019,13.9
367500,734.9999999964433,-2501316.8791121487,-2001663.3976360827,300.3460032157759,13.9
368000,735.9999999964197,-2501194.542566536,-2001302.1274542587,300.48962827860515,13.9
368500,736.999999996396,-2498456.6874528043,-1998390.3682939056,300.5941634960753,13.9
369000,737.9999999963724,-2499682.314903466,-2002693.9707504194,298.7439662588325,13.9
369500,738.9999999963487,-2500011.8876499664,-2000323.0167689472,300.3672760913346,13.9
370000,739.9999999963251,-2500202.9755711555,-2001870.4836907894,299.5519450133073,13.9
370500,740.9999999963014,-2501659.208519904,-2001588.1767843321,300.5969962664273,13.9
371000,741.9999999962778,-2500628.0026993826,-2001441.2112647123,300.06547181977777,13.9
371500,742.9999999962541,-2502186.524346864,-2005668.986357845,298.4609606261342,13.9
372000,743.9999999962305,-2503313.921967149,-2003285.4100832818,300.5714372180262,13.9
372500,744.9999999962068,-2501228.9189768992,-2001213.9276797834,300.56330987709407,13.9
373000,745.9999999961832,-2504039.091701638,-2003119.4501067428,301.10710294833075,13.9
373500,746.9999999961595,-2502765.140864458,-2001860.2322068533,301.098246853067,13.9
374000,747.9999999961359,-2503698.410807073,-2004438.244054379,300.1095783542466,13.9
374500,748.9999999961123,-2503984.335480597,-2003964.908972797,300.56597592036553,13.9
375000,749.9999999960886,-2500697.8518811725,-2002302.9991679853,299.5894306460294,13.9
375500,750.999999996065,-2501738.4289899375,-2002901.0807379533,299.8554185185165,13.9
376000,751.9999999960413,-2500119.5278079193,-1999956.3694948698,300.6523743441576,13.9
376500,752.9999999960177,-2503821.402938146,-2005354.3326475145,299.63284125268297,13.9
377000,753.999999995994,-2504696.73442512,-2004175.6402303863,300.8675326797981,13.9
377500,754.9999999959704,-2503595.3922624737,-2002685.8997512213,301.1010022469019,13.9
378000,755.9999999959467,-2503947.699584877,-2004625.92869385,300.1466091314067,13.9
378500,756.9999999959231,-2500487.125528056,-2000150.0232533545,300.75693355489585,13.9
379000,757.9999999958994,-2502772.8916767854,-2002872.9502520987,300.4941524096979,13.9
379500,758.9999999958758,-2501742.0834040157,-2000565.1652546232,301.26175409703524,13.9
380000,759.9999999958521,-2501080.7876333576,-2002288.8679130347,299.82811103758763,13.9
380500,760.9999999958285,-2499513.295660805,-2001107.884794006,299.59577724293365,13.9
381000,761.9999999958048,-2500689.5052416436,-2002584.1277681752,299.4154245908278,13.9
381500,762.9999999957812,-2502877.4312219303,-2003603.4486564419,300.1178831580912,13.9
382000,763.9999999957575,-2501742.642331591,-2001605.6806853565,300.6366273025233,13.9
382500,764.9999999957339,-2503732.7673930544,-2005164.9231352815,299.6934173506813,13.9
383000,765.9999999957103,-2504603.761339668,-2006519.5590100363,299.40269602982585,13.9
383500,766.9999999956866,-2505293.64468104,-2007547.085472959,299.19973584675745,13.9
384000,767.999999995663,-2503859.135806937,-2004539.0648382113,300.145587293497,13.9
384500,768.9999999956393,-2503737.426683588,-2004768.4794109105,299.9345238212066,13.9
385000,769.9999999956157,-2503790.253039697,-2005443.619162131,299.5604458894024,13.9
385500,770.999999995592,-2502652.734382864,-2002382.0708691068,300.71699664452075,13.9
386000,771.9999999955684,-2505693.78279767,-2006628.203415974,299.99261021267984,13.9
386500,772.9999999955447,-2500141.2470996566,-2001043.386168202,300.0120149297629,13.9
387000,773.9999999955211,-2502856.3750036377,-2004039.4588648856,299.8431365995986,13.9
387500,774.9999999954974,-2505049.8487361353,-2005741.2673209384,300.1386808240957,13.9
388000,775.9999999954738,-2501897.2023115493,-2003489.3360270825,299.5972532156028,13.9
388500,776.9999999954501,-2502317.489576647,-2001823.9396396903,300.85097558965134,13.9
389000,777.9999999954265,-2504955.339057019,-2005412.3492877951,300.2795857009004,13.9
389500,778.9999999954028,-2503039.5927609727,-2003720.9616594545,300.1447217769402,13.9
390000,779.9999999953792,-2500925.699031243,-2000220.243188681,300.9783540512571,13.9
390500,780.9999999953556,-2502820.7911787704,-2003668.0054484797,300.0450306985295,13.9
391000,781.9999999953319,-2503723.883806415,-2003859.6223457207,300.4727048766028,13.9
391500,782.9999999953083,-2503475.810692016,-2005519.1248776985,299.32604475621605,13.9
392000,783.9999999952846,-2503820.851537792,-2005413.1462064476,299.59715646529725,13.9
392500,784.999999995261,-2502938.7438523937,-2005586.7760969014,298.9625435323199,13.9
393000,785.9999999952373,-2501094.028126832,-2001001.4194637244,300.6099663430651,13.9
393500,786.9999999952137,-2501836.3142211977,-2006423.953028564,297.7966293526673,13.9
394000,787.99999999519,-2502296.453376893,-2004076.4053408187,299.4843540518283,13.9
394500,788.9999999951664,-2503838.474931635,-2004705.9144810913,300.03287310899765,13.9
395000,789.9999999951427,-2502006.3891784362,-2003266.8534781835,299.7966225527801,13.9
395500,790.9999999951191,-2502859.7305276785,-2005030.2585425647,299.2495754298297,13.9
396000,791.9999999950954,-2504379.324186802,-2006778.0518598375,299.1124026534929,13.9
396500,792.9999999950718,-2502451.7400842756,-2003081.1555710013,300.1759514193882,13.9
397000,793.9999999950481,-2501272.883750651,-2001530.9165495678,300.3991927457919,13.9
397500,794.9999999950245,-2501911.8080437705,-2001154.3286942588,301.0096258285286,13.9
398000,795.9999999950008,-2502836.950400984,-2004290.4538647695,299.68058505172684,13.9
398500,796.9999999949772,-2500455.5213651583,-2002779.4007204338,299.1573946207664,13.9
399000,797.9999999949536,-2504639.001702832,-2004344.1799258296,300.73151838424513,13.9
399500,798.9999999949299,-2502095.597972125,-2001489.2511220952,300.91877878380996,13.9
400000,799.9999999949063,-2503025.2921435703,-2003053.515371521,300.53733325456295,13.9
400500,800.9999999948826,-2502175.3450498357,-2003812.4306365543,299.5702322593839,13.9
401000,801.999999994859,-2504115.1884414516,-2003946.886684828,300.65546611230803,13.9
401500,802.9999999948353,-2505939.070257375,-2008590.1392975792,298.96071808831954,13.9
402000,803.9999999948117,-2501733.8240960203,-2004448.5909471447,298.9224287865679,13.9
402500,804.999999994788,-2501701.0067544207,-2002988.0197731156,299.78066388958246,13.9
403000,805.9999999947644,-2503917.6339628287,-2005820.8553303801,299.4102557535669,13.9
403500,806.9999999947407,-2504266.4264556635,-2005036.1705671567,300.09159867664096,13.9
404000,807.9999999947171,-2505234.862916883,-2006417.695748019,299.84328749595693,13.9
404500,808.9999999946934,-2505353.1417069975,-2004805.8354587406,300.88328897051485,13.9
405000,809.9999999946698,-2503245.5762821976,-2003425.058259439,300.44641031999925,13.9
405500,810.9999999946461,-2504158.14678709,-2004188.3365404634,300.5361511592255,13.9
406000,811.9999999946225,-2501151.6588059943,-2002446.242106401,299.77611332816423,13.9
406500,812.9999999945989,-2502675.6835636664,-2003499.4311060475,300.05913675006906,13.9
407000,813.9999999945752,-2502932.92474417,-2002597.8905814788,300.7556903949869,13.9
407500,814.9999999945516,-2500239.277589705,-2000827.1856668282,300.2009018801377,13.9
408000,815.9999999945279,-2502209.967444945,-2003860.9409261243,299.56188412662993,13.9
408500,816.9999999945043,-2502105.628541054,-2001807.8218530852,300.73331263988825,13.9
409000,817.9999999944806,-2499457.8631091546,-2001405.1861620299,299.38374585137836,13.9
409500,818.999999994457,-2502234.6966310255,-2002122.3862442018,300.6218092185657,13.9
410000,819.9999999944333,-2502956.645315388,-2003433.5533983503,300.2676249308905,13.9
410500,820.9999999944097,-2499598.482165007,-1999678.3927909515,300.5062635152745,13.9
411000,821.999999994386,-2500968.756994508,-2001090.1228072757,300.4813444460867,13.9
411500,822.9999999943624,-2504977.7919362504,-2003301.7673934042,301.56177124093733,13.9
412000,823.9999999943387,-2503211.2196759842,-2005504.8911630276,299.17555283005663,13.9
412500,824.9999999943151,-2503685.735356806,-2005657.376204777,299.369128215687,13.9
413000,825.9999999942914,-2500978.5490402076,-2001776.7443076374,300.07449644221407,13.9
413500,826.9999999942678,-2502400.461431233,-2002668.1129187285,300.39341086939584,13.9
414000,827.9999999942441,-2501856.6463877745,-2002997.083168226,299.86877212650046,13.9
414500,828.9999999942205,-2502852.4038680363,-2003836.363103681,299.96283212391495,13.9
415000,829.9999999941969,-2501182.5798038747,-2001865.648658429,300.1436999187306,13.9
415500,830.9999999941732,-2503402.800822811,-2004676.843606377,299.7884604094231,13.9
416000,831.9999999941496,-2502405.9445046484,-2003474.476427734,299.9119947544263,13.9
416500,832.9999999941259,-2501681.7986549735,-2003006.12347624,299.7582354442886,13.9
417000,833.9999999941023,-2504147.48140043,-2006060.4915000207,299.4043716625848,13.9
417500,834.9999999940786,-2505085.047788374,-2005868.120524179,300.0835867259817,13.9
418000,835.999999994055,-2502489.4689016975,-2005000.1579690082,299.04510169686665,13.9
418500,836.9999999940313,-2503947.7283412237,-2003701.9796336174,300.7020201403518,13.9
419000,837.9999999940077,-2501828.332719125,-2001185.2357511558,300.9408695956427,13.9
419500,838.999999993984,-2502172.4663807843,-2002524.6158172633,300.34261842583635,13.9
420000,839.9999999939604,-2503385.8560553193,-2004014.2386927078,300.1765722740042,13.9
420500,840.9999999939367,-2501459.7956966218,-2002108.8701683164,300.1641342345158,13.9
421000,841.9999999939131,-2501226.785801744,-2001139.2020380264,300.606945832843,13.9
421500,842.9999999938894,-2501980.60620177,-2002007.4851396226,300.5381413188977,13.9
422000,843.9999999938658,-2501173.6961785927,-2001964.7757773073,300.0787737318518,13.9
422500,844.9999999938422,-2504277.2513308693,-2006615.4842074823,299.14876659569387,13.9
423000,845.9999999938185,-2500956.180029677,-2001763.265228754,300.06915262787476,13.9
423500,846.9999999937949,-2499680.3027250357,-2001013.8353266814,299.75270056834376,13.9
424000,847.9999999937712,-2503081.5061713923,-2002764.5573889168,300.7448191174599,13.9
424500,848.9999999937476,-2500227.8322312366,-2001857.681609679,299.57458200638814,13.9
425000,849.9999999937239,-2503888.241391655,-2003906.975048966,300.5430375170561,13.9
425500,850.9999999937003,-2501010.010881869,-2002234.8374611537,299.8180446929262,13.9
426000,851.9999999936766,-2502210.097804673,-2003479.7318472057,299.79111054155993,13.9
426500,852.999999993653,-2502217.4854334593,-2002413.8042017454,300.4362895801569,13.9
427000,853.9999999936293,-2500042.27101619,-2000515.2059082002,300.2700132501289,13.9
427500,854.9999999936057,-2504045.970278617,-2006131.0820773768,299.30091985166297,13.9
428000,855.999999993582,-2501038.950029291,-2003037.9468133156,299.3526843273476,13.9
428500,856.9999999935584,-2501993.331725199,-2004498.7874448085,299.04824750716045,13.9
429000,857.9999999935347,-2499867.799846275,-2001236.8592906678,299.7313450777456,13.9
429500,858.9999999935111,-2502306.502235817,-2002499.3122772945,300.4383987060059,13.9
430000,859.9999999934874,-2503217.796180535,-2004220.0670222268,299.9518248600959,13.9
430500,860.9999999934638,-2504789.1187521927,-2004929.6788449946,300.46980659934553,13.9
431000,861.9999999934402,-2501561.0568090007,-2002399.7721503722,300.05013947741844,13.9
431500,862.9999999934165,-2501725.173777394,-2002060.5564279447,300.35269708500124,13.9
432000,863.9999999933929,-2501196.292645404,-2003755.9171670843,299.0156861745491,13.9
432500,864.9999999933692,-2502928.0199919324,-2005568.356713774,298.9671693771527,13.9
433000,865.9999999933456,-2503135.2227642927,-2004319.49065263,299.84242487073607,13.9
433500,866.9999999933219,-2503367.484703699,-2003672.1997647602,300.3711316366915,13.9
434000,867.9999999932983,-2500022.597729638,-2000785.9968051626,300.09541273230985,13.9
434500,868.9999999932746,-2500250.894138368,-2002539.9234744566,299.1783432669037,13.9
435000,869.999999993251,-2502359.7680020127,-2003584.283794912,299.8182315092943,13.9
435500,870.9999999932273,-2502600.1334882993,-2004537.056645238,299.38999731823327,13.9
436000,871.9999999932037,-2504088.81369617,-2005703.088663461,299.583943918824,13.9
436500,872.99999999318,-2502686.6799715925,-2004279.7626527164,299.5966827842281,13.9
437000,873.9999999931564,-2503190.979318578,-2003330.6149146804,300.47036232225935,13.9
437500,874.9999999931327,-2504517.8139426373,-2004786.9945674734,300.3924916917944,13.9
438000,875.9999999931091,-2501934.7472499255,-2002508.2059452797,300.2095875277399,13.9
438500,876.9999999930855,-2503705.7061675303,-2004249.494980212,300.227422349285,13.9
439000,877.9999999930618,-2504936.20414442,-2005229.0103275243,300.37829016561153,13.9
439500,878.9999999930382,-2502978.412054917,-2002742.7192496802,300.6959754509874,13.9
440000,879.9999999930145,-2503300.535991255,-2004468.5173875298,299.8522148211292,13.9
440500,880.9999999929909,-2502373.538425291,-2002919.3883969607,300.2261833688977,13.9
441000,881.9999999929672,-2498492.258386679,-1999127.0453627375,300.17272257097176,13.9
441500,882.9999999929436,-2502636.3317160103,-2005125.9158563775,299.0577880498906,13.9
442000,883.9999999929199,-2502520.2689953893,-2002513.5606076352,300.558330949069,13.9
442500,884.9999999928963,-2502472.2254424803,-2003480.2022114685,299.94839497814434,13.9
443000,885.9999999928726,-2502198.7117005996,-2002552.2257103059,300.34179816913837,13.9
443500,886.999999992849,-2504270.089254936,-2002341.2255333308,301.7137550449376,13.9
444000,887.9999999928253,-2504726.069244107,-2005881.4704381959,299.8597768888148,13.9
444500,888.9999999928017,-2502286.233656749,-2003890.918566903,299.58970858461413,13.9
445000,889.999999992778,-2503153.4549076576,-2004295.611387665,299.86773840031327,13.9
445500,890.9999999927544,-2504947.0366315544,-2004723.0044150907,300.6889661708303,13.9
446000,891.9999999927307,-2503238.873276392,-2004776.1371935483,299.6302359231206,13.9
446500,892.9999999927071,-2504372.1436666604,-2006346.7849070975,299.36732465398165,13.9
447000,893.9999999926835,-2502937.9136129823,-2004356.390649204,299.7016397384564,13.9
447500,894.9999999926598,-2501714.0073999744,-2000045.293921106,301.5573764975273,13.9
448000,895.9999999926362,-2503037.339111682,-2003063.8620170034,300.5383553331132,13.9
448500,896.9999999926125,-2502449.6780389026,-2002911.1094892374,300.2769280678147,13.9
449000,897.9999999925889,-2503132.1511192415,-2003260.444426973,300.4771802693084,13.9
449500,898.9999999925652,-2500142.6406043544,-2000799.2176369098,300.15962438068334,13.9
450000,899.9999999925416,-2501466.2858900297,-2004013.5475220473,299.02311761380844,13.9
450500,900.9999999925179,-2501535.279911706,-2001296.6369002187,300.6977488453275,13.9
451000,901.9999999924943,-2502209.0691384096,-2001503.8052984038,300.97823863686995,13.9
451500,902.9999999924706,-2501572.5247918162,-2003012.0367775098,299.68899544949215,13.9
452000,903.999999992447,-2501456.5454239044,-2002493.3191345714,299.9310848889352,13.9
452500,904.9999999924233,-2502259.1303986777,-2001647.0431791695,300.9222293692533,13.9
453000,905.9999999923997,-2503341.5198402833,-2003461.9757842273,300.4818913760586,13.9
453500,906.999999992376,-2502412.539120801,-2002567.7656729536,300.4609904645428,13.9
454000,907.9999999923524,-2501466.738005068,-2004636.2339131888,298.64908724112036,13.9
454500,908.9999999923288,-2503732.2945284788,-2005205.3544164798,299.6688295170053,13.9
455000,909.9999999923051,-2502746.5036123525,-2005240.650515535,299.0550453339364,13.9
455500,910.9999999922815,-2503514.287412841,-2002624.0157933955,301.08944840359544,13.9
456000,911.9999999922578,-2506412.059942832,-2007668.0915853828,299.7992870611285,13.9
456500,912.9999999922342,-2500948.567409102,-2001042.0033129393,300.4981333544568,13.9
457000,913.9999999922105,-2499233.295929119,-2000384.549122019,299.86227028798953,13.9
457500,914.9999999921869,-2501618.1098554544,-2002682.678452033,299.9143771440622,13.9
458000,915.9999999921632,-2497995.564175222,-1999673.1368395612,299.5458951289604,13.9
458500,916.9999999921396,-2499293.418968804,-1998100.5839882498,301.27132184108297,13.9
459000,917.9999999921159,-2501627.0983765647,-2001512.7309781262,300.6230457059314,13.9
459500,918.9999999920923,-2501361.010726709,-2000318.0592505576,301.1812255780439,13.9
460000,919.9999999920686,-2498894.564468868,-1999700.0303483552,300.07012601480136,13.9
460500,920.999999992045,-2501927.861355096,-2003894.0533514272,299.37240356725147,13.9
461000,921.9999999920213,-2500212.7468688134,-2004206.932479548,298.15335917105557,13.9
461500,922.9999999919977,-2501043.7905505784,-2003948.5228763095,298.80823890665636,13.9
462000,923.999999991974,-2500766.575595297,-2004036.4776153709,298.58873226403796,13.9
462500,924.9999999919504,-2501465.040468134,-2000557.8514982224,301.09961756839846,13.9
463000,925.9999999919268,-2500148.1407552324,-2000716.6227986738,300.21257903598877,13.9
463500,926.9999999919031,-2502828.6326310504,-2004586.8953113833,299.4973916666578,13.9
464000,927.9999999918795,-2501281.269069586,-2004115.270659661,298.8507557599285,13.9
464500,928.9999999918558,-2501844.482672142,-2003001.4651682584,299.85882635457136,13.9
465000,929.9999999918322,-2503585.0948731117,-2003097.2936618412,300.84751998121993,13.9
465500,930.9999999918085,-2501034.656038752,-2001465.195956437,300.2954972336636,13.9
466000,931.9999999917849,-2499982.6430186685,-2000283.2795458585,300.37358327846437,13.9
466500,932.9999999917612,-2499978.904241992,-2001293.169328162,299.7642824375383,13.9
467000,933.9999999917376,-2502084.9145056326,-2002286.5666285418,300.43308365484245,13.9
467500,934.9999999917139,-2502369.0891945604,-2003707.248379896,299.74991948911327,13.9
468000,935.9999999916903,-2502977.1675829925,-2004663.4163979203,299.54067982025305,13.9
468500,936.9999999916666,-2504279.589044934,-2005919.9996915846,299.5682335372734,13.9
469000,937.999999991643,-2500555.6033876464,-2002637.9808490027,299.3025634853831,13.9
469500,938.9999999916193,-2501152.2963569313,-2001398.3351517085,300.4064024447922,13.9
470000,939.9999999915957,-2501638.42964139,-2001490.2479141518,300.64337178967344,13.9
470500,940.999999991572,-2503688.993462514,-2004895.4609167376,299.8290805208332,13.9
471000,941.9999999915484,-2498845.7660154495,-1999404.058113473,300.2187042997821,13.9
471500,942.9999999915248,-2503016.6136734467,-2003498.158724709,300.2648376093814,13.9
472000,943.9999999915011,-2504741.071704123,-2007147.7493178947,299.1076238757713,13.9
472500,944.9999999914775,-2499904.4955382925,-2000970.0487235459,299.9137852993453,13.9
473000,945.9999999914538,-2503162.1314137317,-2003751.0311522773,300.2003057839316,13.9
473500,946.9999999914302,-2501180.579006549,-2002739.311733752,299.617330836835,13.9
474000,947.9999999914065,-2502152.8716632295,-2003401.6658297374,299.803637570198,13.9
474500,948.9999999913829,-2504957.6362030376,-2004404.156826985,300.8869996907029,14
475000,949.9999999913592,-2502673.588571502,-2003075.1300345152,300.31292845406546,14
475500,950.9999999913356,-2503668.7409823965,-2005307.5899040871,299.5691723035729,14
476000,951.9999999913119,-2502379.320582213,-2003258.7014595727,300.02569507413585,14
476500,952.9999999912883,-2503146.36924652,-2004098.3587770252,299.98204938851654,14
477000,953.9999999912646,-2503674.30462634,-2003271.228952047,300.7965907325609,14
477500,954.999999991241,-2500756.6005916353,-2002439.9809114004,299.5424040973558,14
478000,955.9999999912174,-2500911.940887943,-2001062.4221939398,300.4638428728018,14
478500,956.9999999911937,-2503036.5655691475,-2004636.4443077885,299.592597615629,14
479000,957.9999999911701,-2502815.246737005,-2002060.6048949945,301.00792017837574,14
479500,958.9999999911464,-2503810.2056469657,-2004169.0174732592,300.3386136060425,14
480000,959.9999999911228,-2502742.1712917946,-2003739.7350092789,299.954654352924,14
480500,960.9999999910991,-2498846.0852598995,-1998370.019971096,300.84046541733187,14
481000,961.9999999910755,-2502438.9758239873,-2003810.3436761922,299.7299574739645,14
481500,962.9999999910518,-2503496.1020239927,-2005702.590179281,299.227959480286,14
482000,963.9999999910282,-2503547.188442366,-2006695.5689183588,298.66177990890105,14
482500,964.9999999910045,-2501971.96747246,-2002198.6048968523,300.41806477532333,14
483000,965.9999999909809,-2501906.692375738,-2004057.3832929907,299.2614996797559,14
483500,966.9999999909572,-2503603.9722909015,-2004487.1175594262,300.0234322662442,14
484000,967.9999999909336,-2500781.165438652,-2002578.6704818415,299.47380274497976,14
484500,968.9999999909099,-2502031.0314827003,-2002941.1022245158,300.00724713277197,14
485000,969.9999999908863,-2500445.641529197,-2003490.203729568,298.72418596689863,14
485500,970.9999999908626,-2502590.995959198,-2003098.4826123212,300.2492438894839,14
486000,971.999999990839,-2503193.463561129,-2003831.0753948935,300.17102452471937,14
486500,972.9999999908154,-2502554.562943725,-2003295.0871682928,300.10916300187404,14
487000,973.9999999907917,-2502573.7454157043,-2005129.968166492,299.01773100827745,14
487500,974.9999999907681,-2502799.571330147,-2004646.8688285318,299.4438720720981,14
488000,975.9999999907444,-2503342.7010427862,-2005035.2513630472,299.5368919312236,14
488500,976.9999999907208,-2503969.4179230817,-2007653.4345783256,298.33980439671075,14
489000,977.9999999906971,-2502542.694487326,-2003768.7713926984,299.81729311116584,14
489500,978.9999999906735,-2500550.951580927,-2001669.0909763132,299.88217527635277,14
490000,979.9999999906498,-2502081.5021501593,-2004097.3137893965,299.34257677332255,14
490500,980.9999999906262,-2501463.9087579176,-2003212.3694488364,299.5032837267618,14
491000,981.9999999906025,-2503253.104893055,-2005812.6808200595,299.0157153852262,14
491500,982.9999999905789,-2503064.2894921843,-2003861.1280944475,300.07531194530895,14
492000,983.9999999905552,-2502877.0386990923,-2003848.3151905723,299.9704558304653,14
492500,984.9999999905316,-2504341.443979496,-2004243.8865663374,300.6129410792649,14
493000,985.999999990508,-2503696.1167583745,-2004424.411259898,300.1165143935345,14
493500,986.9999999904843,-2501028.289045576,-2000917.0604605721,300.6211589381915,14
494000,987.9999999904607,-2502155.764682146,-2002932.7515624189,300.08724498606153,14
494500,988.999999990437,-2500728.7769685816,-2001235.3097699475,300.2498172579753,14
495000,989.9999999904134,-2503065.5347399767,-2004005.5426573274,299.9892516391891,14
495500,990.9999999903897,-2502601.450777661,-2001728.5803201268,301.0789884155736,14
496000,991.9999999903661,-2500742.872615056,-2002279.9039654192,299.63037572101933,14
496500,992.9999999903424,-2499012.438209228,-2000028.658173908,299.9434399223478,14
497000,993.9999999903188,-2500993.5961825904,-2002403.3609741475,299.706876743623,14
497500,994.9999999902951,-2501645.989153819,-2003378.1769299482,299.5130655157397,14
498000,995.9999999902715,-2501531.2106025144,-2000989.3490533598,300.88001611507656,14
498500,996.9999999902478,-2502514.955689013,-2003697.9351333429,299.8431993655057,14
499000,997.9999999902242,-2502933.80919113,-2004173.2123529182,299.8092825838691,14
499500,998.9999999902005,-2503379.0485554747,-2004521.3635905434,299.8676430915028,14
500000,999.9999999901769,-2501516.6374572646,-2003300.4870392554,299.48201116010165,14
