#"Step","Time (ps)","Potential Energy (kJ/mole)","Total Energy (kJ/mole)","Temperature (K)","Speed (ns/day)"
500,1.0000000000000007,-2472299.8721651565,-1971524.4406123464,299.9141982725276,0
1000,2.0000000000000013,-2478230.169966055,-1976523.3092747596,300.4720307972788,14.6
1500,2.999999999999891,-2485787.3865808174,-1985835.8215752929,299.42078493903676,14.1
2000,3.999999999999781,-2486990.3775168024,-1985396.6237154047,300.40429112782743,14.1
2500,4.999999999999671,-2488386.3077237327,-1987009.6797137132,300.2742545814186,14.1
3000,5.999999999999561,-2494711.696454361,-1994658.537431916,299.4816295536369,14.2
3500,6.999999999999451,-2494497.434035443,-1992276.2334507967,300.7800687460965,14.1
4000,7.999999999999341,-2493904.5246722903,-1992668.421202032,300.19009449283476,14.2
4500,8.999999999999675,-2496846.5694444776,-1997919.5799568144,298.80716708630746,14.2
5000,10.000000000000009,-2495706.5494995937,-1996218.7199779572,299.1430539500593,14.2
5500,11.000000000000343,-2496136.8811879717,-1995120.178759438,300.0586952999372,14.2
6000,12.000000000000677,-2498548.5767557397,-1996213.3539955933,300.84835657971564,14.2
6500,13.00000000000101,-2497926.770098632,-1995617.330346012,300.832915147201,14.1
7000,14.000000000001345,-2498665.7347408123,-1998119.7935524045,299.77675658846255,14.1
7500,15.000000000001679,-2501752.7718218192,-2001496.2868618958,299.6034013732682,14.1
8000,16.00000000000201,-2500366.9823026396,-2000634.566127175,299.2895367956006,14.1
8500,17.000000000001457,-2498876.996094482,-1996382.2360171792,300.94390341279643,14.1
9000,18.000000000000902,-2499833.012426708,-1999554.5054161937,299.6165903702339,14.1
9500,19.000000000000348,-2500982.892181892,-2000498.7331825718,299.7397552610405,14.1
10000,19.999999999999794,-2502592.797701752,-2003281.3960223754,299.03739138849886,14.1
10500,20.99999999999924,-2503096.366202362,-2002789.8211525735,299.6333823403271,14.1
11000,21.999999999998685,-2503866.3458822016,-2003206.5562732313,299.84494036032146,14.1
11500,22.99999999999813,-2502471.7194586378,-2000454.6592123832,300.657809182096,14.1
12000,23.999999999997577,-2503647.9164750855,-2002411.5872493498,300.1902296976965,14.1
12500,24.999999999997023,-2500784.2222757917,-1999731.6101059772,300.0802016290975,14.1
13000,25.99999999999647,-2500231.507232042,-1997815.992231622,300.89644356911623,14.1
13500,26.999999999995914,-2504129.6725838855,-2002885.4315839275,300.19496805599704,14.1
14000,27.99999999999536,-2504619.353202386,-2004258.1600945792,299.66611103961026,14.1
14500,28.999999999994806,-2506216.9138027094,-2006174.7975902893,299.4750160192928,14.1
15000,29.99999999999425,-2505483.0781853218,-2006388.851284401,298.9073255037497,14.1
15500,30.999999999993697,-2503562.6779423766,-2003067.3147705826,299.74646543528854,14.1
16000,31.999999999993143,-2506459.8874455467,-2004098.296336059,300.8641485732005,14.1
16500,32.999999999994365,-2502181.3650401067,-2001453.9342354995,299.885450644336,14.1
17000,33.99999999999559,-2503888.5691100955,-2002757.9922743237,300.12689463520536,14.1
17500,34.99999999999681,-2506309.301117584,-2005116.3034748575,300.16427843060313,14.1
18000,35.99999999999803,-2505373.9967305698,-2003749.5127256673,300.4226954339617,14.1
18500,36.999999999999254,-2505309.9251328353,-2002337.2698764768,301.23011463733746,14
19000,38.000000000000476,-2508932.362449765,-2009824.866970864,298.9152720495996,14
19500,39.0000000000017,-2505249.3579870276,-2004625.8438776785,299.8232149786428,14
20000,40.00000000000292,-2507869.0191919524,-2005195.0763773627,301.0512158798458,14
20500,41.00000000000414,-2503967.7681601755,-2002875.591357705,300.10389687118675,14
21000,42.000000000005365,-2506034.7072788104,-2006157.5587745514,299.37621692729135,14
21500,43.00000000000659,-2507249.472163599,-2006243.0619229693,300.05253131286975,14
22000,44.00000000000781,-2507869.0513659604,-2007032.619977,299.9507310490998,14
22500,45.00000000000903,-2503946.9337220322,-2001993.9964704164,300.6194059472004,14
23000,46.00000000001025,-2504846.9190164227,-2004956.6836912571,299.3840546189048,14
23500,47.000000000011475,-2509271.5762843806,-2008765.3178019186,299.752990632329,14
24000,48.0000000000127,-2508090.6921469644,-2007034.7718552873,300.08218286190896,14
24500,49.00000000001392,-2506669.245284049,-2006864.047652143,299.3331255796789,14
25000,50.00000000001514,-2506877.3483473714,-2006828.313133771,299.4791598062301,14
25500,51.000000000016364,-2508906.973989483,-2006322.8278229004,300.9974367045954,14
26000,52.000000000017586,-2508154.6844601333,-2006369.1022603752,300.51917707604923,14
26500,53.00000000001881,-2508012.896548189,-2004666.0911209944,301.45419301948164,13.9
27000,54.00000000002003,-2507956.938400382,-2006070.2571810235,300.57972523695963,13.9
27500,55.00000000002125,-2505849.187832825,-2006444.682153962,299.09315133517873,13.9
28000,56.000000000022474,-2508964.943023054,-2006364.2505140658,301.0073463021998,13.9
28500,57.0000000000237,-2508673.044172697,-2009509.0606244681,298.94910273089255,13.9
29000,58.00000000002492,-2506013.509272095,-2005947.3181539967,299.48943447031866,13.9
29500,59.00000000002614,-2510209.7814678736,-2009944.8692701843,299.60844844247123,13.9
30000,60.00000000002736,-2510010.563509362,-2008250.30304154,300.50401190129406,13.9
30500,61.000000000028585,-2510247.327508077,-2009273.3560884004,300.0331037164543,13.9
31000,62.00000000002981,-2509633.5294469856,-2009610.8256546857,299.46338992893345,13.9
31500,63.00000000003103,-2511114.4407406375,-2010560.210543887,299.7817208721213,13.9
32000,64.00000000003224,-2508612.7682520915,-2006052.7385664894,300.98299335413793,13.9
32500,65.00000000002991,-2508066.892949421,-2006903.2992619092,300.14666841401953,13.9
33000,66.00000000002758,-2509515.171255566,-2008659.7751221252,299.962089026704,13.9
33500,67.00000000002525,-2507216.6702876016,-2005291.6351767255,300.6026953666831,13.9
34000,68.00000000002292,-2510211.922004776,-2009836.2839947422,299.67476208556343,13.9
34500,69.00000000002059,-2513476.8837238345,-2013766.8710870817,299.2761193255575,13.9
35000,70.00000000001826,-2510711.940462079,-2008300.3866746563,300.89407120029495,13.9
35500,71.00000000001593,-2510765.8890493996,-2010850.7320958595,299.3989801718027,13.8
36000,72.0000000000136,-2513847.218579851,-2011684.5404485536,300.74501967305673,13.9
36500,73.00000000001127,-2511608.686726585,-2010430.015480876,300.15569835737085,13.8
37000,74.00000000000894,-2511306.8734341413,-2008820.7368332446,300.9387388163531,13.8
37500,75.00000000000661,-2511811.586803999,-2009112.3159029775,301.06638486030556,13.9
38000,76.00000000000428,-2511894.983066611,-2011424.6394421435,299.73148123877087,13.9
38500,77.00000000000195,-2509398.8066084683,-2008051.1863763528,300.2568818352621,13.9
39000,77.99999999999962,-2509203.496381065,-2008277.1324018643,300.0045916400972,13.9
39500,78.99999999999729,-2508554.3670821097,-2007564.474464446,300.0426389153257,13.9
40000,79.99999999999496,-2510068.041360695,-2009044.056446423,300.06305677762555,13.9
40500,80.99999999999262,-2509138.460487375,-2009400.953934285,299.2925854206493,13.9
41000,81.9999999999903,-2510017.698816508,-2009514.0657801065,299.7514182537723,13.9
41500,82.99999999998796,-2510281.4361707773,-2006922.229120787,301.4616203462306,13.9
42000,83.99999999998563,-2512822.1488260124,-2013002.9571584724,299.34150660181655,13.9
42500,84.9999999999833,-2510779.2485275157,-2009883.594885056,299.98619923215955,13.9
43000,85.99999999998097,-2508429.653897645,-2007438.2534644725,300.04354194540866,13.9
43500,86.99999999997864,-2509556.7650487833,-2008715.6464927848,299.9535381914949,13.9
44000,87.99999999997631,-2510467.380144205,-2011310.8040337698,298.94466641947,13.9
44500,88.99999999997398,-2510185.1120096873,-2010381.146054984,299.33238792871305,13.9
45000,89.99999999997165,-2509649.1146514416,-2008563.575178698,300.099921777166,13.9
45500,90.99999999996932,-2513973.702716971,-2011432.1923037851,300.9719021695682,13.9
46000,91.99999999996699,-2509116.0714397356,-2008524.0667390141,299.80434400688347,13.9
46500,92.99999999996466,-2512027.2176340967,-2012071.2166172545,299.4234416643752,13.9
47000,93.99999999996233,-2510846.702974338,-2011225.2768762729,299.22306488427654,13.9
47500,94.99999999996,-2509670.315755984,-2010052.0080286388,299.2211972933455,13.9
48000,95.99999999995767,-2510907.7716493383,-2011107.4988715919,299.3301760865652,13.9
48500,96.99999999995534,-2510613.446934551,-2009475.1901573336,300.131494148952,13.9
49000,97.999999999953,-2512068.7206160706,-2009568.8499195098,300.9469641605505,13.9
49500,98.99999999995067,-2509519.1972351596,-2008693.4465401769,299.94433438590596,13.9
50000,99.99999999994834,-2511253.446559068,-2009250.3475833246,300.6494477829769,13.9
50500,100.99999999994601,-2509733.005021712,-2008201.2993118684,300.3671305515284,13.8
51000,101.99999999994368,-2510773.801673373,-2009350.2422186146,300.3023618042092,13.8
51500,102.99999999994135,-2512681.0898655113,-2011446.5281752318,300.1891711214449,13.8
52000,103.99999999993902,-2512214.694804549,-2010497.738139622,300.4780772716998,13.8
52500,104.99999999993669,-2512176.3918591756,-2012353.8599901437,299.34350704710477,13.8
53000,105.99999999993436,-2510249.688063115,-2011092.2024723417,298.9452111068675,13.9
53500,106.99999999993203,-2509452.2289718986,-2008919.1222635587,299.76907002367267,13.9
54000,107.9999999999297,-2511713.9278785586,-2010948.017307618,299.9084961604345,13.9
54500,108.99999999992737,-2510497.6609599013,-2009300.6709758786,300.16666944214955,13.9
55000,109.99999999992504,-2510667.130856728,-2010554.165575983,299.5174474969296,13.9
55500,110.99999999992271,-2510354.4838983733,-2010748.7090193466,299.21369137568524,13.9
56000,111.99999999992038,-2510966.396545399,-2007965.9061074238,301.2467851160638,13.8
56500,112.99999999991805,-2511025.605595555,-2012786.5794181281,298.39514614512314,13.8
57000,113.99999999991572,-2511611.1839936003,-2009932.5622525164,300.4551185017085,13.8
57500,114.99999999991338,-2507962.9868679773,-2006384.4130667504,300.3951998320205,13.8
58000,115.99999999991105,-2508135.6849117745,-2008307.2353005507,299.34705118044917,13.8
58500,116.99999999990872,-2507996.1135833003,-2008084.5179007757,299.3968473280685,13.8
59000,117.9999999999064,-2511005.75117789,-2008392.2142681924,301.015038808458,13.8
59500,118.99999999990406,-2511191.280076172,-2009980.219257175,300.17509645938026,13.8
60000,119.99999999990173,-2509630.297918929,-2009922.493226299,299.2747969887377,13.8
60500,120.9999999998994,-2512858.921858676,-2012059.4465309214,299.92859807937015,13.8
61000,121.99999999989707,-2510465.519508235,-2012790.150509031,298.0575720948486,13.8
61500,122.99999999989474,-2510605.7593720853,-2010249.731418937,299.6630176306275,13.8
62000,123.99999999989241,-2509682.6002547797,-2009459.248566625,299.58355787054717,13.8
62500,124.99999999989008,-2507235.8184028473,-2006359.9899891783,299.9743259108587,13.8
63000,125.99999999988775,-2510250.930186169,-2007076.9177123469,301.35070739136853,13.8
63500,126.99999999988542,-2509217.534455903,-2008202.7760374902,300.05753103308183,13.8
64000,127.99999999988309,-2505228.706338359,-2005389.1555105285,299.353699694471,13.8
64500,128.99999999988785,-2510678.306903729,-2010230.514887805,299.717975089767,13.8
65000,129.99999999989262,-2513107.881284101,-2011182.5476049574,300.6028741790946,13.8
65500,130.9999999998974,-2511402.37643688,-2012495.6806441322,298.79501320083887,13.8
66000,131.99999999990217,-2510728.2605862245,-2008855.5748320618,300.571343358658,13.8
66500,132.99999999990695,-2512163.850059079,-2011519.4456939488,299.8357261441663,13.8
67000,133.99999999991172,-2510866.5699999277,-2009464.9900605886,300.2891982815398,13.8
67500,134.9999999999165,-2510962.8666805085,-2010241.552385718,299.8817874691434,13.8
68000,135.99999999992127,-2512367.2640975453,-2011273.159288399,300.1050515535854,13.8
68500,136.99999999992605,-2510829.826779129,-2007696.5344472136,301.3263201152681,13.8
69000,137.99999999993082,-2511496.8645704966,-2010099.4753582012,300.2866884568514,13.8
69500,138.9999999999356,-2511614.594645852,-2011496.9165114774,299.52027002301384,13.8
70000,139.99999999994037,-2509611.11617749,-2011116.047395228,298.5484899549714,13.8
70500,140.99999999994515,-2509889.993449554,-2011043.7642877891,298.75879976062026,13.8
71000,141.99999999994992,-2508436.310316179,-2007439.8913434404,300.0465475466735,13.8
71500,142.9999999999547,-2508027.7811513767,-2006146.5277851198,300.576474497988,13.8
72000,143.99999999995947,-2511604.3882213347,-2010138.630525605,300.32763431322604,13.8
72500,144.99999999996425,-2509316.2609860953,-2007769.1182379273,300.3763757873789,13.8
73000,145.99999999996902,-2511051.490490295,-2009570.3276369297,300.336860455745,13.8
73500,146.9999999999738,-2512559.593026599,-2011670.7456317362,299.9821229732963,13.8
74000,147.99999999997857,-2509725.9302724525,-2008220.5981061636,300.3513354472314,13.8
74500,148.99999999998334,-2509286.365045702,-2008783.685024908,299.7508474931202,13.8
75000,149.99999999998812,-2511739.1194657777,-2010476.2973527205,300.206096276926,13.8
75500,150.9999999999929,-2508283.656149002,-2007571.3114384087,299.87641558888754,13.8
76000,151.99999999999767,-2509729.151869785,-2007651.788227584,300.69392486091897,13.8
76500,153.00000000000244,-2510866.875013465,-2011142.534865432,299.28470006612116,13.8
77000,154.00000000000722,-2509223.044402728,-2009602.1236356036,299.2227622417855,13.8
77500,155.000000000012,-2507272.5187363774,-2005561.494843326,300.47452413708373,13.8
78000,156.00000000001677,-2507682.723101096,-2008891.2214363662,298.7260234853431,13.8
78500,157.00000000002154,-2510008.453562526,-2009854.8375307452,299.5417932148659,13.8
79000,158.00000000002632,-2509864.159560263,-2009101.3239767195,299.9066545517577,13.8
79500,159.0000000000311,-2509931.4908010494,-2009189.6717401217,299.89406776507906,13.8
80000,160.00000000003587,-2510081.3932081647,-2008692.3219416398,300.28170684257924,13.8
80500,161.00000000004064,-2510612.8896295633,-2009360.3046358225,300.1999652704131,13.8
81000,162.00000000004542,-2508732.0767178517,-2007273.0338797867,300.3236127877554,13.8
81500,163.0000000000502,-2510568.0636030734,-2011104.9977070475,299.1282230249512,13.8
82000,164.00000000005497,-2511345.9616071936,-2010162.780906066,300.1583990683508,13.8
82500,165.00000000005974,-2511206.86881759,-2011758.0956041624,299.1196631432707,13.8
83000,166.00000000006452,-2508611.0889506657,-2007406.002846024,300.17151820543063,13.8
83500,167.0000000000693,-2509916.721727876,-2009168.677127202,299.89779623825126,13.8
84000,168.00000000007407,-2506615.0514045376,-2004413.0552632653,300.7685672129245,13.8
84500,169.00000000007884,-2511907.310370641,-2009187.4204328842,301.07873359285503,13.8
85000,170.00000000008362,-2513559.600304894,-2011138.6654607912,300.8996895112503,13.8
85500,171.0000000000884,-2510247.1806513444,-2009298.7318559329,300.0178182273668,13.8
86000,172.00000000009317,-2511573.763713492,-2011017.035179004,299.78321712555623,13.8
86500,173.00000000009794,-2511850.103697192,-2011076.6015970416,299.91304272412975,13.8
87000,174.00000000010272,-2511580.0727795213,-2012032.7533148092,299.1786824522953,13.8
87500,175.0000000001075,-2512938.9824872613,-2010093.3049556203,301.1540677306651,13.8
88000,176.00000000011227,-2513142.7947811913,-2012764.7979080128,299.6761748077226,13.8
88500,177.00000000011704,-2511043.9849075954,-2009756.401015166,300.22092609632284,13.8
89000,178.00000000012182,-2514099.9480266627,-2011991.0201144875,300.71282868911595,13.8
89500,179.0000000001266,-2511617.205374388,-2010951.5526973149,299.8484517493768,13.8
90000,180.00000000013137,-2513994.5172202755,-2013602.5749929734,299.6845266745237,13.8
90500,181.00000000013614,-2509779.049591096,-2007893.3254541962,300.579152040672,13.8
91000,182.00000000014091,-2511111.851725921,-2009912.660427795,300.16798780825314,13.8
91500,183.0000000001457,-2514435.8393183127,-2014462.4621781004,299.43384821745525,13.8
92000,184.00000000015046,-2512147.631703904,-2012304.6923187457,299.3557291000493,13.8
92500,185.00000000015524,-2510892.6718702577,-2011189.965239735,299.2717437614561,13.8
93000,186.00000000016001,-2510221.159853505,-2008578.8230921004,300.43338744242675,13.8
93500,187.0000000001648,-2510997.876989428,-2008982.7394095054,300.6566576980272,13.8
94000,188.00000000016956,-2510525.2706507985,-2007928.9847142906,301.00470720776894,13.8
94500,189.00000000017434,-2511449.002728097,-2010848.214227457,299.80960462101194,13.8
95000,190.0000000001791,-2511100.194920538,-2010345.3204751657,299.9018866294085,13.8
95500,191.0000000001839,-2511090.5466152467,-2008769.450384745,300.83989620697014,13.8
96000,192.00000000018866,-2511196.429386005,-2011090.2980638947,299.5133546419374,13.8
96500,193.00000000019344,-2509173.993208507,-2007738.6980458272,300.309390314816,13.8
97000,194.0000000001982,-2511041.809449967,-2009360.9483330022,300.4564596629949,13.8
97500,195.000000000203,-2509123.904428402,-2008076.7873114594,300.07691064421147,13.8
98000,196.00000000020776,-2509338.1920881383,-2007737.9480244063,300.40817814324765,13.8
98500,197.00000000021254,-2513102.314466344,-2011114.0834424123,300.6405433728031,13.8
99000,198.0000000002173,-2515734.5505070947,-2013794.4709789273,300.61170546195945,13.8
99500,199.0000000002221,-2512718.8399940785,-2011011.4138840572,300.4723694263191,13.8
100000,200.00000000022686,-2510605.0789254066,-2009435.514080566,300.1502445376675,13.8
100500,201.00000000023164,-2510577.8155108485,-2006615.238648812,301.8229782764321,13.8
101000,202.0000000002364,-2512284.8596109767,-2009357.9978366527,301.2026889399388,13.8
101500,203.0000000002412,-2510003.224649323,-2007642.6200917233,300.86355772768405,13.8
102000,204.00000000024596,-2510793.4852819405,-2011302.442549528,299.14497834066043,13.8
102500,205.00000000025074,-2512930.7819559593,-2012118.9746642238,299.93598368748394,13.8
103000,206.0000000002555,-2510460.06263417,-2011298.3379915468,298.9477498732623,13.8
103500,207.0000000002603,-2511230.41281968,-2011015.1513679707,299.578712631295,13.8
104000,208.00000000026506,-2511563.211754393,-2011692.5459475077,299.3723344425227,13.8
104500,209.00000000026984,-2513502.312051611,-2011648.6992610958,300.5599205686396,13.8
105000,210.0000000002746,-2515078.008850815,-2014479.145139745,299.8084518653364,13.8
105500,211.00000000027939,-2511334.646252539,-2009287.5570761901,300.6757934958757,13.8
106000,212.00000000028416,-2510930.018346155,-2010137.7201292305,299.92429971067054,13.8
106500,213.00000000028894,-2512356.629827123,-2009167.9816063822,301.3594727341283,13.8
107000,214.0000000002937,-2511600.8326073084,-2010262.3961227676,300.25138169264835,13.8
107500,215.00000000029848,-2511264.4905866366,-2010854.6642533944,299.6952374581542,13.8
108000,216.00000000030326,-2515414.1485343724,-2011551.9312488325,301.76287296769004,13.8
108500,217.00000000030803,-2512547.6533950903,-2010630.1148528974,300.5982056748078,13.8
109000,218.0000000003128,-2512361.865876576,-2011751.5903373885,299.8152864044634,13.8
109500,219.00000000031758,-2510798.3262804486,-2008892.888744597,300.59095838712847,13.8
110000,220.00000000032236,-2511801.2145925295,-2010621.5887045134,300.15627009225267,13.8
110500,221.00000000032713,-2512475.00611715,-2012298.4884578725,299.555508990076,13.8
111000,222.0000000003319,-2509309.8783845194,-2008033.6406841008,300.21413086663307,13.8
111500,223.00000000033668,-2506784.739519609,-2005385.4595985336,300.28782080155577,13.8
112000,224.00000000034146,-2511773.5406273175,-2011741.0878304397,299.4692286037321,13.8
112500,225.00000000034623,-2514092.3318552207,-2013100.5882892103,300.043747447523,13.8
113000,226.000000000351,-2514213.1941970214,-2013297.1108572904,299.9984345693825,13.8
113500,227.00000000035578,-2510016.9103752486,-2009010.912546622,300.0522843194923,13.8
114000,228.00000000036056,-2509543.4846538603,-2009912.4966513123,299.2287915049057,13.8
114500,229.00000000036533,-2511986.7886228114,-2011912.7885224042,299.49411126658515,13.8
115000,230.0000000003701,-2508687.9385862835,-2006769.5333809361,300.59872471901144,13.8
115500,231.00000000037488,-2510053.7111330796,-2010130.6769976548,299.40369781276655,13.8
116000,232.00000000037966,-2511323.7586054057,-2010412.388741687,299.99561167055356,13.8
116500,233.00000000038443,-2509646.035381507,-2009498.2748256142,299.53828637278514,13.8
117000,234.0000000003892,-2511870.3225104213,-2012328.32163651,299.1754971504704,13.8
117500,235.00000000039398,-2512786.9668659493,-2010985.676466307,300.52858471044533,13.8
118000,236.00000000039876,-2513940.8489351366,-2013797.6457188148,299.53555698400595,13.8
118500,237.00000000040353,-2512976.629316192,-2013012.8318846063,299.42811093393186,13.8
119000,238.0000000004083,-2513471.6019331105,-2012033.4961147232,300.3110736153537,13.8
119500,239.00000000041308,-2513016.487678049,-2014540.2763495662,298.5371962337237,13.8
120000,240.00000000041786,-2511868.5516716912,-2012031.014783882,299.35249354662756,13.8
120500,241.00000000042263,-2511369.555463625,-2010665.9658985282,299.87117213588084,13.8
121000,242.0000000004274,-2512372.719946023,-2011202.6790950494,300.15052961754304,13.8
121500,243.00000000043218,-2514682.7869998086,-2012702.9847340358,300.63549539303744,13.8
122000,244.00000000043696,-2511122.2897729874,-2010704.1758939354,299.70020086590256,13.8
122500,245.00000000044173,-2509752.5306769833,-2010641.0738402898,298.91764450513836,13.8
123000,246.0000000004465,-2511637.98883692,-2008046.6237986246,301.6006596691445,13.8
123500,247.00000000045128,-2512049.5303281154,-2011010.4604608626,300.07209114970976,13.8
124000,248.00000000045605,-2512932.609639615,-2014647.2272860534,298.422908839785,13.8
124500,249.00000000046083,-2510612.315243531,-2010000.1339941234,299.81642773352394,13.8
125000,250.0000000004656,-2512484.8503743224,-2010502.9609099485,300.636745415414,13.8
125500,251.00000000047038,-2512423.272879714,-2011548.5982818622,299.9736348910444,13.8
126000,252.00000000047515,-2512772.4815029,-2010246.5547563536,300.9625691180807,13.8
126500,253.00000000047993,-2509610.008974174,-2008437.1196953682,300.15223553979035,13.8
127000,254.0000000004847,-2511474.992956141,-2008726.960277261,301.0955882688424,13.8
127500,255.00000000048948,-2513965.9948284924,-2013517.6035872586,299.71833396555644,13.8
128000,256.00000000049425,-2512822.8195248265,-2011521.2531606648,300.2293001928444,13.8
128500,257.000000000499,-2511539.962999994,-2010590.1382246101,300.0186423012015,13.8
129000,258.0000000005038,-2512741.9373026714,-2011226.3320380147,300.3574880015833,13.8
129500,259.0000000005086,-2512364.3606903143,-2010367.7824193158,300.6455425356096,13.8
130000,260.00000000051335,-2509975.5067259986,-2010649.7171455696,299.0460082964722,13.8
130500,261.0000000005181,-2509941.302415697,-2012184.0847397042,298.1065912334325,13.8
131000,262.0000000005229,-2510568.846855605,-2009277.1769130456,300.223373230051,13.8
131500,263.0000000005277,-2511527.5579236187,-2009705.236647773,300.54118009348144,13.8
132000,264.00000000053245,-2510868.494550647,-2008947.3662616655,300.6003555726708,13.8
132500,265.0000000005372,-2511470.3740717005,-2009345.0934729103,300.72262230634783,13.8
133000,266.000000000542,-2510949.647610547,-2007789.6291959547,301.34232635509943,13.8
133500,267.0000000005468,-2511912.415900111,-2011427.9515216476,299.73993815248286,13.8
134000,268.00000000055155,-2514708.6856205463,-2014109.2226883576,299.8088107386161,13.8
134500,269.0000000005563,-2514181.636941621,-2013891.3710964418,299.62363273143814,13.8
135000,270.0000000005611,-2511211.629301071,-2010702.8547247953,299.75449751987065,13.8
135500,271.0000000005659,-2511344.4401014987,-2009982.3897758918,300.2655240122696,13.8
136000,272.00000000057065,-2514588.30303894,-2014554.1453659916,299.4702496533035,13.8
136500,273.0000000005754,-2515317.8791913427,-2013169.007888237,300.7367507693787,13.8
137000,274.0000000005802,-2512012.3186166305,-2009574.935634655,300.9095402942007,13.8
137500,275.000000000585,-2512698.879935868,-2011773.9966623504,300.00370484607777,13.8
138000,276.00000000058975,-2516860.7702536713,-2015635.6581611866,300.18351176124446,13.8
138500,277.0000000005945,-2513613.1689767838,-2010300.893408241,301.43351310145533,13.8
139000,278.0000000005993,-2515364.148232747,-2014492.191357953,299.972007247832,13.8
139500,279.0000000006041,-2512700.6171896905,-2011854.8749918845,299.956307288656,13.8
140000,280.00000000060885,-2511454.4888858367,-2011400.6970106168,299.48200856890134,13.8
140500,281.0000000006136,-2513678.754667526,-2014248.2923225008,299.10869677177845,13.8
141000,282.0000000006184,-2513117.5264068525,-2011863.1046272502,300.2010653207037,13.8
141500,283.0000000006232,-2512179.8055012245,-2012009.0544738166,299.55205535664066,13.8
142000,284.00000000062795,-2512898.4512233697,-2012085.0920403877,299.9369131145079,13.8
142500,285.0000000006327,-2512018.4079068527,-2012204.0829845923,299.33859191008696,13.8
143000,286.0000000006375,-2510594.249932669,-2009650.2414999658,300.01515889598244,13.8
143500,287.0000000006423,-2510502.870802477,-2009328.32817648,300.1532257287374,13.8
144000,288.00000000064705,-2511986.283542486,-2012318.914071993,299.25058035096964,13.8
144500,289.0000000006518,-2510002.476085443,-2009263.2260901635,299.89252915272795,13.8
145000,290.0000000006566,-2512944.5917616896,-2011546.0849250234,300.2873578016237,13.8
145500,291.0000000006614,-2510882.1706044897,-2012365.9570227417,298.5611535666143,13.8
146000,292.00000000066615,-2510030.527545102,-2008450.4596851585,300.3960946231664,13.8
146500,293.0000000006709,-2511059.2675207667,-2010392.7186557734,299.8489884759504,13.8
147000,294.0000000006757,-2511331.1587398015,-2011178.997587643,299.54092188806345,13.8
147500,295.0000000006805,-2512774.4176117927,-2011825.9528113352,300.0178278127822,13.8
148000,296.00000000068525,-2508845.925706448,-2006937.3675099243,300.59282734951074,13.8
148500,297.00000000069,-2510940.506042747,-2007576.8915225002,301.46425997833916,13.8
149000,298.0000000006948,-2511012.8385567684,-2010302.7469755346,299.8750661906486,13.8
149500,299.0000000006996,-2511554.597700419,-2011852.5918506589,299.271324064148,13.8
150000,300.00000000070435,-2515167.797732588,-2015691.542795122,299.1361219363999,13.8
150500,301.0000000007091,-2514907.3953628447,-2013708.696440663,300.16769292450437,13.8
151000,302.0000000007139,-2512008.251599204,-2011725.26253268,299.61927467171915,13.8
151500,303.00000000071867,-2512275.014913788,-2013403.7209923323,298.77381103480417,13.8
152000,304.00000000072345,-2509769.0443576854,-2006972.2948441396,301.1247647609196,13.8
152500,305.0000000007282,-2514652.969500074,-2015438.9988479794,298.9790399866671,13.8
153000,306.000000000733,-2514295.7501693387,-2011496.6690826959,301.12616113908035,13.8
153500,307.00000000073777,-2513751.0694288164,-2013102.1227178308,299.8384465532154,13.8
154000,308.00000000074255,-2511893.1768442895,-2010205.193308844,300.4607252764691,13.8
154500,309.0000000007473,-2515133.5630841292,-2014878.4172636685,299.6025993631994,13.8
155000,310.0000000007521,-2510914.544767808,-2008759.8161518348,300.74025871162604,13.8
155500,311.00000000075687,-2511909.8798679467,-2011430.1670001724,299.73709247470174,13.8
156000,312.00000000076164,-2512337.509966638,-2011276.5649175916,300.0851921870136,13.8
156500,313.0000000007664,-2512193.9676398057,-2010516.9586561387,300.4541526219603,13.8
157000,314.0000000007712,-2511681.467383081,-2011045.964106859,299.8303952857109,13.8
157500,315.00000000077597,-2512839.306571694,-2011885.6418951438,300.0209420164177,13.8
158000,316.00000000078074,-2512840.9192623403,-2011034.5714174577,300.5316136123022,13.8
158500,317.0000000007855,-2513227.2622409966,-2011924.8068646078,300.2298326218985,13.8
159000,318.0000000007903,-2514635.769957958,-2013753.7784495114,299.97801698576495,13.8
159500,319.00000000079507,-2511820.3160345163,-2010647.601778215,300.15213071888496,13.8
160000,320.00000000079984,-2511162.008564947,-2008566.6807252467,301.00413340398836,13.8
160500,321.0000000008046,-2509875.5253625866,-2008368.625954636,300.3522740676126,13.8
161000,322.0000000008094,-2513012.120560823,-2011665.7688024647,300.256122146855,13.8
161500,323.00000000081417,-2514433.5573169496,-2012479.665584961,300.61997758509983,13.8
162000,324.00000000081894,-2512203.591225667,-2011399.8082987848,299.93117789870115,13.8
162500,325.0000000008237,-2510788.937409099,-2010156.8094878914,299.8283737869926,13.8
163000,326.0000000008285,-2512109.283320658,-2011330.4567368648,299.9162315551753,13.8
163500,327.00000000083327,-2513936.225536544,-2009832.7199481898,301.9073804321768,13.8
164000,328.00000000083804,-2511812.17739743,-2011502.028173976,299.6355408784406,13.8
164500,329.0000000008428,-2511315.17048876,-2009816.0363156179,300.34762347170624,13.8
165000,330.0000000008476,-2512624.2490606885,-2012801.3552240403,299.3437238293601,13.8
165500,331.00000000085237,-2515081.9888777435,-2016469.5423040634,298.61878746557204,13.8
166000,332.00000000085714,-2512263.588365551,-2011473.7417155097,299.92283146828106,13.8
166500,333.0000000008619,-2513334.8496755715,-2012900.7560238396,299.7097711451334,13.8
167000,334.0000000008667,-2513389.5732962377,-2010003.4798945154,301.4777225711325,13.8
167500,335.00000000087147,-2514461.3450350408,-2011495.7826715861,301.22586670671893,13.8
168000,336.00000000087624,-2515406.8628296237,-2014717.4802562483,299.86266357443077,13.8
168500,337.000000000881,-2512831.643281374,-2012572.3795550435,299.605065575317,13.8
169000,338.0000000008858,-2514781.0211608596,-2012414.9490309558,300.86683225446944,13.8
169500,339.00000000089057,-2514565.385149043,-2012839.659368991,300.4833290911114,13.8
170000,340.00000000089534,-2514248.365511356,-2013371.1855586688,299.97513534701613,13.8
170500,341.0000000009001,-2512142.846855011,-2009882.2302450733,300.8036749872967,13.8
171000,342.0000000009049,-2511881.054734571,-2011872.2637367127,299.45505756211236,13.8
171500,343.00000000090967,-2511802.0023396183,-2011728.5146180918,299.493804403086,13.8
172000,344.00000000091444,-2518093.1966522336,-2017890.6024550416,299.5711262178182,13.8
172500,345.0000000009192,-2513372.8742219675,-2012701.2355988084,299.8520367300051,13.8
173000,346.000000000924,-2513545.027831398,-2011865.2833988948,300.45579088113385,13.8
173500,347.00000000092876,-2516669.502840737,-2014093.9622540467,300.9922828263667,13.8
174000,348.00000000093354,-2512176.460133627,-2013486.0584501936,298.6654747484733,13.8
174500,349.0000000009383,-2512345.687207386,-2011419.2647538814,300.00462666033354,13.8
175000,350.0000000009431,-2513908.1360071786,-2011386.1536048655,300.9602068519553,13.8
175500,351.00000000094786,-2514566.6805170346,-2012675.8015543008,300.58223926372614,13.8
176000,352.00000000095264,-2511502.234907165,-2010672.2900132115,299.94684628993025,13.8
176500,353.0000000009574,-2512830.801181253,-2009853.133384707,301.233116645577,13.8
177000,354.0000000009622,-2511071.7055186573,-2011384.1983647724,299.26264080120154,13.8
177500,355.00000000096696,-2511447.127743317,-2010865.9079179761,299.79788494949065,13.8
178000,356.00000000097174,-2510080.460899703,-2011421.6948645604,298.64652817183224,13.8
178500,357.0000000009765,-2511516.2689144723,-2012243.0435214904,299.01452762641,13.8
179000,358.0000000009813,-2509708.4333377723,-2007692.2275768889,300.6572974311617,13.8
179500,359.00000000098606,-2510204.4245623928,-2009117.5361709003,300.1007296440452,13.8
180000,360.00000000099084,-2513289.901652064,-2012610.182983546,299.85687586581963,13.8
180500,361.0000000009956,-2512575.093695527,-2012718.6988247456,299.3637875848087,13.8
181000,362.0000000010004,-2512052.568908265,-2010203.829980285,300.5570016143886,13.8
181500,363.00000000100516,-2512002.0513859987,-2011239.6645440385,299.9063858006094,13.8
182000,364.00000000100994,-2512809.88379078,-2011936.7695611392,299.97270038716977,13.8
182500,365.0000000010147,-2511923.4043813515,-2009902.2621783423,300.66025386430346,13.8
183000,366.0000000010195,-2510726.4424032494,-2009747.1300995296,300.03630236969275,13.8
183500,367.00000000102426,-2511409.588378826,-2011237.017889141,299.55314503184394,13.8
184000,368.00000000102904,-2514008.6152957883,-2010550.0112700944,301.5211491537569,13.8
184500,369.0000000010338,-2513683.905565882,-2012825.6768716555,299.9637854461837,13.8
185000,370.0000000010386,-2513435.1062526386,-2011912.8249748303,300.3614862630911,13.8
185500,371.00000000104336,-2510239.7098902594,-2009976.8030573619,299.6072474303291,13.8
186000,372.00000000104814,-2513506.6685789563,-2012983.9297250484,299.76286071995315,13.8
186500,373.0000000010529,-2511307.8124806695,-2009127.71886733,300.755449798029,13.8
187000,374.0000000010577,-2510308.668797368,-2009930.9626952263,299.6760006650693,13.8
187500,375.00000000106246,-2512465.7569210324,-2011864.040630775,299.8101602738288,13.8
188000,376.00000000106724,-2511455.7250713017,-2010304.8967794538,300.13902322385053,13.8
188500,377.000000001072,-2511436.4175219852,-2013156.8979257904,298.4193976368295,13.8
189000,378.0000000010768,-2511246.035216391,-2011527.372118629,299.2813000830683,13.8
189500,379.00000000108156,-2511411.485312784,-2010661.5573754963,299.89892416776826,13.8
190000,380.00000000108633,-2510677.9694059175,-2007308.1451803995,301.4679789682509,13.8
190500,381.0000000010911,-2511311.6867102347,-2007907.1547298608,301.4887654282399,13.8
191000,382.0000000010959,-2510464.3967051655,-2008811.3280504209,300.43981476889746,13.8
191500,383.00000000110066,-2511879.3701237272,-2012133.9607845184,299.2973183959784,13.8
192000,384.00000000110543,-2513283.932427373,-2012281.6278928486,300.05007240718606,13.8
192500,385.0000000011102,-2514173.4663643725,-2012979.033958871,300.165137709434,13.8
193000,386.000000001115,-2513606.9937978014,-2012592.9505001884,300.0571027475316,13.8
193500,387.00000000111976,-2513983.492759498,-2012890.9745887367,300.10410131651446,13.8
194000,388.00000000112453,-2512396.978035312,-2012776.680709234,299.2223888632016,13.8
194500,389.0000000011293,-2510679.2164266445,-2008459.6061550742,300.7791163082549,13.8
195000,390.0000000011341,-2510716.4559092466,-2010810.4877179663,299.3934770258962,13.8
195500,391.00000000113886,-2509898.492724821,-2009523.8460925522,299.6741683498311,13.8
196000,392.00000000114363,-2513746.969266614,-2011981.6327312225,300.50705195605633,13.8
196500,393.0000000011484,-2513440.144989837,-2014079.9749383917,299.0665987463055,13.8
197000,394.0000000011532,-2512273.106218567,-2011326.9923121987,300.0164198632872,13.8
197500,395.00000000115796,-2511636.919436956,-2012427.8358317257,298.9761131363266,13.8
198000,396.00000000116273,-2513644.5306485035,-2011784.278351492,300.5638969663266,13.8
198500,397.0000000011675,-2515196.8874360286,-2013303.6648327764,300.5836428690605,13.8
199000,398.0000000011723,-2512078.011201296,-2010984.44691308,300.10472783582424,13.8
199500,399.00000000117706,-2511013.2996042613,-2009026.9547285102,300.63941375943995,13.8
200000,400.00000000118183,-2510426.3854853176,-2010335.009651965,299.50451758583984,13.8
200500,401.0000000011866,-2509736.0769112483,-2008625.5043302681,300.11491409530686,13.8
201000,402.0000000011914,-2511246.2811847012,-2009692.3714083552,300.38042855774825,13.8
201500,403.00000000119616,-2511465.085199006,-2011281.8909904757,299.5595075726544,13.8
202000,404.00000000120093,-2511179.341132231,-2009843.9729651664,300.2495440785844,13.8
202500,405.0000000012057,-2513100.928800825,-2011565.3277773394,300.3694634532532,13.8
203000,406.0000000012105,-2509930.7331491783,-2009994.9082484161,299.41135819682245,13.8
203500,407.00000000121526,-2514065.692637641,-2011690.809778473,300.87210899657157,13.8
204000,408.00000000122003,-2511213.201154828,-2010270.2614956351,300.01451880797026,13.8
204500,409.0000000012248,-2512067.5235033184,-2014212.4042408345,298.16522445297966,13.8
205000,410.0000000012296,-2512436.259539621,-2010720.559018612,300.47732496762814,13.8
205500,411.00000000123435,-2512565.38193503,-2012339.04601319,299.5853451268638,13.8
206000,412.00000000123913,-2512210.3480685577,-2011261.886949842,300.01782560778844,13.8
206500,413.0000000012439,-2510319.465387063,-2009182.169211695,300.130918844903,13.8
207000,414.0000000012487,-2510963.909003636,-2010197.8585888708,299.90857991284287,13.8
207500,415.00000000125345,-2514989.251472641,-2014596.7931059562,299.68483579018584,13.8
208000,416.00000000125823,-2512443.9426934365,-2011897.7881594347,299.77688436105035,13.8
208500,417.000000001263,-2509704.9882912636,-2008581.6517019551,300.1225584546012,13.8
209000,418.0000000012678,-2514770.054611111,-2013269.976104559,300.34818903259395,13.8
209500,419.00000000127255,-2514568.834107036,-2013752.8460401876,299.93848755196507,13.8
210000,420.00000000127733,-2513376.8483516965,-2013424.5443634868,299.4212275154605,13.8
210500,421.0000000012821,-2512258.9443198927,-2013085.9677559924,298.9544886442487,13.8
211000,422.0000000012869,-2514258.461137131,-2013375.8136309227,299.97840986255244,13.8
211500,423.00000000129165,-2513424.5890861545,-2013298.6066464,299.52524346806183,13.8
212000,424.0000000012964,-2511347.623457102,-2009001.2132456831,300.8550567396431,13.8
212500,425.0000000013012,-2513676.855359951,-2013671.2955584242,299.4531223999696,13.8
213000,426.000000001306,-2513999.8863295317,-2012944.9282244823,300.08160660873676,13.8
213500,427.00000000131075,-2512384.286564326,-2008190.340948929,301.9615449268651,13.8
214000,428.0000000013155,-2513450.4874636065,-2011869.6191076103,300.3965740399203,13.8
214500,429.0000000013203,-2514858.9675050955,-2012505.0319465727,300.85956366690266,13.8
215000,430.0000000013251,-2512403.7482115384,-2011940.0343849403,299.72751065557657,13.8
215500,431.00000000132985,-2513707.8906365465,-2011830.5674908832,300.57412069050446,13.8
216000,432.0000000013346,-2512158.520878844,-2011877.5433019442,299.61806999141754,13.8
216500,433.0000000013394,-2515369.1586525813,-2015298.7452492889,299.4919631951705,13.8
217000,434.0000000013442,-2512656.9180227257,-2013739.4948314093,298.8014378353928,13.8
217500,435.00000000134895,-2513812.2427262105,-2013551.6525264299,299.6058599997162,13.8
218000,436.0000000013537,-2512660.149820311,-2012034.0070391146,299.82478928912195,13.8
218500,437.0000000013585,-2510409.9669757225,-2010842.3525096118,299.19083712021603,13.8
219000,438.0000000013633,-2513347.082824506,-2014559.5818303027,298.72362748542383,13.8
219500,439.00000000136805,-2511702.374874858,-2011643.3038796093,299.48517023169717,13.8
220000,440.0000000013728,-2513921.774547858,-2012827.2167116918,300.1053228712796,13.8
220500,441.0000000013776,-2514710.59310399,-2011721.9437584924,301.23969349068966,13.8
221000,442.0000000013824,-2512610.744876055,-2010350.1717998045,300.80364891498954,13.8
221500,443.00000000138715,-2513416.342211876,-2012811.295482341,299.81215487253104,13.8
222000,444.0000000013919,-2513664.251714088,-2013987.3610442649,299.25628259329966,13.8
222500,445.0000000013967,-2511553.3942315113,-2009989.6400677722,300.3863243572752,13.8
223000,446.0000000014015,-2514040.5496603884,-2013069.1383146239,300.03157048924993,13.8
223500,447.00000000140625,-2513933.649907507,-2013515.079929418,299.70047402342675,13.8
224000,448.000000001411,-2514224.131610345,-2012735.9923497802,300.3410386231236,13.8
224500,449.0000000014158,-2513659.330865497,-2012792.148582925,299.9691477465302,13.8
225000,450.0000000014206,-2516686.6132740527,-2017111.90634494,299.1950847933666,13.8
225500,451.00000000142535,-2511222.7939473093,-2012621.0109174238,298.612401073616,13.8
226000,452.0000000014301,-2513321.082201468,-2012542.4348650507,299.916124203996,13.8
226500,453.0000000014349,-2515620.3159333,-2014202.3948819719,300.2989849667331,13.8
227000,454.0000000014397,-2515819.373075146,-2015287.9833689993,299.7680417117714,13.8
227500,455.00000000144445,-2514002.776803246,-2013424.970027001,299.79584087580247,13.8
228000,456.0000000014492,-2510913.771953311,-2009511.8686798243,300.2893919262267,13.8
228500,457.000000001454,-2509432.9917081054,-2009999.0868563727,299.11075848761783,13.8
229000,458.0000000014588,-2514150.3882060684,-2014826.7850421164,299.044698852551,13.8
229500,459.00000000146355,-2512903.8965336364,-2011374.8713942429,300.3655251589977,13.8
230000,460.0000000014683,-2513976.578350188,-2017231.2722649355,297.50055780140406,13.8
230500,461.0000000014731,-2513565.510998141,-2012771.6542585779,299.92523310923247,13.8
231000,462.0000000014779,-2512104.997711491,-2010376.6296808717,300.48491153388005,13.8
231500,463.00000000148265,-2511218.241865406,-2012877.816596109,298.45587401919124,13.8
232000,464.0000000014874,-2512713.9479418397,-2012353.8126112926,299.66547753724825,13.8
232500,465.0000000014922,-2512936.6217963267,-2013136.358088817,299.33017065440436,13.8
233000,466.00000000149697,-2510834.684592042,-2008393.6795017987,300.9117095733401,13.8
233500,467.00000000150175,-2511140.740023855,-2010414.306761043,299.8848532169686,13.8
234000,468.0000000015065,-2511756.1202770434,-2010786.265528247,300.0306382439714,13.8
234500,469.0000000015113,-2510222.3775457814,-2007771.7866273168,300.91745052188634,13.8
235000,470.00000000151607,-2509456.1753148455,-2009310.3621348776,299.53712009015123,13.8
235500,471.00000000152085,-2513253.5494910832,-2010978.8374650383,300.8121167261577,13.8
236000,472.0000000015256,-2514681.1856635846,-2015233.7371473836,299.118869782651,13.8
236500,473.0000000015304,-2513619.957828082,-2013016.6774485304,299.8110970062586,13.8
237000,474.00000000153517,-2511880.0830825195,-2011827.8466995852,299.48107698521653,13.8
237500,475.00000000153995,-2512704.088815499,-2009754.400292243,301.21635987040725,13.8
238000,476.0000000015447,-2513909.8167922124,-2011490.3818181297,300.8987912397171,13.8
238500,477.0000000015495,-2514911.384884905,-2014852.0295836893,299.48534050242296,13.8
239000,478.00000000155427,-2512537.151509108,-2012439.7686726614,299.50811517750174,13.8
239500,479.00000000155904,-2514127.094524216,-2012352.6877007145,300.51248414784385,13.8
240000,480.0000000015638,-2511115.2429273427,-2010793.5312963428,299.6424655995246,13.8
240500,481.0000000015686,-2514449.51654128,-2013177.041103706,300.2118776489757,13.8
241000,482.00000000157337,-2512949.485699892,-2010427.7306291007,300.96007070320115,13.8
241500,483.00000000157814,-2513265.273947574,-2012469.0578650907,299.926646118729,13.8
242000,484.0000000015829,-2513393.740848385,-2010881.0370578582,300.95464989520445,13.8
242500,485.0000000015877,-2513849.0790805295,-2011412.0324174939,300.90933887292704,13.9
243000,486.00000000159247,-2516470.2966191433,-2016032.4617478268,299.712011759991,13.8
243500,487.00000000159724,-2513692.9313384388,-2011885.6582211163,300.53216775758267,13.9
244000,488.000000001602,-2513275.3811969683,-2011523.8210038985,300.4988013103533,13.9
244500,489.0000000016068,-2514222.3375408445,-2012625.2189135829,300.40630632064176,13.9
245000,490.00000000161157,-2512540.788150491,-2012109.7861472522,299.7079195581331,13.9
245500,491.00000000161634,-2512176.9242132735,-2011216.8474849712,300.02478219155273,13.9
246000,492.0000000016211,-2512671.2909402214,-2011931.0953724156,299.8930954557218,13.9
246500,493.0000000016259,-2512902.152486371,-2011305.854493069,300.4058148433035,13.9
247000,494.00000000163067,-2513377.1632786207,-2010965.1733559486,300.89433240151504,13.9
247500,495.00000000163544,-2513635.4328817613,-2015853.727269915,298.12125704805953,13.9
248000,496.0000000016402,-2513078.30120302,-2010931.7384372118,300.73536818734857,13.9
248500,497.000000001645,-2516412.519163884,-2014990.3615346476,300.3015222514854,13.9
249000,498.00000000164977,-2513671.350085456,-2013190.0241420437,299.73805854503223,13.9
249500,499.00000000165454,-2511769.856384225,-2010402.0123294785,300.2689938742486,13.9
250000,500.0000000016593,-2513379.2034957167,-2013621.6117923209,299.30461440883755,13.9
250500,501.0000000016641,-2513403.1894337703,-2013098.753823369,299.63211899795294,13.9
251000,502.00000000166887,-2512419.370783424,-2012492.434981559,299.40603451917946,13.9
251500,503.00000000167364,-2513039.168543387,-2010833.282092765,300.77089711758066,13.9
252000,504.0000000016784,-2513278.381546011,-2012784.5934915869,299.74552209814897,13.9
252500,505.0000000016832,-2511322.6881874297,-2010405.7888511624,299.9989232693697,13.9
253000,506.00000000168797,-2510893.729700906,-2009899.522476919,300.04522293126354,13.9
253500,507.00000000169274,-2512392.595807245,-2010433.491097163,300.62309963551786,13.9
254000,508.0000000016975,-2510825.5383997113,-2008452.314314585,300.87111555748606,13.9
254500,509.0000000017023,-2513327.168944111,-2014659.144525173,298.6520730140475,13.9
255000,510.00000000170706,-2512197.420751091,-2010839.4478657919,300.2630820349604,13.9
255500,511.00000000171184,-2512291.0980653446,-2009949.2932000377,300.8522985997666,13.9
256000,512.0000000017166,-2509695.6552894693,-2008474.479550128,300.18115428097934,13.9
256500,513.0000000016929,-2512308.846719045,-2012336.5638565547,299.4331928549814,13.9
257000,514.0000000016693,-2514560.0917778127,-2014002.3992555172,299.78379445745423,13.9
257500,515.0000000016456,-2515381.5597855356,-2013086.155897786,300.8245090735512,13.9
258000,516.000000001622,-2512363.7047438435,-2011299.7799812653,300.08697673621214,13.9
258500,517.0000000015983,-2514168.1371837873,-2014546.9468603414,299.2229236789548,13.9
259000,518.0000000015747,-2514320.9533936363,-2013685.7378504134,299.8302229625369,13.9
259500,519.000000001551,-2510947.145147087,-2009948.2696708888,300.04801874557666,13.9
260000,520.0000000015274,-2513277.387688214,-2012151.4500344812,300.1241162310061,13.9
260500,521.0000000015037,-2511251.4152276013,-2009634.1917891256,300.4183470837399,13.9
261000,522.0000000014801,-2511315.5255461987,-2011506.5742173041,299.3353736672487,13.9
261500,523.0000000014564,-2513380.6868285052,-2012883.204955853,299.7477343243537,13.9
262000,524.0000000014328,-2513673.143381996,-2013973.548113021,299.26988036831557,13.9
262500,525.0000000014091,-2514203.352944793,-2014308.6264817961,299.3867443594895,13.9
263000,526.0000000013855,-2514012.405631868,-2013299.3661382045,299.8768316941802,13.9
263500,527.0000000013619,-2512369.094743695,-2013326.8417171356,298.87619837194967,13.9
264000,528.0000000013382,-2513981.302712258,-2012952.8020708556,300.06576124473116,13.9
264500,529.0000000013146,-2512571.0182774905,-2011896.0959435748,299.85400334301534,13.9
265000,530.0000000012909,-2514243.213956263,-2014322.1274302267,299.40253139031154,13.9
265500,531.0000000012673,-2512435.442687923,-2011014.311081178,300.3009077670407,13.9
266000,532.0000000012436,-2512487.194091074,-2012573.113569112,299.39833549737705,13.9
266500,533.00000000122,-2513579.749565972,-2011055.3840083033,300.9616341227095,13.9
267000,534.0000000011963,-2515790.685828643,-2012849.0642117923,301.21152860350657,13.9
267500,535.0000000011727,-2514552.767785713,-2012498.8929787702,300.6798574072243,13.9
268000,536.000000001149,-2518117.4485875852,-2017849.4708849662,299.6102843721022,13.9
268500,537.0000000011254,-2516448.9705618117,-2015720.646852992,299.8859854042985,13.9
269000,538.0000000011017,-2512877.2500886004,-2009331.7159425542,301.5732115667839,13.9
269500,539.0000000010781,-2515983.8700360823,-2016035.4228707347,299.4189176658479,13.9
270000,540.0000000010544,-2513503.8081789687,-2013320.4703286656,299.55959359965254,13.9
270500,541.0000000010308,-2514297.810927661,-2014142.395496888,299.5428708741762,13.9
271000,542.0000000010072,-2511942.581915496,-2011322.5205621067,299.82114712453034,13.9
271500,543.0000000009835,-2514360.1063475795,-2012731.3492617144,300.4252545803781,13.9
272000,544.0000000009599,-2513612.9803003203,-2013397.2158716652,299.5790138639794,13.9
272500,545.0000000009362,-2512175.201767018,-2010888.6066803988,300.22033390093304,13.9
273000,546.0000000009126,-2513606.710216023,-2012714.9484775222,299.9838683724925,13.9
273500,547.0000000008889,-2511896.5366214626,-2009981.9331190118,300.5964478807233,13.9
274000,548.0000000008653,-2515805.7586517483,-2012632.8159958636,301.3500666778494,13.9
274500,549.0000000008416,-2513885.4857466295,-2012124.7546409473,300.50429376611356,13.9
275000,550.000000000818,-2516742.185235858,-2015448.4026809928,300.2246384726847,13.9
275500,551.0000000007943,-2513923.318223292,-2010942.6400791253,301.23491954151854,13.9
276000,552.0000000007707,-2513327.555089887,-2011176.3386539759,300.73815526844345,13.9
276500,553.000000000747,-2514198.7181057297,-2014012.652547055,299.56122722306503,13.9
277000,554.0000000007234,-2512680.228216013,-2012073.4531011898,299.8131900017633,13.9
277500,555.0000000006997,-2512860.283860231,-2012277.52818392,299.79880476999966,13.9
278000,556.0000000006761,-2511141.9695578106,-2009551.7929509226,300.40214874751905,13.9
278500,557.0000000006524,-2514332.713592209,-2016791.272589342,297.9773626733856,13.9
279000,558.0000000006288,-2514156.559771113,-2011920.3250739584,300.7890726698429,13.9
279500,559.0000000006052,-2514386.40590211,-2013266.1247252978,300.1207285693244,13.9
280000,560.0000000005815,-2512774.219006775,-2011567.3798322235,300.1725681182726,13.9
280500,561.0000000005579,-2509402.251826588,-2007365.360486126,300.6696860161924,13.9
281000,562.0000000005342,-2512213.766337054,-2009376.811762945,301.1488435550167,13.9
281500,563.0000000005106,-2513444.1685972307,-2013453.084165656,299.44445310690855,13.9
282000,564.0000000004869,-2512290.764067713,-2012428.6708176914,299.3672003417725,13.9
282500,565.0000000004633,-2512989.5910100862,-2009693.9464834402,301.4235527773606,13.9
283000,566.0000000004396,-2514933.8955450486,-2014230.683669419,299.8709459378155,13.9
283500,567.000000000416,-2513168.8140250873,-2011201.908704833,300.6277714177151,13.9
284000,568.0000000003923,-2512543.427916564,-2010005.418786239,300.9698052527149,13.9
284500,569.0000000003687,-2512770.105119003,-2013097.8095362037,299.25353059758686,13.9
285000,570.000000000345,-2515559.05279712,-2014116.2157887067,300.3139071230981,13.9
285500,571.0000000003214,-2514223.2232122533,-2012051.7921372112,300.7502618074354,13.9
286000,572.0000000002977,-2516769.524754366,-2017235.4522053502,299.1707488799786,13.9
286500,573.0000000002741,-2515826.4634528197,-2014284.296458091,300.37339581070773,13.9
287000,574.0000000002505,-2515181.637569055,-2014653.1421904303,299.76630830021867,13.9
287500,575.0000000002268,-2513282.6546293125,-2011661.2222660966,300.4208678070213,13.9
288000,576.0000000002032,-2511535.492828071,-2011854.5880464737,299.25868664317665,13.9
288500,577.0000000001795,-2510197.588793827,-2007909.7470979767,300.81998007995907,13.9
289000,578.0000000001559,-2511546.8878215905,-2010340.9910988186,300.1720036842927,13.9
289500,579.0000000001322,-2513679.2307909187,-2011485.8815038116,300.763388615551,13.9
290000,580.0000000001086,-2512939.6006248333,-2013048.7902518245,299.38439901481956,13.9
290500,581.0000000000849,-2511961.8777484465,-2010196.7653138954,300.506917742156,13.9
291000,582.0000000000613,-2512588.8228029925,-2011324.129857614,300.2072167176275,13.9
291500,583.0000000000376,-2511538.8262522686,-2011257.5036075085,299.61827665241606,13.9
292000,584.000000000014,-2512195.5828521606,-2011594.8569512628,299.80956713005213,13.9
292500,584.9999999999903,-2514003.572528826,-2014283.6344545332,299.2820636659838,13.9
293000,585.9999999999667,-2513631.6302922536,-2011818.2037788695,300.5358530239321,13.9
293500,586.999999999943,-2513451.0174678154,-2012017.9743046463,300.30804159324305,13.9
294000,587.9999999999194,-2511501.196865868,-2009810.8649958717,300.4621316930575,13.9
294500,588.9999999998957,-2516080.428251907,-2013446.3569641516,301.02733683896065,13.9
295000,589.9999999998721,-2513725.159751121,-2013539.5629725556,299.560946470852,13.9
295500,590.9999999998485,-2513616.2407126054,-2012069.2200292815,300.37630268279446,13.9
296000,591.9999999998248,-2511169.1509533133,-2011247.206685291,299.4030450916313,13.9
296500,592.9999999998012,-2511678.5138215423,-2011738.6672004145,299.41376680348145,13.9
297000,593.9999999997775,-2513137.6886649225,-2011397.0493105573,300.4922608245824,13.9
297500,594.9999999997539,-2516662.5259409714,-2015722.889946823,300.01254024434525,13.9
298000,595.9999999997302,-2514847.545696374,-2015696.7659783107,298.94119496248254,13.9
298500,596.9999999997066,-2510993.0601244625,-2009343.5111846856,300.4377068130629,13.9
299000,597.9999999996829,-2516926.687187923,-2016836.5729281148,299.5037620299674,13.9
299500,598.9999999996593,-2512619.3424997795,-2011856.5731573333,299.9066148799919,13.9
300000,599.9999999996356,-2512921.385997679,-2011944.3627810334,300.0349314363933,13.9
300500,600.999999999612,-2512996.132366976,-2012303.955941809,299.8643368111099,13.9
301000,601.9999999995883,-2514184.17388973,-2013357.1968471154,299.9450688449943,13.9
301500,602.9999999995647,-2511515.7965382133,-2011922.1184624846,299.206446605207,13.9
302000,603.999999999541,-2510577.855567146,-2012147.6300414833,298.5096553554863,13.9
302500,604.9999999995174,-2508326.922910003,-2007547.977423035,299.9163027662372,13.9
303000,605.9999999994938,-2510449.383503694,-2008850.2883646456,300.4074900527312,13.9
303500,606.9999999994701,-2510669.565297613,-2011162.772495871,299.1544110506499,13.9
304000,607.9999999994465,-2513688.7087775357,-2012470.3376820227,300.1794745809539,13.9
304500,608.9999999994228,-2517010.2244007345,-2016145.113785174,299.9679070260165,13.9
305000,609.9999999993992,-2512360.1625851765,-2009936.5114200932,300.9013163147589,13.9
305500,610.9999999993755,-2512970.3697408997,-2012261.4574361206,299.87435992246895,13.9
306000,611.9999999993519,-2511464.620092647,-2012037.2609140151,299.10683828671256,13.9
306500,612.9999999993282,-2513956.427903276,-2014180.32755205,299.31569923034715,13.9
307000,613.9999999993046,-2513204.425065011,-2013531.2903331956,299.2540331635845,13.9
307500,614.9999999992809,-2513930.3326671664,-2013268.347304209,299.8462553964738,13.9
308000,615.9999999992573,-2512124.5579059795,-2012290.3671834215,299.35048952964627,13.9
308500,616.9999999992336,-2509510.1105997805,-2009024.5877290645,299.74057208305385,13.9
309000,617.99999999921,-2510140.9004924763,-2010148.1579587976,299.44544614357096,13.9
309500,618.9999999991863,-2510517.9099961426,-2011147.5913780348,299.0726767186708,13.9
310000,619.9999999991627,-2510484.9351493157,-2011257.129694077,298.9873256445324,13.9
310500,620.999999999139,-2511704.867219718,-2010722.0571523393,300.0383971788975,13.9
311000,621.9999999991154,-2512819.0305193923,-2012619.6817497918,299.5691825325796,13.9
311500,622.9999999990918,-2511711.119589353,-2012651.61878538,298.8865280586896,13.9
312000,623.9999999990681,-2513787.5411461424,-2012719.319296496,300.0895502598751,13.9
312500,624.9999999990445,-2511759.1272866726,-2011637.622000971,299.5225621023561,13.9
313000,625.9999999990208,-2513838.823487716,-2013131.2041391702,299.8735855715169,13.9
313500,626.9999999989972,-2513342.7609811686,-2011625.3620530115,300.4783421429646,13.9
314000,627.9999999989735,-2511372.5944272634,-2010027.1550361363,300.2555757304986,13.9
314500,628.9999999989499,-2515107.1841625758,-2016649.7452588095,298.5259534363463,13.9
315000,629.9999999989262,-2510719.5318612903,-2009380.4204182206,300.25178592503147,13.9
315500,630.9999999989026,-2512843.147976758,-2012794.9399896748,299.47866438061186,13.9
316000,631.9999999988789,-2512445.5685120523,-2012850.9314791984,299.20702092423153,13.9
316500,632.9999999988553,-2513369.7299831063,-2012492.5967849032,299.975107345775,13.9
317000,633.9999999988316,-2512847.018097872,-2012159.3962041792,299.86160910409905,13.9
317500,634.999999998808,-2511773.8902420886,-2011386.1638533531,299.68200181055454,13.9
318000,635.9999999987843,-2512543.636851603,-2011648.9607417572,299.9856137882825,13.9
318500,636.9999999987607,-2512479.167382773,-2011111.887676187,300.26865588636923,13.9
319000,637.999999998737,-2513404.733867351,-2012608.8952799207,299.9264200370981,13.9
319500,638.9999999987134,-2515171.82170243,-2014601.987981568,299.7910658162405,13.9
320000,639.9999999986898,-2512511.426022649,-2012346.3153572273,299.54867734618625,13.9
320500,640.9999999986661,-2515888.244339792,-2016220.2640677271,299.2509461597777,13.9
321000,641.9999999986425,-2515247.227011692,-2014623.8291854453,299.8231453367409,13.9
321500,642.9999999986188,-2513658.4969615303,-2012231.7558086978,300.30426732186606,13.9
322000,643.9999999985952,-2511527.880317392,-2011419.3685295037,299.5147803019045,13.9
322500,644.9999999985715,-2514645.065432852,-2014903.428107338,299.2950593385411,13.9
323000,645.9999999985479,-2512909.942299295,-2010340.375216449,300.988705297392,13.9
323500,646.9999999985242,-2514871.6408700794,-2013537.4267129928,300.2488529424872,13.9
324000,647.9999999985006,-2511259.897905264,-2011068.6508047446,299.56433044632695,13.9
324500,648.9999999984769,-2512866.86720079,-2011601.1008880022,300.2078595569238,13.9
325000,649.9999999984533,-2514427.942011295,-2010872.7578893271,301.5789909333612,13.9
325500,650.9999999984296,-2511323.1177895144,-2008927.4897366161,300.88453328449305,13.9
326000,651.999999998406,-2513688.76659433,-2011616.8355211236,300.69067129760106,13.9
326500,652.9999999983823,-2512572.355462307,-2011655.2131381019,299.9990687947449,13.9
327000,653.9999999983587,-2514879.184468357,-2013186.5235662076,300.46352654944815,13.9
327500,654.999999998335,-2513685.61259217,-2012560.929429162,300.1233649170314,13.9
328000,655.9999999983114,-2512744.7600289676,-2012652.139218071,299.5052632023746,13.9
328500,656.9999999982878,-2512292.273139134,-2009408.9824078626,301.17659426032463,13.9
329000,657.9999999982641,-2514574.193348782,-2014825.8965019656,299.29904772308714,13.9
329500,658.9999999982405,-2511210.3052360937,-2010451.5244637323,299.90422612702224,13.9
330000,659.9999999982168,-2511564.1135875043,-2010916.4938568505,299.83765182524485,13.9
330500,660.9999999981932,-2513491.9687251,-2013688.8432664073,299.331884556001,13.9
331000,661.9999999981695,-2512977.162967244,-2011094.5611785257,300.5772820676411,13.9
331500,662.9999999981459,-2513813.167281702,-2015416.4495363021,298.48958755978344,13.9
332000,663.9999999981222,-2514890.2886409294,-2013424.5505822357,300.3276225526133,13.8
332500,664.9999999980986,-2514687.2147959396,-2014593.082034544,299.50616870890144,13.8
333000,665.9999999980749,-2512955.008652134,-2012042.278319241,299.99642645497767,13.8
333500,666.9999999980513,-2513297.731484974,-2010993.7564130505,300.829642352198,13.8
334000,667.9999999980276,-2514672.588774992,-2016943.7446691273,298.08959831405025,13.8
334500,668.999999998004,-2514719.00753667,-2013085.6477045338,300.4280111632111,13.8
335000,669.9999999979804,-2512057.4719972257,-2010860.6881217086,300.16654600385107,13.8
335500,670.9999999979567,-2512239.890573358,-2009192.6786973306,301.2747665659367,13.8
336000,671.9999999979331,-2511707.7429520823,-2009676.8630899903,300.6660857442896,13.8
336500,672.9999999979094,-2512416.1317154933,-2010350.1213064818,300.68712541427027,13.8
337000,673.9999999978858,-2513618.3831072096,-2012411.3093718055,300.17270859666996,13.8
337500,674.9999999978621,-2516225.9333210327,-2015009.3352955896,300.1784126900243,13.8
338000,675.9999999978385,-2514061.684824761,-2014070.934046262,299.44425328221985,13.8
338500,676.9999999978148,-2511991.21313753,-2011707.411546549,299.6197612922795,13.8
339000,677.9999999977912,-2514114.01999183,-2014012.6468186276,299.5105049885297,13.8
339500,678.9999999977675,-2512879.576686958,-2011786.6322538413,300.10435660486223,13.8
340000,679.9999999977439,-2515182.2760118917,-2015130.649368194,299.4807118126406,13.8
340500,680.9999999977202,-2512471.920743309,-2013570.9645419267,298.7915757619504,13.8
341000,681.9999999976966,-2516496.5309478305,-2015940.5626634245,299.7827618120973,13.8
341500,682.999999997673,-2515747.4926502313,-2014888.0471519,299.96451418965756,13.8
342000,683.9999999976493,-2515611.8635932095,-2014569.0061087795,300.07435955206637,13.8
342500,684.9999999976257,-2512623.804834556,-2010210.7673508632,300.8949597853757,13.8
343000,685.999999997602,-2513788.217714118,-2011133.2322410448,301.03986233587364,13.8
343500,686.9999999975784,-2512885.79300585,-2012470.3368439376,299.6986091602101,13.8
344000,687.9999999975547,-2513033.2327244915,-2011311.606000437,300.48087416817435,13.8
344500,688.9999999975311,-2514193.731906237,-2013356.0206641026,299.95149755263486,13.8
345000,689.9999999975074,-2514093.573886471,-2014974.47247039,298.9222228405631,13.8
345500,690.9999999974838,-2512239.293590417,-2015677.8823595785,297.3904232493614,13.8
346000,691.9999999974601,-2513763.65752309,-2013605.3077582014,299.54462824566104,13.8
346500,692.9999999974365,-2515363.973349998,-2014020.2217691578,300.2545649016176,13.8
347000,693.9999999974128,-2512818.632713413,-2011518.526425444,300.228425753818,13.8
347500,694.9999999973892,-2512515.9310499914,-2011921.9405293963,299.8055333135822,13.8
348000,695.9999999973655,-2514814.5662347414,-2015521.4185248849,299.0264590937238,13.8
348500,696.9999999973419,-2512114.5792789366,-2011978.1112793405,299.5315232655022,13.8
349000,697.9999999973182,-2513843.996140877,-2013306.2820998128,299.7718293533303,13.8
349500,698.9999999972946,-2517401.882587755,-2017417.695764342,299.4403221322411,13.8
350000,699.999999997271,-2514098.8447573334,-2015060.7109557095,298.87373136984417,13.8
350500,700.9999999972473,-2515980.655499704,-2013249.1264240479,301.0857042677162,13.8
351000,701.9999999972237,-2511922.285299374,-2010285.1062079808,300.43029851599584,13.8
351500,702.9999999972,-2512380.884896172,-2011273.2969764487,300.11312658291814,13.8
352000,703.9999999971764,-2512492.203247443,-2012297.1743499832,299.566595362946,13.8
352500,704.9999999971527,-2511821.355725752,-2011853.883789122,299.4303115934789,13.8
353000,705.9999999971291,-2511988.1709329206,-2010766.2366265128,300.18160858648093,13.8
353500,706.9999999971054,-2512859.5117205344,-2010639.16975355,300.779554520335,13.8
354000,707.9999999970818,-2511300.158544602,-2012898.838967606,298.4923435948178,13.8
354500,708.9999999970581,-2511684.555642752,-2010371.7723905526,300.2360179824382,13.8
355000,709.9999999970345,-2513590.166734416,-2013367.705508975,299.58302457279706,13.8
355500,710.9999999970108,-2513070.908651255,-2014235.5419016734,298.7522942664687,13.8
356000,711.9999999969872,-2511263.7510736883,-2011500.9779531246,299.3077175574306,13.8
356500,712.9999999969635,-2513126.241363976,-2012812.8841838627,299.63746212235355,13.8
357000,713.9999999969399,-2514613.788946422,-2013536.8223480755,300.0947874862448,13.8
357500,714.9999999969162,-2516260.86050394,-2015952.4243907328,299.63451489742425,13.8
358000,715.9999999968926,-2514908.7284314577,-2014330.320797384,299.79620072930715,13.8
358500,716.999999996869,-2512457.1338474434,-2013629.6677346483,298.74756257837385,13.8
359000,717.9999999968453,-2512331.0744128507,-2010034.5997209288,300.8251503777258,13.8
359500,718.9999999968217,-2512085.253568817,-2011881.3959013694,299.57188290963023,13.8
360000,719.999999996798,-2513524.1615276057,-2013958.64252425,299.18958214844105,13.8
360500,720.9999999967744,-2512573.9961583894,-2011789.4010810698,299.9196863035559,13.8
361000,721.9999999967507,-2512812.5594509225,-2012407.5242775779,299.6923680344786,13.8
361500,722.9999999967271,-2514058.2497636024,-2011843.7683984314,300.7760446083395,13.8
362000,723.9999999967034,-2515225.251187617,-2013373.9992436608,300.55850665861453,13.8
362500,724.9999999966798,-2514807.932045996,-2012511.1559934746,300.82533086246394,13.8
363000,725.9999999966561,-2513942.190787988,-2014718.6314214289,298.984782663783,13.8
363500,726.9999999966325,-2515405.33884136,-2014263.592475515,300.13358406213393,13.8
364000,727.9999999966088,-2511273.9359654263,-2011111.7857811796,299.54690431523846,13.8
364500,728.9999999965852,-2515096.308842825,-2013562.93946312,300.3681269227185,13.8
365000,729.9999999965615,-2512447.9610687736,-2011823.3271895894,299.82388560833266,13.8
365500,730.9999999965379,-2512887.964107739,-2011529.7219293276,300.26324331449354,13.8
366000,731.9999999965142,-2511913.280150339,-2009452.7698695962,300.92339122384095,13.8
366500,732.9999999964906,-2512932.3811993115,-2012438.6113936345,299.74551116898186,13.8
367000,733.999999996467,-2512204.6571492143,-2010442.5895771147,300.5050941752967,13.8
367500,734.9999999964433,-2513207.2398243435,-2012791.8790547606,299.69855202978323,13.8
368000,735.9999999964197,-2513146.273255091,-2012233.8897934426,299.9962187139334,13.8
368500,736.999999996396,-2514624.1312728003,-2012943.6880008285,300.4562094158019,13.8
369000,737.9999999963724,-2515989.4134444855,-2015480.2209135073,299.75474783276854,13.8
369500,738.9999999963487,-2512782.7138024326,-2012246.4085097895,299.7709856544853,13.8
370000,739.9999999963251,-2513208.535705963,-2011802.7451978673,300.291719989422,13.8
370500,740.9999999963014,-2512688.106590338,-2013449.8612297291,298.9935780995288,13.8
371000,741.9999999962778,-2511595.967965098,-2011009.8274907498,299.80083192414054,13.8
371500,742.9999999962541,-2513867.1618240606,-2013369.7576514275,299.7476877898446,13.8
372000,743.9999999962305,-2511052.201378256,-2009923.5717635332,300.12572844532673,13.8
372500,744.9999999962068,-2515545.0315875076,-2014058.5041788116,300.34007328570783,13.8
373000,745.9999999961832,-2511230.224651698,-2010012.954598343,300.17881516726214,13.8
373500,746.9999999961595,-2513133.1117609944,-2010003.9640615014,301.3238378966293,13.8
374000,747.9999999961359,-2513001.3641141634,-2012839.2000767044,299.5469126119215,13.8
374500,748.9999999961123,-2510538.11262287,-2010402.732368403,299.5308718153956,13.8
375000,749.9999999960886,-2512503.9996361155,-2010267.5112579677,300.7892245992844,13.8
375500,750.999999996065,-2513488.3876815084,-2011482.8126662166,300.65093068203566,13.8
376000,751.9999999960413,-2513452.637903668,-2013193.325482634,299.6050947385546,13.8
376500,752.9999999960177,-2514969.179235764,-2013205.6769698604,300.5059534128207,13.8
377000,753.999999995994,-2512825.966722034,-2013682.5582523681,298.9367803248743,13.8
377500,754.9999999959704,-2514282.0775229316,-2014613.8998022792,299.2510644116549,13.8
378000,755.9999999959467,-2514350.612018278,-2013294.2920104202,300.0824222517639,13.8
378500,756.9999999959231,-2515049.3403989505,-2014341.0623148475,299.873980087969,13.8
379000,757.9999999958994,-2512247.729393713,-2011370.289411286,299.9752910787197,13.8
379500,758.9999999958758,-2511913.6580329277,-2011834.620329848,299.4971282847363,13.8
380000,759.9999999958521,-2512513.382300118,-2009485.0399628864,301.26346560697743,13.8
380500,760.9999999958285,-2513952.6875030566,-2012003.6227864246,300.61708668760457,13.8
381000,761.9999999958048,-2513261.753840694,-2011385.314792042,300.5735912051713,13.8
381500,762.9999999957812,-2514015.18796253,-2012390.0727880346,300.4230734411694,13.8
382000,763.9999999957575,-2513801.3812670372,-2013295.8188194134,299.7525737773531,13.8
382500,764.9999999957339,-2514912.201644998,-2011916.6601295383,301.2438212084217,13.8
383000,765.9999999957103,-2511209.593106691,-2011160.474107335,299.4792099854842,13.8
383500,766.9999999956866,-2514507.1720222905,-2015681.1008507865,298.7467271486131,13.8
384000,767.999999995663,-2512665.9903702512,-2011455.03573553,300.1750328656615,13.8
384500,768.9999999956393,-2517702.698435262,-2018412.7899360303,299.0245191318239,13.8
385000,769.9999999956157,-2515643.735481752,-2011595.013813872,301.8745703649253,13.8
385500,770.999999995592,-2513057.089195894,-2013083.0593047335,299.43423914972743,13.8
386000,771.9999999955684,-2512275.089195894,-2009591.337828537,301.0570902180303,13.8
386500,772.9999999955447,-2513591.7592867743,-2012470.3927808194,300.12137857249775,13.8
387000,773.9999999955211,-2517092.677748019,-2015484.5040132308,300.4129272199545,13.8
387500,774.9999999954974,-2513264.22080929,-2012447.8738671094,299.93870248225295,13.8
388000,775.9999999954738,-2513974.6397666764,-2014852.5596218815,298.9240067999545,13.8
388500,776.9999999954501,-2517348.907212548,-2016730.894364669,299.81992027542987,13.8
389000,777.9999999954265,-2515322.3171493467,-2013591.3664269987,300.4864583068853,13.8
389500,778.9999999954028,-2512970.6869783066,-2010980.7533230972,300.6415630779692,13.8
390000,779.9999999953792,-2513775.6541839615,-2013359.922161298,299.69877437309924,13.8
390500,780.9999999953556,-2512590.900700683,-2011776.6725857614,299.937433517486,13.8
391000,781.9999999953319,-2514119.1727994885,-2013416.4717662472,299.87063999452096,13.8
391500,782.9999999953083,-2511723.383720761,-2011289.656476777,299.7095517036852,13.8
392000,783.9999999952846,-2513744.044396935,-2013129.6213455265,299.8177703478124,13.8
392500,784.999999995261,-2512474.509212414,-2013418.6536486687,298.8843449258289,13.8
393000,785.9999999952373,-2515303.235166529,-2014266.393304293,300.07075679842916,13.9
393500,786.9999999952137,-2515235.8615618367,-2013322.7870140122,300.5955321904318,13.9
394000,787.99999999519,-2510013.929014884,-2008704.1086236862,300.234243526213,13.9
394500,788.9999999951664,-2510113.8105547223,-2009663.0839719558,299.71973260063197,13.9
395000,789.9999999951427,-2510260.257610325,-2008994.858803586,300.20763945770324,13.9
395500,790.9999999951191,-2512137.992399033,-2013671.2360533967,298.53153364841825,13.9
396000,791.9999999950954,-2511843.823977841,-2011580.091532506,299.6077418892754,13.9
396500,792.9999999950718,-2512034.1082978416,-2011882.258365639,299.540735498561,13.9
397000,793.9999999950481,-2511755.028862374,-2011802.265168291,299.4215028331172,13.9
397500,794.9999999950245,-2511510.171509076,-2010453.6926644514,300.0825173790376,13.9
398000,795.9999999950008,-2513067.1471254546,-2012278.7563560652,299.92195954196245,13.9
398500,796.9999999949772,-2513553.561552806,-2014563.1692300742,298.8451390179352,13.9
399000,797.9999999949536,-2515192.3287172597,-2014416.311606073,299.9145489631963,13.9
399500,798.9999999949299,-2516206.301183792,-2013624.901573376,300.9957917932461,13.9
400000,799.9999999949063,-2511406.3052367754,-2009729.239699761,300.4541864917368,13.9
400500,800.9999999948826,-2514094.9971340448,-2014241.854928434,299.36183956498706,13.9
401000,801.999999994859,-2513402.9485373627,-2013018.9546357063,299.67976642559074,13.9
401500,802.9999999948353,-2515338.768313363,-2012212.7104945178,301.3219873683908,13.9
402000,803.9999999948117,-2514322.398396738,-2014361.291191107,299.4264997587232,13.9
402500,804.999999994788,-2516779.0890592467,-2016066.2020289884,299.87674038391,13.9
403000,805.9999999947644,-2513814.957447594,-2011490.503800695,300.841906962258,13.8
403500,806.9999999947407,-2513440.731359577,-2014621.202955216,298.74280868808455,13.9
404000,807.9999999947171,-2514084.625230601,-2014003.7611863455,299.49822207970914,13.9
404500,808.9999999946934,-2510302.5274710283,-2009613.1894942066,299.86263686557334,13.9
405000,809.9999999946698,-2512398.916041,-2011786.3379908856,299.81666537730246,13.9
405500,810.9999999946461,-2514666.3179398775,-2014465.7229804115,299.5699288751732,13.9
406000,811.9999999946225,-2512800.2693270873,-2012404.4235376234,299.6868645162835,13.9
406500,812.9999999945989,-2511208.3078767285,-2010987.7620090353,299.5818774658364,13.9
407000,813.9999999945752,-2512748.99833408,-2010444.4002798698,300.8300154560314,13.9
407500,814.9999999945516,-2512840.1309893224,-2010613.0260104253,300.78360488536464,13.9
408000,815.9999999945279,-2513780.401258584,-2014699.0385124031,298.8996211668113,13.9
408500,816.9999999945043,-2511917.6488255747,-2012494.2102459702,299.1044902415809,13.9
409000,817.9999999944806,-2514741.6018850803,-2011392.6480560028,301.45547969647816,13.9
409500,818.999999994457,-2514668.658769699,-2014472.361454538,299.56735501778115,13.9
410000,819.9999999944333,-2516271.833173314,-2016378.1128368843,299.38614179070555,13.9
410500,820.9999999944097,-2513345.4548967853,-2012108.1964279644,300.19078622099494,13.9
411000,821.999999994386,-2511163.435059957,-2010279.3974875552,299.9792423726194,13.9
411500,822.9999999943624,-2510598.8371835016,-2009028.9243944578,300.3900127554161,13.9
412000,823.9999999943387,-2513460.39779569,-2013249.4046449636,299.57615634760685,13.9
412500,824.9999999943151,-2512784.132484425,-2013377.9666910993,299.09414557704196,13.9
413000,825.9999999942914,-2512987.654066285,-2011411.3250161696,300.39385545151094,13.9
413500,826.9999999942678,-2511638.923970796,-2011736.5378262084,299.39133173961756,13.9
414000,827.9999999942441,-2512607.762393499,-2012180.0411417708,299.7059547174139,13.9
414500,828.9999999942205,-2512456.630144689,-2011015.2911400632,300.31300996925114,13.9
415000,829.9999999941969,-2513816.2341323905,-2010458.3949842304,301.4608011103918,13.9
415500,830.9999999941732,-2513861.7750182375,-2013260.6375728701,299.8098136038643,13.9
416000,831.9999999941496,-2513706.5377455316,-2013493.6028891471,299.5773192343201,13.9
416500,832.9999999941259,-2513205.920527974,-2011518.8002460813,300.46020827427446,13.9
417000,833.9999999941023,-2514632.995737804,-2013578.4936855286,300.08133347891953,13.9
417500,834.9999999940786,-2517146.0971048214,-2016681.3081705663,299.72815453710626,13.9
418000,835.999999994055,-2516039.732511854,-2014814.8681995396,300.18336336580313,13.9
418500,836.9999999940313,-2515915.6731733643,-2013674.9992551806,300.7917313174761,13.9
419000,837.9999999940077,-2515340.515631592,-2014550.1833001282,299.92312234268337,13.9
419500,838.999999993984,-2515600.1629642695,-2016116.0226622717,299.1408444779478,13.9
420000,839.9999999939604,-2512216.3351172544,-2011508.51863183,299.87370363671187,13.9
420500,840.9999999939367,-2511982.663068723,-2009057.135780756,301.201889716613,13.9
421000,841.9999999939131,-2515052.067047389,-2016883.5851172511,298.3528972246783,13.9
421500,842.9999999938894,-2511969.1667653415,-2010469.6549386398,300.34784964826645,13.9
422000,843.9999999938658,-2512884.4562345203,-2012942.529161642,299.41501278517205,13.9
422500,844.9999999938422,-2511738.407252742,-2010003.435695463,300.48886638325797,13.9
423000,845.9999999938185,-2511979.511530716,-2010806.5323277416,300.1522893953376,13.9
423500,846.9999999937949,-2512624.192466438,-2011296.1413803967,300.245161881794,13.9
424000,847.9999999937712,-2507878.777427865,-2007194.9959605287,299.8593090743469,13.9
424500,848.9999999937476,-2513716.0609247014,-2011494.55911064,300.78024915226825,13.9
425000,849.9999999937239,-2512250.7645909376,-2010030.1167323398,300.77973771869534,13.9
425500,850.9999999937003,-2513329.5229658503,-2010938.2153214235,300.8819457936513,13.9
426000,851.9999999936766,-2513572.836108625,-2012138.6450841133,300.308729046925,13.9
426500,852.999999993653,-2515162.0122422017,-2013954.6224656631,300.1728978735744,13.9
427000,853.9999999936293,-2515968.9233545437,-2015703.4115936258,299.6088075206402,13.9
427500,854.9999999936057,-2513345.6665679496,-2013977.1666686786,299.0715874887137,13.9
428000,855.999999993582,-2513549.7923749015,-2011187.0654735921,300.8648287984515,13.9
428500,856.9999999935584,-2513715.597775571,-2011191.3674708356,300.9615531197838,13.9
429000,857.9999999935347,-2512549.495441558,-2012121.76044589,299.7059629486538,13.9
429500,858.9999999935111,-2514704.3853344694,-2014566.60834052,299.5323072216776,13.9
430000,859.9999999934874,-2515244.8027648963,-2014234.341063404,300.0549577311002,13.9
430500,860.9999999934638,-2513814.2119569406,-2013646.7398895177,299.55009158886554,13.9
431000,861.9999999934402,-2511725.551646691,-2009151.1742469985,300.9915861941561,13.9
431500,862.9999999934165,-2512226.5240235515,-2009532.2014488955,301.06342130969756,13.9
432000,863.9999999933929,-2516035.380136516,-2014254.900248209,300.5161213038372,13.9
432500,864.9999999933692,-2516972.0672855247,-2015572.6274182152,300.2879165932889,13.9
433000,865.9999999933456,-2513745.3801273834,-2012606.8949191817,300.1316309561739,13.9
433500,866.9999999933219,-2514199.529854309,-2014397.1984660141,299.3314089875689,13.9
434000,867.9999999932983,-2512766.3174836,-2011363.1304875074,300.29016074716316,13.9
434500,868.9999999932746,-2515605.274942085,-2013171.9819116031,300.9070908239474,13.9
435000,869.999999993251,-2513091.913102379,-2010267.4989336752,301.1413331114206,13.9
435500,870.9999999932273,-2511954.688186066,-2010891.3147031302,300.086646575063,13.9
436000,871.9999999932037,-2515730.472105494,-2014377.7830997058,300.2599175217124,13.9
436500,872.99999999318,-2517426.5725436416,-2015690.3569650915,300.4896114270813,13.9
437000,873.9999999931564,-2512157.1369254123,-2013562.5849053382,298.6080704248387,13.9
437500,874.9999999931327,-2514300.7909392547,-2012107.3571223544,300.76343924040907,13.9
438000,875.9999999931091,-2515309.2300837208,-2015773.7622593786,299.1715845097929,13.9
438500,876.9999999930855,-2514266.6329192445,-2010907.4663828718,301.46159608264173,13.9
439000,877.9999999930618,-2516222.803314382,-2015893.7505762952,299.64686218551464,13.9
439500,878.9999999930382,-2514502.4582543056,-2011938.4261590478,300.98539039562087,13.9
440000,879.9999999930145,-2517036.0122954026,-2014691.7392250258,300.85377680675924,13.9
440500,880.9999999929909,-2514045.6383720674,-2014471.2259003748,299.1949084429397,13.9
441000,881.9999999929672,-2514362.15473463,-2013840.716632862,299.76208170003605,13.9
441500,882.9999999929436,-2515034.7494061943,-2014681.415620485,299.66140409486553,13.9
442000,883.9999999929199,-2512403.7621613294,-2013016.3399764048,299.08292003774415,13.9
442500,884.9999999928963,-2514013.778056482,-2013020.6658303023,300.04456713753063,13.9
443000,885.9999999928726,-2515333.4393955674,-2015292.7272983706,299.4741750952678,13.9
443500,886.999999992849,-2516388.021372702,-2014932.9909033792,300.32120978177977,13.9
444000,887.9999999928253,-2513590.573367648,-2013355.4170066572,299.59062768421285,13.9
444500,888.9999999928017,-2515841.829694504,-2014229.814768893,300.41522770754534,13.9
445000,889.999999992778,-2513857.080100758,-2014238.0354609499,299.2216386299139,13.9
445500,890.9999999927544,-2514903.008635534,-2014972.25228416,299.40832264469594,13.9
446000,891.9999999927307,-2514619.642138593,-2013546.5012334692,300.09249628016033,13.9
446500,892.9999999927071,-2514914.651193887,-2014778.4056362906,299.5313900450809,13.9
447000,893.9999999926835,-2515156.9269771148,-2014474.2032859346,299.85867557264555,13.9
447500,894.9999999926598,-2515118.8831839897,-2014572.0201683966,299.77730867038144,13.9
448000,895.9999999926362,-2515030.228036646,-2014368.979236005,299.8458142696078,13.9
448500,896.9999999926125,-2515460.276467573,-2014414.625201543,300.07603274670777,13.9
449000,897.9999999925889,-2515169.4888164066,-2012767.1738513957,300.8885380733842,13.9
449500,898.9999999925652,-2509994.121589342,-2007635.8230708842,300.86217664179827,13.9
450000,899.9999999925416,-2512913.846196115,-2011155.785536956,300.5026944367983,13.9
450500,900.9999999925179,-2513411.705345303,-2013751.9135387284,299.2460420911915,13.9
451000,901.9999999924943,-2514990.0929102823,-2013465.3102540637,300.3629843375836,13.9
451500,902.9999999924706,-2513017.1444062684,-2012070.8110658135,300.01655128227054,13.9
452000,903.999999992447,-2512817.064501675,-2011290.845934695,300.36384430394304,13.9
452500,904.9999999924233,-2514178.8797571436,-2014080.069781167,299.50896989077427,13.9
453000,905.9999999923997,-2515187.182808997,-2013432.8445041957,300.5004651203172,13.9
453500,906.999999992376,-2514199.521351071,-2012377.707191673,300.5408763816512,13.9
454000,907.9999999923524,-2513829.443856595,-2011367.5709476257,300.9242073013206,13.9
454500,908.9999999923288,-2515452.721499337,-2014187.9932247405,300.2072378762813,13.9
455000,909.9999999923051,-2515221.174357446,-2015886.0983595503,299.0515699280416,13.9
455500,910.9999999922815,-2514401.67362391,-2011971.8919753493,300.90498785877116,13.9
456000,911.9999999922578,-2512555.003748024,-2012524.3947378388,299.46812436064647,13.9
456500,912.9999999922342,-2512937.8684192,-2013673.567381484,299.0091828337424,13.9
457000,913.9999999922105,-2513021.925218027,-2010547.0008360574,300.93202382308783,13.9
457500,914.9999999921869,-2513359.925218027,-2012071.5169954624,300.22141978729894,13.9
458000,915.9999999921632,-2513928.466375515,-2014913.3602999623,298.8599400742502,13.9
458500,916.9999999921396,-2512105.2552359086,-2011432.963833723,299.85242767909335,13.9
459000,917.9999999921159,-2513686.1566292737,-2013050.5538137264,299.8304548997713,13.9
459500,918.9999999920923,-2516050.1566292737,-2015189.9696620377,299.96495825507685,13.9
460000,919.9999999920686,-2514320.490121806,-2012828.987084749,300.34305318746976,13.9
460500,920.999999992045,-2516664.5405415706,-2017305.4800614303,299.0659342245111,13.9
461000,921.9999999920213,-2518612.5806203578,-2016504.0785860782,300.7125736310209,13.9
461500,922.9999999919977,-2517851.9893052187,-2016548.5010736506,300.2304511984371,13.9
462000,923.999999991974,-2516210.40281542,-2015200.7018996114,300.05450209686984,13.9
462500,924.9999999919504,-2514032.978169225,-2012072.4506267002,300.623951769278,13.9
463000,925.9999999919268,-2514443.234077804,-2013499.6312522385,300.0149159780356,13.9
463500,926.9999999919031,-2514406.8629480843,-2012639.6140249874,300.50819728426006,13.9
464000,927.9999999918795,-2515670.9998564515,-2014994.5922539402,299.85489286976144,13.9
464500,928.9999999918558,-2515186.2337854076,-2015586.8683201193,299.20985278045555,13.9
465000,929.9999999918322,-2516772.924522251,-2013840.6376085866,301.2059380536397,13.9
465500,930.9999999918085,-2514036.7010109015,-2013102.7553565737,300.0091323021866,13.9
466000,931.9999999917849,-2514251.333179271,-2014925.5591191105,299.0459990013899,13.9
466500,932.9999999917612,-2513793.963341506,-2012088.8457568965,300.47098685140753,13.9
467000,933.9999999917376,-2512199.1741367485,-2010128.8569028815,300.6897047698901,13.9
467500,934.9999999917139,-2513659.6263013314,-2012460.7172078548,300.1678187960057,13.9
468000,935.9999999916903,-2511822.0517231207,-2009758.0449238305,300.68592545323907,13.9
468500,936.9999999916666,-2515136.6442017425,-2012949.1029427259,300.75991018993636,13.9
469000,937.999999991643,-2512564.163010834,-2011800.8990167438,299.90691112665627,13.9
469500,938.9999999916193,-2509992.072972946,-2010664.1002843662,299.0473157590384,13.9
470000,939.9999999915957,-2513331.5913582817,-2011553.9275588398,300.51443474938384,13.9
470500,940.999999991572,-2516184.6476579346,-2014222.7535365552,300.6247702127871,13.9
471000,941.9999999915484,-2518726.194311194,-2017514.082662572,300.1757258008069,13.9
471500,942.9999999915248,-2514257.281589346,-2013361.0585729426,299.9865402299782,13.9
472000,943.9999999915011,-2515349.421817828,-2015300.1111314048,299.47932478678933,13.9
472500,944.9999999914775,-2514069.529647989,-2012985.468043854,300.0990366822693,13.9
473000,945.9999999914538,-2514432.2199923433,-2015066.077488055,299.07017564583623,13.9
473500,946.9999999914302,-2513791.9312190115,-2012938.2041889483,299.9610894013833,13.9
474000,947.9999999914065,-2515541.7103208434,-2015714.9494069072,299.34603982034406,13.9
474500,948.9999999913829,-2517393.778775096,-2015879.8968694713,300.3564558825737,13.9
475000,949.9999999913592,-2516520.732311748,-2015472.1545485393,300.0777854246544,13.9
475500,950.9999999913356,-2514849.044084709,-2015420.6841775272,299.1074376226261,13.9
476000,951.9999999913119,-2518292.9441992603,-2017991.237436108,299.6304846924673,13.9
476500,952.9999999912883,-2513879.6992254537,-2012420.9324845031,300.3234474333081,13.9
477000,953.9999999912646,-2513873.5046922117,-2012758.037305458,300.11784559245484,13.9
477500,954.999999991241,-2514537.5388615225,-2014496.3934840183,299.47443458666413,13.9
478000,955.9999999912174,-2512544.213171359,-2011547.6112544904,300.0466571118372,13.9
478500,956.9999999911937,-2512203.2820235696,-2012627.8701482231,299.1955069853735,13.9
479000,957.9999999911701,-2512569.093368238,-2012606.5320365403,299.4273706342214,13.9
479500,958.9999999911464,-2513411.070109725,-2013253.9194837972,299.5439100818346,13.9
480000,959.9999999911228,-2512712.2103291526,-2008942.2485071511,301.70762120883757,13.9
480500,960.9999999910991,-2516459.8215322047,-2015017.235830071,300.3137566158715,13.9
481000,961.9999999910755,-2513597.573613368,-2013064.950857603,299.7687801846763,13.9
481500,962.9999999910518,-2510650.298486281,-2011699.3054687427,298.82154279039486,13.9
482000,963.9999999910282,-2510370.8305224776,-2009284.097558359,300.1006365586555,13.9
482500,964.9999999910045,-2512966.687652137,-2010465.7307829654,300.9476146688767,13.9
483000,965.9999999909809,-2513840.8334170002,-2013922.9172112527,299.40063268680535,13.9
483500,966.9999999909572,-2512500.902823584,-2012621.8368355536,299.3773653075269,13.9
484000,967.9999999909336,-2513330.5606837887,-2013457.6722800778,299.37366555483976,13.9
484500,968.9999999909099,-2513618.0958019346,-2012110.308024407,300.35280611178393,13.9
485000,969.9999999908863,-2514539.73798926,-2012593.2747899857,300.6155286399378,13.9
485500,970.9999999908626,-2513852.6253804043,-2013617.0875407902,299.5908561516022,13.9
486000,971.999999990839,-2515735.864160219,-2014321.1378681671,300.2970716267276,13.9
486500,972.9999999908154,-2515404.87241628,-2012466.4876068514,301.20959008088414,13.9
487000,973.9999999907917,-2513663.768968379,-2012591.7544663008,300.09182167784365,13.9
487500,974.9999999907681,-2514634.50771218,-2013097.1733224636,300.37050156556984,13.9
488000,975.9999999907444,-2511901.6734326873,-2010175.7736693881,300.4834332896059,13.9
488500,976.9999999907208,-2514633.3627105504,-2013842.7835192552,299.9232701869342,13.9
489000,977.9999999906971,-2513693.40436635,-2013175.7920909822,299.7597904141914,13.9
489500,978.9999999906735,-2512806.045677282,-2014752.8522646166,298.2838509793769,13.9
490000,979.9999999906498,-2512442.152502818,-2010357.131893758,300.69851061519535,13.9
490500,980.9999999906262,-2515037.307073418,-2013290.198707561,300.496135112882,13.9
491000,981.9999999906025,-2514870.0112678055,-2014200.805275585,299.8505798283449,13.9
491500,982.9999999905789,-2512193.7132809944,-2012251.0243119332,299.41546908448,13.9
492000,983.9999999905552,-2516087.3843809813,-2015072.647285724,300.057518262653,13.9
492500,984.9999999905316,-2516090.8670345023,-2015337.091442533,299.9012285265612,13.9
493000,985.999999990508,-2517487.2327054143,-2016358.3557030428,300.1258766056868,13.9
493500,986.9999999904843,-2512526.5312760696,-2012915.845951545,299.21663223945757,13.9
494000,987.9999999904607,-2515546.022664331,-2013407.3761987216,300.73062711844267,13.9
494500,988.999999990437,-2513374.2201667167,-2011063.1015024078,300.83392064671517,13.9
495000,989.9999999904134,-2513886.004075391,-2013942.118912768,299.4161854843083,13.9
495500,990.9999999903897,-2511479.37504741,-2008879.5871341894,301.0068045401698,13.9
496000,991.9999999903661,-2511797.8430059906,-2009799.786951818,300.6464275793396,13.9
496500,992.9999999903424,-2515059.8554884773,-2014082.2800542312,300.03526215928525,13.9
497000,993.9999999903188,-2515447.7915381268,-2014514.5071128313,300.00873629239334,13.9
497500,994.9999999902951,-2513669.9648258984,-2013067.1859887117,299.81079663274414,13.9
498000,995.9999999902715,-2511838.591110062,-2011101.849193199,299.89102706560425,13.9
498500,996.9999999902478,-2513043.715656467,-2010806.9561548464,300.78938697501974,13.9
499000,997.9999999902242,-2514489.855347978,-2013010.1126992095,300.33600989580106,13.9
499500,998.9999999902005,-2514618.2683400344,-2013457.8846620142,300.14474594066627,13.9
500000,999.9999999901769,-2513532.5637949016,-2011961.227734618,300.3908651519714,13.9
