#"Step","Time (ps)","Potential Energy (kJ/mole)","Total Energy (kJ/mole)","Temperature (K)","Speed (ns/day)"
500,1.0000000000000007,-2175932.999699127,-1729234.5590380065,300.5600516072368,0
1000,2.0000000000000013,-2182024.6159026604,-1735945.6475290137,300.1432410573347,16.1
1500,2.999999999999891,-2186828.71357817,-1739625.1602557334,300.8999155372027,16.4
2000,3.999999999999781,-2190681.7630612236,-1747394.053497032,298.2651487797405,16.5
2500,4.999999999999671,-2190829.7568872105,-1743762.4664029917,300.80823138978013,16.5
3000,5.999999999999561,-2192997.0636086594,-1747761.6524139699,299.5756554869312,16.5
3500,6.999999999999451,-2195609.1492268667,-1749878.13593357,299.9091202559452,16.5
4000,7.999999999999341,-2197027.7866012193,-1751141.9816899723,300.0132714515721,16.5
4500,8.999999999999675,-2195896.5285543296,-1752234.690281604,298.51688044860066,16.5
5000,10.000000000000009,-2199007.093744619,-1752036.8663094244,300.7429227332719,16.5
5500,11.000000000000343,-2202288.623162763,-1755799.608918029,300.4191395090801,16.5
6000,12.000000000000677,-2202806.524561381,-1757362.9381298893,299.71572573168953,16.5
6500,13.00000000000101,-2201287.5500117633,-1755341.111913929,300.05406835621955,16.4
7000,14.000000000001345,-2204453.840725351,-1757623.121556256,300.6490549069227,16.3
7500,15.000000000001679,-2203399.5372645278,-1755755.8523006835,301.19605713254737,16.2
8000,16.00000000000201,-2204877.0744717065,-1758543.509958122,300.3145455034516,16.2
8500,17.000000000001457,-2206405.4074616414,-1761477.4831810603,299.3687636011296,16.2
9000,18.000000000000902,-2205086.9900752846,-1759025.18286723,300.13169420526077,16.1
9500,19.000000000000348,-2204790.414287189,-1756234.09809268,301.81011902490815,16.1
10000,19.999999999999794,-2203498.0906986985,-1756955.0432117607,300.45549565583786,16.1
10500,20.99999999999924,-2202962.8474257775,-1757499.260110146,299.72918328206816,16.1
11000,21.999999999998685,-2205930.857874738,-1761566.9307461441,298.9892793726718,16.1
11500,22.99999999999813,-2206678.275189517,-1759768.8504680325,300.7020117626774,16.1
12000,23.999999999997577,-2205068.6312751994,-1757533.8204681785,301.12280139844387,16.1
12500,24.999999999997023,-2204566.59582635,-1759664.487983354,299.3513930685588,16.1
13000,25.99999999999647,-2206245.1644575633,-1759238.2842880026,300.7675844440143,16.1
13500,26.999999999995914,-2206522.321009822,-1762184.527755401,298.9716952535993,16.1
14000,27.99999999999536,-2209374.231834853,-1762731.542059461,300.5225397478562,16
14500,28.999999999994806,-2206690.06027201,-1760989.2609033193,299.8887908840196,16
15000,29.99999999999425,-2209115.2134543695,-1763637.6966647923,299.73855569761054,16
15500,30.999999999993697,-2210859.5818976797,-1764194.6624839802,300.537496910516,16
16000,31.999999999993143,-2208324.536690196,-1762538.6788077746,299.94602231567325,16
16500,32.999999999994365,-2209880.882946968,-1764591.1626344519,299.6121972559882,16
17000,33.99999999999559,-2208385.8849493265,-1761711.8916333003,300.54360226550114,16
17500,34.99999999999681,-2208292.2137520798,-1760180.4589399574,301.5109968882045,16
18000,35.99999999999803,-2208603.610973185,-1763705.9736036125,299.34838512046537,16
18500,36.999999999999254,-2209027.354030013,-1762250.9171669958,300.6125311780913,16
19000,38.000000000000476,-2207638.1360074934,-1760517.9832350577,300.84379966275435,16
19500,39.0000000000017,-2210972.7467547245,-1766083.1131469405,299.3429998071596,15.9
20000,40.00000000000292,-2210539.881526921,-1761844.2998234225,301.90382351267635,15.9
20500,41.00000000000414,-2210062.3777758665,-1763278.760852392,300.61736226578967,15.9
21000,42.000000000005365,-2210021.2096952964,-1765541.5231234622,299.06716785641663,15.9
21500,43.00000000000659,-2210571.314514518,-1764245.9419493729,300.3090335691764,15.9
22000,44.00000000000781,-2210132.510071302,-1764528.8385890443,299.823438601805,15.9
22500,45.00000000000903,-2208824.6402768735,-1764085.360026036,299.2418348855711,15.9
23000,46.00000000001025,-2210160.166058043,-1764737.422346367,299.7017017540501,15.9
23500,47.000000000011475,-2209390.9591759834,-1764127.1301330845,299.5947763728509,15.9
24000,48.0000000000127,-2209301.7976354156,-1764759.607621988,299.1092231579824,15.9
24500,49.00000000001392,-2208263.0222729575,-1763198.597517284,299.46060764199405,15.9
25000,50.00000000001514,-2212394.3872311097,-1767190.038334773,299.55475528861814,15.9
25500,51.000000000016364,-2208897.454973487,-1761914.6769554638,300.7513673649953,15.9
26000,52.000000000017586,-2211757.649764234,-1764441.3066944135,300.97580586770016,15.9
26500,53.00000000001881,-2209871.023831973,-1763092.8403349223,300.6137063969132,15.9
27000,54.00000000002003,-2209018.3358269725,-1763163.7534841006,299.99226341593135,15.9
27500,55.00000000002125,-2214111.955630729,-1770288.8135312218,298.62541336944565,15.9
28000,56.000000000022474,-2213255.468253443,-1765865.5251286295,301.02532750089443,15.9
28500,57.0000000000237,-2212979.713243922,-1767230.0713346147,299.9216544787675,15.9
29000,58.00000000002492,-2210665.4538686667,-1763115.8976306506,301.1327228288709,15.9
29500,59.00000000002614,-2213563.1809435766,-1767622.7138636927,300.05005077008104,15.9
30000,60.00000000002736,-2211949.4103575386,-1766884.980046114,299.46061138016887,15.9
30500,61.000000000028585,-2213150.02484037,-1765607.697798792,301.1278586801371,15.9
31000,62.00000000002981,-2212020.800738182,-1767044.840667185,299.40108437580034,15.9
31500,63.00000000003103,-2210316.158470243,-1765184.515654272,299.505835164262,15.9
32000,64.00000000003224,-2214950.598850377,-1770353.5386281682,299.14614245583925,15.9
32500,65.00000000002991,-2212895.8761913143,-1769584.2657260748,298.28123044781586,15.9
33000,66.00000000002758,-2212842.330768427,-1767987.6334139523,299.3194930268758,15.9
33500,67.00000000002525,-2210601.7855208647,-1764420.4720647258,300.2121037183058,15.9
34000,68.00000000002292,-2210642.520369148,-1764885.725170707,299.9264675534401,15.9
34500,69.00000000002059,-2214508.856978366,-1770587.957564929,298.6911891605504,15.9
35000,70.00000000001826,-2209945.7869836055,-1764587.2434485138,299.6585048081221,15.9
35500,71.00000000001593,-2212559.7094387747,-1766237.4930900363,300.30690991599187,15.9
36000,72.0000000000136,-2212067.3194492944,-1764644.6166888871,301.0473697487925,15.8
36500,73.00000000001127,-2210854.620159233,-1764548.8352007691,300.29585409161604,15.8
37000,74.00000000000894,-2212773.703321697,-1765518.3579727653,300.9347636869593,15.8
37500,75.00000000000661,-2212833.3667544294,-1767399.611206097,299.70911104383595,15.8
38000,76.00000000000428,-2211424.411765391,-1766038.5647033858,299.67687592543774,15.8
38500,77.00000000000195,-2213858.7167552263,-1766094.7482832142,301.27698962331,15.8
39000,77.99999999999962,-2213462.163983058,-1766690.5566067644,300.60928166869803,15.8
39500,78.99999999999729,-2214568.1558005847,-1770263.349388347,298.9495001302532,15.8
40000,79.99999999999496,-2213253.5581114646,-1767506.1137289163,299.9201758777784,15.8
40500,80.99999999999262,-2215376.9042893387,-1769863.2764106956,299.762852963518,15.8
41000,81.9999999999903,-2210544.048250988,-1764156.0935467817,300.35114182215824,15.8
41500,82.99999999998796,-2213008.9198027235,-1765550.678366824,301.07128186750094,15.8
42000,83.99999999998563,-2212764.2648369446,-1766937.4080257614,299.97360835364174,15.8
42500,84.9999999999833,-2214047.909500478,-1769061.2169110333,299.4083057269511,15.8
43000,85.99999999998097,-2213902.0470216386,-1770220.2269712551,298.53032514322524,15.8
43500,86.99999999997864,-2212401.748309614,-1766161.0549849109,300.25205733071107,15.8
44000,87.99999999997631,-2212110.737853393,-1767662.6299394295,299.0459202267512,15.8
44500,88.99999999997398,-2214641.8174157925,-1769214.525114137,299.7047622626942,15.8
45000,89.99999999997165,-2212824.1840597894,-1765290.7873554192,301.12184992262263,15.8
45500,90.99999999996932,-2214038.796559822,-1768918.6013158783,299.49813269090134,15.8
46000,91.99999999996699,-2213388.1999939214,-1768658.6687877448,299.2352752625689,15.8
46500,92.99999999996466,-2212415.6310642343,-1764992.7938088137,301.04746024346287,15.8
47000,93.99999999996233,-2214996.374267688,-1768381.459812761,300.5038511852991,15.8
47500,94.99999999996,-2213255.613565158,-1766882.5036200937,300.3411535590087,15.8
48000,95.99999999995767,-2212253.8269851673,-1766452.509088827,299.9564245516301,15.8
48500,96.99999999995534,-2214362.65686018,-1767261.0318660617,300.83133328834975,15.8
49000,97.999999999953,-2215477.766166702,-1769167.5089946738,300.29886321055903,15.8
49500,98.99999999995067,-2217234.4774841145,-1769818.3280490558,301.042960358417,15.8
50000,99.99999999994834,-2215622.6623992287,-1771185.50051336,299.0385552161096,15.8
50500,100.99999999994601,-2212791.1929348838,-1768720.0263542547,298.7922960895544,15.8
51000,101.99999999994368,-2214550.8928438257,-1768122.6658554669,300.3782389389185,15.8
51500,102.99999999994135,-2211286.584705835,-1767981.8015063368,298.276636737257,15.8
52000,103.99999999993902,-2216862.04987783,-1773679.4272379663,298.1944412765925,15.8
52500,104.99999999993669,-2215507.6807708144,-1770454.411264962,299.4531018569797,15.8
53000,105.99999999993436,-2215323.538578354,-1769106.2226846288,300.2363278783071,15.8
53500,106.99999999993203,-2214727.6545165684,-1768667.6240134325,300.13049875331046,15.8
54000,107.9999999999297,-2215362.6817348544,-1769621.4876898793,299.9159703520534,15.8
54500,108.99999999992737,-2214726.8362632673,-1768551.9826455351,300.20775723041123,15.8
55000,109.99999999992504,-2215421.4331612606,-1770259.050317761,299.52651852336805,15.8
55500,110.99999999992271,-2214352.9498154838,-1765792.1757817983,301.81311847207655,15.8
56000,111.99999999992038,-2213752.077818319,-1767526.1245501311,300.24213951649085,15.8
56500,112.99999999991805,-2213476.8887884635,-1768681.2410129919,299.27976164906715,15.8
57000,113.99999999991572,-2213171.6647798195,-1767438.6947064872,299.9104368710371,15.8
57500,114.99999999991338,-2212897.5099988244,-1767789.935693684,299.4896407203175,15.8
58000,115.99999999991105,-2214437.3797245957,-1770273.32306244,298.8547969741694,15.8
58500,116.99999999990872,-2215315.1161032785,-1770289.2049272717,299.43469386563277,15.8
59000,117.9999999999064,-2213858.587207593,-1768188.3336968417,299.8682381714892,15.8
59500,118.99999999990406,-2214165.7201605216,-1768173.3117837573,300.08499935608415,15.8
60000,119.99999999990173,-2213937.045683248,-1767299.6251644744,300.5189943402679,15.8
60500,120.9999999998994,-2214301.8498051744,-1767883.7389089672,300.3714323488291,15.8
61000,121.99999999989707,-2211982.4764681645,-1767137.1225415962,299.3132063222043,15.8
61500,122.99999999989474,-2213987.5022254195,-1767105.5766963128,300.68350899228943,15.8
62000,123.99999999989241,-2215276.086587591,-1767190.5282731182,301.49337063306524,15.8
62500,124.99999999989008,-2213627.8783897553,-1768827.8547145175,299.28270596348557,15.8
63000,125.99999999988775,-2213028.7751482055,-1767846.3586065464,299.53999815258675,15.8
63500,126.99999999988542,-2214493.6562206782,-1767574.0958590873,300.7088315055647,15.8
64000,127.99999999988309,-2213460.000032002,-1768076.4475714238,299.67533200797476,15.8
64500,128.99999999988785,-2213822.048156228,-1766838.0924932067,300.752159740811,15.8
65000,129.99999999989262,-2215359.254448889,-1770209.5752379433,299.5179709124779,15.8
65500,130.9999999998974,-2213081.2653820217,-1766738.8347994566,300.3205110182323,15.8
66000,131.99999999990217,-2214079.983304506,-1768786.3884143382,299.6148042569376,15.8
66500,132.99999999990695,-2215025.893705599,-1768779.4495920672,300.25592673617507,15.8
67000,133.99999999991172,-2215736.4505279493,-1770061.5400724048,299.87137158642867,15.8
67500,134.9999999999165,-2211893.1633416824,-1763361.6278695615,301.7934453710024,15.8
68000,135.99999999992127,-2212674.681736512,-1765770.8527277652,300.6982466998159,15.8
68500,136.99999999992605,-2217366.5442544315,-1771216.5786589421,300.191011380037,15.8
69000,137.99999999993082,-2218449.7183673773,-1773447.8209631417,299.4185362527427,15.8
69500,138.9999999999356,-2214920.2198569886,-1769396.1858307272,299.7698547167826,15.8
70000,139.99999999994037,-2214549.6046210267,-1769356.9263676638,299.54690272246785,15.8
70500,140.99999999994515,-2213322.1054937616,-1765387.229205891,301.3919845668304,15.8
71000,141.99999999994992,-2215940.025424497,-1770002.9210064926,300.04778821051957,15.8
71500,142.9999999999547,-2214663.782720566,-1769914.0792229678,299.24884814395546,15.8
72000,143.99999999995947,-2215583.426668497,-1769912.7030319748,299.8685544945676,15.8
72500,144.99999999996425,-2218055.045886535,-1772616.3320330526,299.71244722842073,15.8
73000,145.99999999996902,-2214711.4215952065,-1769621.015054059,299.47808942852413,15.8
73500,146.9999999999738,-2215101.3734189197,-1767957.4263657294,300.8598095916025,15.8
74000,147.99999999997857,-2216800.8186937068,-1769375.3082183616,301.04925891353946,15.8
74500,148.99999999998334,-2217527.9999746718,-1770063.4983174514,301.0754940434837,15.8
75000,149.99999999998812,-2214759.4490710795,-1768641.3812907264,300.16954900611574,15.8
75500,150.9999999999929,-2213055.2450521253,-1767761.258877751,299.61506753164497,15.8
76000,151.99999999999767,-2212692.340119146,-1767568.5538470685,299.50054890618895,15.8
76500,153.00000000000244,-2211609.0898298975,-1765388.3501531575,300.23863156308863,15.8
77000,154.00000000000722,-2216251.2942004837,-1769214.5897710584,300.787651630886,15.8
77500,155.000000000012,-2214386.253961159,-1768962.9787100172,299.7020593991966,15.8
78000,156.00000000001677,-2216446.966061527,-1770399.3135595475,300.1221702427813,15.8
78500,157.00000000002154,-2216089.3290922567,-1771341.1402141678,299.2478290355898,15.8
79000,158.00000000002632,-2215485.505449513,-1768200.9620112411,300.9544095563871,15.8
79500,159.0000000000311,-2215576.1617174745,-1770239.4047883018,299.6438457388186,15.8
80000,160.00000000003587,-2215506.2010990884,-1770379.6012904022,299.50244198803415,15.8
80500,161.00000000004064,-2214848.7198675815,-1769494.8559748693,299.65535612116224,15.8
81000,162.00000000004542,-2215923.143317919,-1768714.3798635409,300.90342116288366,15.8
81500,163.0000000000502,-2215181.978818074,-1768921.6390283802,300.26527641095385,15.8
82000,164.00000000005497,-2212812.723774638,-1767469.089123738,299.6484733985756,15.8
82500,165.00000000005974,-2215573.9197100643,-1771653.7472657613,298.6907000209865,15.8
83000,166.00000000006452,-2214241.479302326,-1768090.952538056,300.1913889612022,15.8
83500,167.0000000000693,-2217228.129558319,-1771418.4867538915,299.96202594750855,15.8
84000,168.00000000007407,-2213823.2919445317,-1766786.726135855,300.7875583602239,15.8
84500,169.00000000007884,-2215399.2184194475,-1770234.9234570574,299.52780508830784,15.8
85000,170.00000000008362,-2213088.8990147207,-1766328.8188377419,300.6015256182945,15.8
85500,171.0000000000884,-2214568.3431378677,-1768551.268491821,300.1015960004726,15.7
86000,172.00000000009317,-2211734.3476035036,-1766331.0484389963,299.68861853376416,15.8
86500,173.00000000009794,-2214300.4327832498,-1767710.9902233507,300.48671247742095,15.8
87000,174.00000000010272,-2215549.573215721,-1767432.3762021502,301.51465866133674,15.8
87500,175.0000000001075,-2215258.1811816953,-1767933.1133915503,300.9816762763522,15.8
88000,176.00000000011227,-2216501.5096207075,-1768580.531225951,301.3826334003804,15.8
88500,177.00000000011704,-2219609.709526032,-1772159.6878457488,301.0657512232289,15.8
89000,178.00000000012182,-2213176.6377195995,-1768840.6892892746,298.97045396781203,15.8
89500,179.0000000001266,-2217252.89081995,-1771466.9432451124,299.946082665016,15.8
90000,180.00000000013137,-2216655.7600371744,-1772261.3636696334,299.0097805322837,15.8
90500,181.00000000013614,-2217177.884583732,-1770992.5638355003,300.2148000158719,15.8
91000,182.00000000014091,-2214164.848195577,-1766720.599118355,301.0618671401069,15.7
91500,183.0000000001457,-2215284.6400592867,-1771125.3707133834,298.8515758390837,15.7
92000,184.00000000015046,-2217109.2636097334,-1772838.2589326815,298.92675670796405,15.7
92500,185.00000000015524,-2214940.535568606,-1768557.8783016405,300.3475774533009,15.7
93000,186.00000000016001,-2216911.687667098,-1771342.446539071,299.8002722145907,15.7
93500,187.0000000001648,-2217914.832347546,-1770166.435037002,301.2665126019718,15.7
94000,188.00000000016956,-2215650.2933702264,-1768720.5232181477,300.715701140371,15.7
94500,189.00000000017434,-2217588.865322057,-1771639.0951728576,300.0563103195647,15.7
95000,190.0000000001791,-2215593.37890454,-1769912.6369509627,299.8752952969012,15.7
95500,191.0000000001839,-2216806.6544368267,-1772112.485687576,299.2114817121305,15.7
96000,192.00000000018866,-2216406.8703810163,-1770623.8548970893,299.94410981417246,15.7
96500,193.00000000019344,-2217639.3430616744,-1769190.3883446036,301.73788109376227,15.7
97000,194.0000000001982,-2215539.708440574,-1771502.9510056567,298.76914397244457,15.7
97500,195.000000000203,-2215646.073358681,-1769877.7801167145,299.9342039864358,15.7
98000,196.00000000020776,-2216562.6260438245,-1770755.9506634548,299.9600293228355,15.7
98500,197.00000000021254,-2215997.0478550363,-1769964.4540626486,300.1120380235479,15.7
99000,198.0000000002173,-2215583.4898398817,-1768219.0095332905,301.0081949003247,15.7
99500,199.0000000002221,-2218086.3542735577,-1773863.026193285,298.8946776159322,15.7
100000,200.00000000022686,-2214995.483437972,-1770210.5209282474,299.27257209179095,15.7
100500,201.00000000023164,-2216412.3243826143,-1770245.5593878855,300.2023148184258,15.7
101000,202.0000000002364,-2217860.136702463,-1772669.7661646134,299.54534998122085,15.7
101500,203.0000000002412,-2217413.6251275726,-1771426.8692867393,300.0811960598634,15.7
102000,204.00000000024596,-2216029.6640631594,-1770760.7603636754,299.5981908442397,15.7
102500,205.00000000025074,-2215287.974081654,-1768988.6642243334,300.29149733422315,15.7
103000,206.0000000002555,-2215329.183075199,-1768991.4959327062,300.317319405137,15.7
103500,207.0000000002603,-2217481.789346898,-1770369.417666593,300.83856417223205,15.7
104000,208.00000000026506,-2218663.479243949,-1773237.6484420374,299.70377889584427,15.7
104500,209.00000000026984,-2216590.2178637628,-1770105.4507877422,300.41628181106364,15.7
105000,210.0000000002746,-2217050.8413849324,-1771450.8137591942,299.82098684105597,15.7
105500,211.00000000027939,-2214561.7233777586,-1769133.575114356,299.7053381946507,15.7
106000,212.00000000028416,-2216624.863003345,-1768609.4659361744,301.44616279397195,15.7
106500,213.00000000028894,-2213472.3002803363,-1767792.7224038555,299.8745120502176,15.7
107000,214.0000000002937,-2214038.0394308623,-1768991.6769012734,299.4484545133732,15.7
107500,215.00000000029848,-2215756.429996785,-1768846.370786692,300.70243867692534,15.7
108000,216.00000000030326,-2214767.021077333,-1768088.4800521757,300.5466621814685,15.7
108500,217.00000000030803,-2215799.861021245,-1771924.990505615,298.6602187191047,15.7
109000,218.0000000003128,-2217081.353824254,-1772738.6664603907,298.974988244245,15.7
109500,219.00000000031758,-2215629.7456191014,-1768321.1273154558,300.9706082759718,15.7
110000,220.00000000032236,-2218868.6999761667,-1772784.5583097383,300.146721895869,15.7
110500,221.00000000032713,-2215643.491484007,-1769368.6262544147,300.27504982086106,15.7
111000,222.0000000003319,-2217792.241914464,-1770812.0140286852,300.7496515141903,15.7
111500,223.00000000033668,-2215431.1352945324,-1770113.3071032334,299.63110957966904,15.7
112000,224.00000000034146,-2213615.621595217,-1766986.609090269,300.51333702687833,15.7
112500,225.00000000034623,-2213876.6693106387,-1768081.002465285,299.9526222545511,15.7
113000,226.000000000351,-2217307.0813171025,-1771720.3440106432,299.8120444793087,15.7
113500,227.00000000035578,-2215223.4800453912,-1768267.8963105818,300.7330697520596,15.7
114000,228.00000000036056,-2217413.978142366,-1772074.475861688,299.64569294246877,15.7
114500,229.00000000036533,-2215144.481928764,-1770051.6729834448,299.4797058808242,15.7
115000,230.0000000003701,-2215665.890430171,-1770125.407701316,299.78092218971375,15.7
115500,231.00000000037488,-2213613.0366383027,-1767360.3749988198,300.2601101846733,15.7
116000,232.00000000037966,-2216236.4294725433,-1769068.2782600722,300.8760953063047,15.7
116500,233.00000000038443,-2215622.957234679,-1768494.4887257305,300.84939488755896,15.7
117000,234.0000000003892,-2214798.099361334,-1769903.362973114,299.3464332016189,15.7
117500,235.00000000039398,-2214690.6183419637,-1767169.9553452234,301.1132820757846,15.7
118000,236.00000000039876,-2215649.6944207437,-1767189.059123747,301.7457403459686,15.7
118500,237.00000000040353,-2215077.323284691,-1769093.3107029,300.07935026412247,15.7
119000,238.0000000004083,-2214440.136709472,-1768234.8276764597,300.22824908879977,15.7
119500,239.00000000041308,-2217215.938535884,-1773156.7135670579,298.78426120263055,15.7
120000,240.00000000041786,-2215317.554467533,-1770332.1645877324,299.40742920166633,15.7
120500,241.00000000042263,-2217591.3716454115,-1771128.494431513,300.40155326605395,15.7
121000,242.0000000004274,-2213970.350225745,-1767164.4594916373,300.63234914970053,15.7
121500,243.00000000043218,-2214698.6580749378,-1768296.6378084244,300.36060580445167,15.7
122000,244.00000000043696,-2217519.33073307,-1772219.5689597463,299.61895363054384,15.7
122500,245.00000000044173,-2215274.562075747,-1768862.2487311736,300.36753147911566,15.7
123000,246.0000000004465,-2214881.2414349522,-1769721.2225780988,299.5249279202146,15.7
123500,247.00000000045128,-2214860.702715976,-1769726.3023631698,299.50769056678416,15.7
124000,248.00000000045605,-2217384.013625413,-1770486.205095265,300.6941958341902,15.7
124500,249.00000000046083,-2215768.9583660588,-1768778.884372909,300.75627644562064,15.7
125000,250.0000000004656,-2213452.2429309674,-1768240.6291151675,299.55964347350965,15.7
125500,251.00000000047038,-2215643.6477413382,-1769753.9309899579,300.01590352449944,15.7
126000,252.00000000047515,-2216765.6158379465,-1769860.101870293,300.6993804206662,15.7
126500,253.00000000047993,-2218523.512742063,-1772888.4859583555,299.8445359466,15.8
127000,254.0000000004847,-2214478.1672348343,-1767806.3042692738,300.5421688639317,15.8
127500,255.00000000048948,-2215930.9089156613,-1770041.8841432086,300.0154379280181,15.8
128000,256.00000000049425,-2217334.677613875,-1771749.735598786,299.81083652150585,15.8
128500,257.000000000499,-2218608.3974529803,-1770773.7372790882,301.32455437758523,15.8
129000,258.0000000005038,-2216051.80103275,-1769305.286585135,300.5923979474846,15.7
129500,259.0000000005086,-2216377.1174674723,-1769954.7641696227,300.3742868393322,15.7
130000,260.00000000051335,-2216619.4601634312,-1770807.5286430167,299.9635659049664,15.7
130500,261.0000000005181,-2214947.3505182546,-1770784.2276162568,298.85416869572526,15.8
131000,262.0000000005229,-2215508.0190891195,-1768789.6816299015,300.57343912355356,15.7
131500,263.0000000005277,-2215461.0406745225,-1769990.510790646,299.7338545736601,15.8
132000,264.00000000053245,-2217775.3987918906,-1771513.8423522243,300.26609503118004,15.8
132500,265.0000000005372,-2215352.53326986,-1769809.4159421502,299.7826948736894,15.8
133000,266.000000000542,-2216868.4805714246,-1770840.8174601726,300.10872042571975,15.8
133500,267.0000000005468,-2217606.8930141255,-1772105.222709113,299.754807336714,15.7
134000,268.00000000055155,-2216264.1291649044,-1769272.2317147446,300.75750335461163,15.8
134500,269.0000000005563,-2217091.752670044,-1770066.1321253763,300.7801938636959,15.8
135000,270.0000000005611,-2216220.0879399385,-1770881.32393153,299.6451961976155,15.7
135500,271.0000000005659,-2216902.665301854,-1771807.4964592624,299.4812937324515,15.7
136000,272.00000000057065,-2216722.7511284836,-1770370.4556725037,300.3271485763539,15.7
136500,273.0000000005754,-2216289.9121626,-1770320.84719515,300.06929279508114,15.7
137000,274.0000000005802,-2214091.5325218514,-1769891.826249716,298.87878373490076,15.7
137500,275.000000000585,-2217924.135924045,-1773004.2661812864,299.36334412328233,15.7
138000,276.00000000058975,-2217759.9022677112,-1772720.9533152867,299.4434663044782,15.7
138500,277.0000000005945,-2216313.886662958,-1770927.4935317996,299.67724334685226,15.7
139000,278.0000000005993,-2216823.294517137,-1772250.0613741248,299.13011045863254,15.7
139500,279.0000000006041,-2218203.45623222,-1771695.6528131496,300.43178176321396,15.7
140000,280.00000000060885,-2216802.212479599,-1770774.2251117774,300.1089386010306,15.7
140500,281.0000000006136,-2218419.464112209,-1772584.6956567422,299.9789316858895,15.8
141000,282.0000000006184,-2217093.2580145355,-1773294.5726034725,298.6089577410579,15.8
141500,283.0000000006232,-2217422.143620331,-1769955.139071243,301.0771781087062,15.8
142000,284.00000000062795,-2217371.035329627,-1769906.1287680988,301.075766482446,15.8
142500,285.0000000006327,-2215402.0258843973,-1767874.8333012077,301.11767549349446,15.8
143000,286.0000000006375,-2216466.8663261086,-1768795.7101527778,301.2145410747092,15.8
143500,287.0000000006423,-2215355.600432411,-1769696.3876220575,299.86080946079915,15.8
144000,288.00000000064705,-2216643.7913552783,-1770976.2903514614,299.8663861533246,15.8
144500,289.0000000006518,-2217897.568738658,-1772834.1405393183,299.4599371112829,15.8
145000,290.0000000006566,-2218371.816340318,-1772408.5050145162,300.0654214701037,15.8
145500,291.0000000006614,-2217007.487666039,-1771423.0606550677,299.8104900021313,15.8
146000,292.00000000066615,-2216249.020795919,-1770736.3100308315,299.76223588570326,15.8
146500,293.0000000006709,-2213584.3789316937,-1766856.5274234773,300.57984063024736,15.8
147000,294.0000000006757,-2216012.211651854,-1769012.940785902,300.7624645410169,15.8
147500,295.0000000006805,-2213752.527006304,-1768314.97509762,299.71166541644914,15.8
148000,296.00000000068525,-2218171.4708181005,-1772480.0157806487,299.88250357154254,15.8
148500,297.00000000069,-2216444.6991277,-1770469.089834605,300.07369613002606,15.8
149000,298.0000000006948,-2218493.017478423,-1772346.094212528,300.18896435534066,15.8
149500,299.0000000006996,-2217266.6931127347,-1770980.4744862546,300.28268892868834,15.8
150000,300.00000000070435,-2216307.2296698727,-1771256.2817316414,299.45153979537264,15.8
150500,301.0000000007091,-2218914.101676559,-1775654.9032466281,298.24596512650896,15.8
151000,302.0000000007139,-2219048.8162612487,-1774420.0660184599,299.1674650156559,15.8
151500,303.00000000071867,-2212007.994445421,-1764248.8755750959,301.27372657960814,15.8
152000,304.00000000072345,-2216321.060145218,-1769260.498575692,300.8037038545052,15.8
152500,305.0000000007282,-2217342.45210357,-1771533.2647310873,299.961719511138,15.8
153000,306.000000000733,-2216146.7148698624,-1771060.753433376,299.475098549746,15.8
153500,307.00000000073777,-2215290.8497315627,-1768291.3465698012,300.76262084073517,15.8
154000,308.00000000074255,-2218102.920556305,-1769339.468177069,301.9494901457903,15.8
154500,309.0000000007473,-2214518.2190723717,-1770525.7534861837,298.739342300605,15.8
155000,310.0000000007521,-2218278.791221611,-1773373.0438096789,299.3538419444171,15.8
155500,311.00000000075687,-2217689.531148553,-1771693.1723856535,300.0876573646029,15.8
156000,312.00000000076164,-2216281.347064318,-1770400.8401536578,300.0097067036689,15.8
156500,313.0000000007664,-2217638.2940744404,-1770828.1203494514,300.63523095058275,15.8
157000,314.0000000007712,-2215207.41149213,-1768789.194482136,300.3715037472542,15.8
157500,315.00000000077597,-2214309.749321604,-1768000.4665851411,300.298207563758,15.8
158000,316.00000000078074,-2215043.1651571803,-1768909.1368604219,300.1802880040566,15.8
158500,317.0000000007855,-2216314.218704868,-1770536.078183343,299.9408297065704,15.8
159000,318.0000000007903,-2215945.1870557293,-1770041.388148404,300.02537867178523,15.8
159500,319.00000000079507,-2215969.371254381,-1768683.3338811328,300.9554147472108,15.8
160000,320.00000000079984,-2212934.0070619695,-1765771.4513358534,300.8723303957642,15.8
160500,321.0000000008046,-2216396.372264458,-1772636.069981937,298.5831317384454,15.8
161000,322.0000000008094,-2213510.425887363,-1767512.6580615852,300.0886054494247,15.8
161500,323.00000000081417,-2216695.2577185836,-1771260.854806578,299.7095466210426,15.8
162000,324.00000000081894,-2218445.691369431,-1771412.2900426695,300.78542914561024,15.8
162500,325.0000000008237,-2216552.24699332,-1769710.0167122935,300.6568001329661,15.8
163000,326.0000000008285,-2214600.0555753596,-1767217.5906768958,301.020295792939,15.8
163500,327.00000000083327,-2213536.662908096,-1767775.601792308,299.9293378664327,15.8
164000,328.00000000083804,-2216163.2712928075,-1769907.5189892356,300.26218973112685,15.8
164500,329.0000000008428,-2217831.1877818294,-1772782.883995345,299.4497606837547,15.8
165000,330.0000000008476,-2215151.9939590935,-1769501.0065933603,299.8552749886934,15.8
165500,331.00000000085237,-2216711.2110744063,-1770647.8654803657,300.13272930484754,15.8
166000,332.00000000085714,-2214685.1453333497,-1769155.2621834772,299.77379028658646,15.8
166500,333.0000000008619,-2216773.9721433017,-1769542.493805312,300.91870482176626,15.8
167000,334.0000000008667,-2217051.2138174083,-1771844.66149389,299.5562378596932,15.8
167500,335.00000000087147,-2219342.858426422,-1773789.3932182037,299.789657422059,15.8
168000,336.00000000087624,-2217112.9674692284,-1771699.0635834322,299.6957538968812,15.8
168500,337.000000000881,-2217214.022641994,-1772063.6436467029,299.5184417608174,15.8
169000,338.0000000008858,-2217765.9762977306,-1772400.015113149,299.6634957570722,15.8
169500,339.00000000089057,-2217199.237460278,-1770331.5865643292,300.6739043371394,15.8
170000,340.00000000089534,-2216012.651630981,-1770217.6323066491,299.9521865714726,15.8
170500,341.0000000009001,-2217768.764831111,-1770416.7380221225,300.9998155921798,15.8
171000,342.0000000009049,-2217503.065071024,-1772033.5144523135,299.7331956772727,15.8
171500,343.00000000090967,-2217290.0045822114,-1771768.4995773975,299.7681530703305,15.8
172000,344.00000000091444,-2217514.0860656835,-1772677.459147348,299.3073343741381,15.8
172500,345.0000000009192,-2218118.3796959277,-1771809.6188906247,300.29785638353854,15.8
173000,346.000000000924,-2216896.19144688,-1770770.1130926078,300.17493890294844,15.8
173500,347.00000000092876,-2218987.9167237077,-1772059.6296309177,300.71470326722937,15.8
174000,348.00000000093354,-2214803.8155591264,-1766369.359150448,301.7281259392285,15.8
174500,349.0000000009383,-2217488.513897907,-1771885.5739293813,299.82294640441864,15.8
175000,350.0000000009431,-2217594.4164370224,-1771758.6638130117,299.97959388150383,15.8
175500,351.00000000094786,-2217844.4030094463,-1769799.1229780766,301.46626947992434,15.8
176000,352.00000000095264,-2214436.3819064647,-1767560.5238728556,300.679426491448,15.8
176500,353.0000000009574,-2216325.8045970853,-1770619.27970661,299.8926432886095,15.8
177000,354.0000000009622,-2214445.957217796,-1769938.1394751456,299.0860958520903,15.8
177500,355.00000000096696,-2215341.45042946,-1768190.404411427,300.86458611429714,15.8
178000,356.00000000097174,-2216108.685754977,-1769170.1097240197,300.7216261563758,15.8
178500,357.0000000009765,-2218456.26829895,-1772673.1834292042,299.94415650026633,15.8
179000,358.0000000009813,-2215752.3939756453,-1770342.3805707172,299.6931361954879,15.8
179500,359.00000000098606,-2217377.9387396276,-1772787.7126691581,299.1415441120519,15.8
180000,360.00000000099084,-2217863.1146878693,-1772781.1390716792,299.47241669943065,15.8
180500,361.0000000009956,-2215305.468852157,-1768886.1968987547,300.37221356357855,15.8
181000,362.0000000010004,-2217192.599505633,-1770585.6572628114,300.4984871001273,15.8
181500,363.00000000100516,-2214769.3115353417,-1767803.878848436,300.73969659755716,15.8
182000,364.00000000100994,-2217785.7849521693,-1773416.6570037,298.99277873274974,15.8
182500,365.0000000010147,-2215837.831747262,-1771746.129139799,298.80611370950356,15.8
183000,366.0000000010195,-2214462.1150068007,-1768596.6225074315,299.9996042904483,15.8
183500,367.00000000102426,-2218047.6811841,-1772458.9925847026,299.81335740241923,15.8
184000,368.00000000102904,-2214975.185168542,-1768281.7752199748,300.5566667034919,15.8
184500,369.0000000010338,-2217661.7702197023,-1773036.1674536683,299.1653472429266,15.8
185000,370.0000000010386,-2217948.582859583,-1770260.5870737575,301.2258715704975,15.8
185500,371.00000000104336,-2217196.831128055,-1770461.8476188597,300.5846393812328,15.8
186000,372.00000000104814,-2217153.39984232,-1770972.2374893362,300.21200204888436,15.8
186500,373.0000000010529,-2215933.086631531,-1768138.5256319381,301.29757373740443,15.8
187000,374.0000000010577,-2215565.1981157586,-1769818.1641180178,299.9198997512741,15.8
187500,375.00000000106246,-2216776.3768735435,-1770798.7525146117,300.07505196258944,15.8
188000,376.00000000106724,-2216585.870989615,-1770348.3615131434,300.2499150855146,15.8
188500,377.000000001072,-2218805.6712466087,-1774734.4425762899,298.79233786646387,15.8
189000,378.0000000010768,-2217060.387887433,-1769227.2499233058,301.323530162133,15.8
189500,379.00000000108156,-2217818.6920796838,-1773040.2974303756,299.2681529215274,15.8
190000,380.00000000108633,-2217320.652051352,-1771491.2230183058,299.97533906739733,15.8
190500,381.0000000010911,-2214937.5703676045,-1767669.9092904339,300.94305029729435,15.8
191000,382.0000000010959,-2216009.8731036745,-1770180.1387747715,299.9755444850352,15.8
191500,383.00000000110066,-2217682.8056210093,-1772269.602100721,299.6952826575078,15.8
192000,384.00000000110543,-2217675.735301109,-1773382.4046151317,298.9417787133798,15.8
192500,385.0000000011102,-2216692.2734784298,-1769792.5448280126,300.6954877828397,15.8
193000,386.000000001115,-2217798.592442142,-1771839.199499312,300.0627849948418,15.8
193500,387.00000000111976,-2220552.1285145953,-1773409.2689039991,300.8590779082732,15.8
194000,388.00000000112453,-2220000.0947853476,-1773929.544976632,300.1375766446574,15.8
194500,389.0000000011293,-2217347.8938561063,-1771481.579772695,300.0001570914426,15.8
195000,390.0000000011341,-2216301.9154346436,-1771167.4526539738,299.5077325712332,15.8
195500,391.00000000113886,-2219608.345758265,-1773740.111047666,300.00144938117097,15.8
196000,392.00000000114363,-2216153.894292496,-1772601.4057430495,298.4433047306659,15.8
196500,393.0000000011484,-2216941.41909831,-1771326.2314017748,299.8311872609509,15.8
197000,394.0000000011532,-2218523.7057300825,-1771884.460756692,300.5202219204961,15.8
197500,395.00000000115796,-2217135.2531290166,-1771283.8103464837,299.99015096974466,15.8
198000,396.00000000116273,-2215381.7239748463,-1771124.6123078007,298.9174088271022,15.8
198500,397.0000000011675,-2213975.6447598916,-1767869.0642556008,300.1618198179838,15.8
199000,398.0000000011723,-2216045.687398955,-1769923.4872136184,300.1723294856118,15.8
199500,399.00000000117706,-2217226.3813542426,-1772679.301667485,299.1125131637999,15.8
200000,400.00000000118183,-2218534.8529261667,-1771553.4372900592,300.7504506893554,15.8
200500,401.0000000011866,-2217961.5648358576,-1773418.003400008,299.11014591650684,15.8
201000,402.0000000011914,-2219115.6808231976,-1771524.4210010846,301.1607829926132,15.8
201500,403.00000000119616,-2218539.630756408,-1771772.8542167253,300.60603125103603,15.8
202000,404.00000000120093,-2214364.8079665937,-1766686.2874480765,301.21949615797763,15.8
202500,405.0000000012057,-2216950.9943044763,-1768979.7936186187,301.41642535717074,15.8
203000,406.0000000012105,-2214603.709266249,-1768145.7554591917,300.3982405627184,15.8
203500,407.00000000121526,-2218257.39415648,-1771766.712555178,300.42026138623584,15.8
204000,408.00000000122003,-2219007.2801953163,-1772299.1501658936,300.5665710771338,15.8
204500,409.0000000012248,-2214643.2603329364,-1769888.8746180176,299.25199856345876,15.8
205000,410.0000000012296,-2215057.009812258,-1770073.5337322764,299.40614150571776,15.8
205500,411.00000000123435,-2219152.4366059005,-1772235.3016068484,300.7071996057784,15.8
206000,412.00000000123913,-2215000.967038119,-1768776.9961242005,300.2408056938327,15.8
206500,413.0000000012439,-2217492.836327996,-1772361.5103689274,299.5056219678003,15.8
207000,414.0000000012487,-2216791.071487004,-1769094.9050321933,301.2313691869391,15.8
207500,415.00000000125345,-2216859.0103180762,-1771050.0247735716,299.961583711632,15.8
208000,416.00000000125823,-2216259.3202661294,-1770774.2633343227,299.74362906552795,15.8
208500,417.000000001263,-2216981.052265534,-1768859.560304495,301.51754850718186,15.8
209000,418.0000000012678,-2217203.454991935,-1772561.7567145624,299.1761770719078,15.8
209500,419.00000000127255,-2217620.761711538,-1772558.0756023386,299.4594377975836,15.8
210000,420.00000000127733,-2218972.5604341123,-1772983.6646494756,300.0826359162889,15.8
210500,421.0000000012821,-2217517.0502361935,-1772267.5584868924,299.5851295567633,15.8
211000,422.0000000012869,-2217822.966180427,-1771410.6241850583,300.3675507567394,15.8
211500,423.00000000129165,-2218222.553298462,-1773281.1538437041,299.37783034208366,15.8
212000,424.0000000012964,-2214441.973252261,-1769517.6844976589,299.3663174455661,15.8
212500,425.0000000013012,-2216246.910184078,-1772065.799446376,298.86627177094425,15.8
213000,426.000000001306,-2215667.504098218,-1770175.8326997077,299.748079594728,15.8
213500,427.00000000131075,-2217384.119177228,-1770865.9429974323,300.43876105218175,15.8
214000,428.0000000013155,-2219509.306846015,-1775388.5245651787,298.82567990301203,15.8
214500,429.0000000013203,-2216763.5624843966,-1771396.3104761916,299.66436428487435,15.8
215000,430.0000000013251,-2219668.15309472,-1774944.448592415,299.23135477783717,15.8
215500,431.00000000132985,-2217776.837148657,-1773100.495052217,299.19948708846255,15.8
216000,432.0000000013346,-2217011.9475373533,-1771064.867458503,300.0545003117173,15.8
216500,433.0000000013394,-2217727.4327993263,-1771362.08400371,300.33593148687623,15.8
217000,434.0000000013442,-2216373.426328648,-1771811.7570555715,299.12232973448323,15.8
217500,435.00000000134895,-2215729.1539815813,-1769886.8610076609,299.98399454138405,15.8
218000,436.0000000013537,-2217834.7513936833,-1773594.4569540108,298.90609339309344,15.8
218500,437.0000000013585,-2218252.1070288513,-1773427.264359021,299.29940536875887,15.8
219000,438.0000000013633,-2219812.970916195,-1775550.4797012727,298.921028443918,15.8
219500,439.00000000136805,-2219038.6515709125,-1772714.9978033984,300.3078770800157,15.8
220000,440.0000000013728,-2217892.232150512,-1771325.2407887955,300.471606238692,15.8
220500,441.0000000013776,-2219197.5221371353,-1775540.032380356,298.51395455932436,15.8
221000,442.0000000013824,-2217312.975297481,-1770353.798351093,300.7354874364729,15.8
221500,443.00000000138715,-2217133.6461989786,-1772090.91546728,299.44601086624573,15.8
222000,444.0000000013919,-2219043.5687816814,-1771833.0364369617,300.9046113568128,15.8
222500,445.0000000013967,-2219254.1743722036,-1774297.456610973,299.3881372305006,15.8
223000,446.0000000014015,-2216093.199535949,-1769685.0411087666,300.3647358521966,15.8
223500,447.00000000140625,-2217683.6258462034,-1774266.8084934824,298.3520186679047,15.8
224000,448.000000001411,-2219793.989826262,-1772786.9596148904,300.7676853993129,15.8
224500,449.0000000014158,-2217346.465262212,-1770748.115746095,300.49270550308836,15.8
225000,450.0000000014206,-2218742.712194616,-1774076.4864725326,299.19268030849224,15.8
225500,451.00000000142535,-2218782.7481198255,-1772545.6611539575,300.2496308001952,15.8
226000,452.0000000014301,-2218528.099339066,-1772725.9586944724,299.9569781359612,15.8
226500,453.0000000014349,-2217549.4626841974,-1770182.1408087988,301.0101068435725,15.8
227000,454.0000000014397,-2214880.0320429504,-1769985.9945456032,299.34596295445067,15.8
227500,455.00000000144445,-2215654.175512761,-1769940.4495600464,299.8974885073099,15.8
228000,456.0000000014492,-2217832.752978334,-1772471.0611028164,299.66062316197076,15.8
228500,457.000000001454,-2219646.977331139,-1773859.4822224732,299.94712391970813,15.8
229000,458.0000000014588,-2217746.3763834666,-1773602.483198814,298.841230023208,15.8
229500,459.00000000146355,-2216400.9724808224,-1770840.4855925003,299.79438194388916,15.8
230000,460.0000000014683,-2218659.0863373,-1773546.231624121,299.4931936311138,15.8
230500,461.0000000014731,-2219471.3783976864,-1771358.3624855508,301.51184541654175,15.8
231000,462.0000000014779,-2218510.6331203934,-1772946.4864562326,299.7968444159168,15.8
231500,463.00000000148265,-2217420.903654935,-1771310.310184748,300.1645199331556,15.8
232000,464.0000000014874,-2215005.313520912,-1770201.4587859917,299.28528368346656,15.8
232500,465.0000000014922,-2217380.8353118394,-1770798.7073978346,300.4817908342107,15.8
233000,466.00000000149697,-2215809.734400194,-1769884.9199143648,300.0395189570085,15.8
233500,467.00000000150175,-2215613.798508089,-1769139.743515583,300.4090742095122,15.8
234000,468.0000000015065,-2218557.151936732,-1771445.0528469305,300.8383807603188,15.8
234500,469.0000000015113,-2219927.856752198,-1774899.3589632674,299.43643426238185,15.8
235000,470.00000000151607,-2219026.5950706396,-1772463.578532785,300.46893178730323,15.8
235500,471.00000000152085,-2216601.599939339,-1770724.2407285916,300.0075887807881,15.8
236000,472.0000000015256,-2218678.1283010393,-1773274.6660202716,299.688728286177,15.8
236500,473.0000000015304,-2219527.9420583267,-1772772.6557782858,300.59830005540937,15.7
237000,474.00000000153517,-2218555.327443147,-1773292.5247731702,299.5940857801146,15.7
237500,475.00000000153995,-2219906.918055037,-1774603.5326248128,299.62139180002436,15.7
238000,476.0000000015447,-2218245.5357969925,-1772248.6752487267,300.0879949897699,15.7
238500,477.0000000015495,-2217566.726076575,-1771531.5281447023,300.11379021300445,15.7
239000,478.00000000155427,-2217624.426479917,-1771638.3091218024,300.08076645818716,15.7
239500,479.00000000155904,-2217201.1028978806,-1772183.1031833831,299.42937065636437,15.7
240000,480.0000000015638,-2216848.2679919843,-1773527.7777179051,298.28720520743036,15.7
240500,481.0000000015686,-2219159.0632910132,-1773897.091156116,299.5935269564348,15.7
241000,482.00000000157337,-2216060.5056811105,-1769478.1292677512,300.48195803644836,15.7
241500,483.00000000157814,-2215538.296198014,-1770825.600916542,299.22394724810226,15.7
242000,484.0000000015829,-2216514.2517941594,-1769957.3772687097,300.46479914792644,15.7
242500,485.0000000015877,-2215705.534412848,-1769692.2973608589,300.09901388385174,15.7
243000,486.00000000159247,-2216742.7896483503,-1772176.9316223036,299.1251481275966,15.7
243500,487.00000000159724,-2215355.8130657095,-1770030.9462270779,299.63584551786124,15.7
244000,488.000000001602,-2217836.684613822,-1770882.189755867,300.73233710369146,15.7
244500,489.0000000016068,-2218146.4893341474,-1771551.4068712844,300.49050727357786,15.7
245000,490.00000000161157,-2216998.353860263,-1769894.1073260177,300.8330971857893,15.7
245500,491.00000000161634,-2218318.1850675456,-1772464.7427511974,299.9914963516221,15.7
246000,492.0000000016211,-2217422.4922567178,-1770906.1198715214,300.4375473730003,15.7
246500,493.0000000016259,-2216878.0997393113,-1770600.3933157008,300.27696151193265,15.8
247000,494.00000000163067,-2217261.3285065033,-1771315.8967753297,300.0533912246517,15.7
247500,495.00000000163544,-2215022.9128594566,-1771472.862600055,298.44166413263565,15.7
248000,496.0000000016402,-2216396.202229202,-1771278.7052910253,299.4963171418715,15.7
248500,497.000000001645,-2217256.0181636326,-1771280.2784100173,300.0737839100967,15.7
249000,498.00000000164977,-2218472.791500034,-1773836.6774815433,299.17241971574776,15.7
249500,499.00000000165454,-2218146.4532518815,-1772016.5071888345,300.1775412821895,15.7
250000,500.0000000016593,-2218829.2012404315,-1774497.2739358868,298.9677483622805,15.7
250500,501.0000000016641,-2216306.332483394,-1770864.9128207883,299.7142678260671,15.7
251000,502.00000000166887,-2215498.3697792515,-1769705.1575436373,299.9509706758509,15.7
251500,503.00000000167364,-2219014.4195372164,-1772982.08180913,300.1118657312527,15.7
252000,504.0000000016784,-2215811.8768771924,-1770033.783745796,299.9407978202277,15.7
252500,505.0000000016832,-2217708.2829390373,-1771977.915152382,299.9086859282381,15.7
253000,506.00000000168797,-2217770.097386632,-1772120.2134022703,299.85453258099335,15.7
253500,507.00000000169274,-2212381.075505702,-1766548.5626360853,299.9774140199701,15.7
254000,508.0000000016975,-2215463.083504062,-1770347.8587724734,299.49478829272596,15.7
254500,509.0000000017023,-2217591.2209795173,-1771761.2429185028,299.97570847964386,15.7
255000,510.00000000170706,-2216957.5617412403,-1768566.3796204044,301.69900893096684,15.7
255500,511.00000000171184,-2220448.3505480196,-1774349.658878395,300.1565118331364,15.7
256000,512.0000000017166,-2217585.821363583,-1771480.4589423297,300.1610002335232,15.7
256500,513.0000000016929,-2214215.9520129003,-1767939.8644233274,300.2758722830535,15.7
257000,514.0000000016693,-2214439.649738185,-1767854.676897746,300.48370503663034,15.7
257500,515.0000000016456,-2216970.884088699,-1772995.2400174479,298.72802398171837,15.7
258000,516.000000001622,-2218792.6786931343,-1774327.6214258533,299.05732456140777,15.8
258500,517.0000000015983,-2215114.642531138,-1770936.0427400328,298.8645822861151,15.7
259000,518.0000000015747,-2218100.0125140958,-1772339.647954016,299.92886919047487,15.7
259500,519.000000001551,-2215083.1002461165,-1769608.7577775456,299.73641986278636,15.7
260000,520.0000000015274,-2217415.382243829,-1770211.6018259707,300.9000683378515,15.7
260500,521.0000000015037,-2216928.411238216,-1771702.335962172,299.5693738348489,15.8
261000,522.0000000014801,-2218403.112792898,-1772709.3683997858,299.8840439594033,15.8
261500,523.0000000014564,-2218139.8173007704,-1773200.8542237035,299.3761910307766,15.8
262000,524.0000000014328,-2219108.2103516236,-1772704.7898208413,300.36154796914843,15.8
262500,525.0000000014091,-2217317.054756116,-1771040.8267667175,300.27596675076376,15.8
263000,526.0000000013855,-2217978.573360093,-1773060.631918108,299.36204667039846,15.8
263500,527.0000000013619,-2220079.840406472,-1772392.7218923345,301.2252813001945,15.8
264000,528.0000000013382,-2218341.226998834,-1775395.276529938,298.0351969331049,15.8
264500,529.0000000013146,-2218099.2705292087,-1772101.2336864304,300.08878645691476,15.8
265000,530.0000000012909,-2216835.5605780985,-1769906.7717811002,300.71504083778933,15.8
265500,531.0000000012673,-2219072.400929654,-1772504.1636670462,300.4724445403339,15.8
266000,532.0000000012436,-2218044.940987317,-1771784.2107745504,300.2655391062494,15.7
266500,533.00000000122,-2217387.8443625085,-1770475.3650783212,300.7040670183936,15.7
267000,534.0000000011963,-2215735.061407231,-1768343.2410535698,301.0265905901465,15.7
267500,535.0000000011727,-2219146.228053225,-1773632.5679628998,299.7628746370768,15.7
268000,536.000000001149,-2216817.223882662,-1772819.0860259715,298.7431588751883,15.7
268500,537.0000000011254,-2217431.7502314225,-1771177.5976400515,300.2611133683329,15.7
269000,538.0000000011017,-2219411.285029143,-1773226.13888461,300.2146825341617,15.7
269500,539.0000000010781,-2219952.060785806,-1773431.2206726382,300.4405534738223,15.7
270000,540.0000000010544,-2218255.607284948,-1770972.0613079015,300.95373841682186,15.7
270500,541.0000000010308,-2218715.46834955,-1773091.0540216211,299.8373953793487,15.7
271000,542.0000000010072,-2220450.088526791,-1773127.1955272183,300.98021297335595,15.7
271500,543.0000000009835,-2218783.9035221525,-1772837.7576716612,300.0538717182451,15.7
272000,544.0000000009599,-2219066.503925806,-1772975.5899772889,300.15127861079964,15.7
272500,545.0000000009362,-2220634.3231388144,-1774888.653450093,299.91898177898685,15.7
273000,546.0000000009126,-2222070.892966844,-1777981.2777175382,298.80470923521335,15.7
273500,547.0000000008889,-2218388.9495216142,-1771535.2577677947,300.6645119594258,15.7
274000,548.0000000008653,-2218706.150332583,-1773149.9466534196,299.7914999961396,15.7
274500,549.0000000008416,-2217956.3797339574,-1772573.760471637,299.674704107604,15.7
275000,550.000000000818,-2217364.257706063,-1770351.665598041,300.77142770909535,15.7
275500,551.0000000007943,-2219970.08623928,-1772832.456482695,300.8555590126419,15.7
276000,552.0000000007707,-2220114.1226028837,-1774494.3367506485,299.8342811197798,15.7
276500,553.000000000747,-2218339.809573721,-1772914.044188682,299.7037348802472,15.7
277000,554.0000000007234,-2216312.4167143516,-1769617.72529114,300.5575289408544,15.7
277500,555.0000000006997,-2218663.7197049223,-1772971.5958504046,299.8829535836168,15.7
278000,556.0000000006761,-2217050.1681721825,-1772459.5327145862,299.141819567269,15.7
278500,557.0000000006524,-2218321.623271765,-1773335.1562344905,299.4081539646756,15.7
279000,558.0000000006288,-2219509.6297639273,-1773155.6513005577,300.3282809841303,15.7
279500,559.0000000006052,-2216644.63729595,-1770537.0544559907,300.1624942373076,15.7
280000,560.0000000005815,-2217679.5018138643,-1771664.2242169809,300.1003868599426,15.7
280500,561.0000000005579,-2218394.5120020807,-1772330.763947721,300.1330000993774,15.7
281000,562.0000000005342,-2218870.20826588,-1772594.1022790584,300.27588466160137,15.7
281500,563.0000000005106,-2217819.538629284,-1770882.9458137965,300.720291754261,15.7
282000,564.0000000004869,-2216212.538629284,-1771033.2462512283,299.5378960660598,15.7
282500,565.0000000004633,-2219302.038359659,-1774911.3290613594,299.00729969595056,15.7
283000,566.0000000004396,-2219679.345308274,-1773356.2781067027,300.30748241042676,15.7
283500,567.000000000416,-2219557.161023002,-1772494.3456630376,300.8052203123857,15.7
284000,568.0000000003923,-2217772.5095909685,-1772640.8933605615,299.50581727622426,15.7
284500,569.0000000003687,-2217002.564704979,-1768549.9222165067,301.7403624025421,15.7
285000,570.000000000345,-2216362.8969520293,-1769422.0383886234,300.7231619532536,15.7
285500,571.0000000003214,-2220230.5674191937,-1773647.2876320968,300.4825658694572,15.7
286000,572.0000000002977,-2219761.82853947,-1775645.4110884154,298.822743037008,15.7
286500,573.0000000002741,-2218161.545743171,-1770977.4767514728,300.8868055486305,15.7
287000,574.0000000002505,-2219130.9021220617,-1772085.2797061272,300.7936520782605,15.7
287500,575.0000000002268,-2215871.3887473196,-1769626.115820874,300.25513870555073,15.7
288000,576.0000000002032,-2216870.4542965405,-1771159.01922995,299.89594708968025,15.7
288500,577.0000000001795,-2220514.6456557605,-1773728.363413963,300.61915561929123,15.7
289000,578.0000000001559,-2217193.6129481457,-1771379.967696736,299.96471898505223,15.7
289500,579.0000000001322,-2215665.238098843,-1771558.9712854223,298.8159132030675,15.7
290000,580.0000000001086,-2216275.6022259556,-1770040.921774722,300.24801158217946,15.7
290500,581.0000000000849,-2217646.272597557,-1772184.7106600553,299.7278205109014,15.7
291000,582.0000000000613,-2217255.473253887,-1771486.2429647276,299.93483447655416,15.7
291500,583.0000000000376,-2216284.567218313,-1770219.0512987236,300.13418960356273,15.7
292000,584.000000000014,-2216369.037183743,-1769766.6579981921,300.49541685719834,15.7
292500,584.9999999999903,-2218620.3230775613,-1771870.794894889,300.59442573241023,15.7
293000,585.9999999999667,-2217336.301707156,-1770020.8713733652,300.9751917352939,15.7
293500,586.999999999943,-2218790.934467338,-1774679.5429870444,298.81936132376734,15.7
294000,587.9999999999194,-2221686.475640664,-1776482.5681812244,299.5544582687842,15.7
294500,588.9999999998957,-2218997.1633547675,-1774414.1803693024,299.1366706184272,15.7
295000,589.9999999998721,-2218295.421139078,-1775291.6964806234,298.07407016796486,15.7
295500,590.9999999998485,-2218792.6459147558,-1773358.8273602882,299.70915343737374,15.7
296000,591.9999999998248,-2216980.4930058494,-1769644.320499017,300.98914806026033,15.7
296500,592.9999999998012,-2216944.5894790925,-1771174.828569442,299.93519150337045,15.7
297000,593.9999999997775,-2216650.5334999524,-1770739.7239457865,300.0300957699087,15.7
297500,594.9999999997539,-2219067.4667768385,-1773358.51467838,299.8942764300988,15.7
298000,595.9999999997302,-2218277.551324332,-1772593.91834376,299.8772405179802,15.7
298500,596.9999999997066,-2216956.498137936,-1772916.077593843,298.7716086873007,15.7
299000,597.9999999996829,-2218406.6466472354,-1773017.302041551,299.6792292399181,15.7
299500,598.9999999996593,-2216395.782985477,-1771099.125059192,299.61686521397155,15.7
300000,599.9999999996356,-2217027.9352886938,-1770263.3902443815,300.6045297943426,15.7
300500,600.999999999612,-2218069.8957564253,-1771441.720897026,300.5127734189354,15.7
301000,601.9999999995883,-2215502.226452615,-1770427.6314900892,299.46745064303957,15.7
301500,602.9999999995647,-2217592.2347499486,-1772365.3387487729,299.5699260579272,15.7
302000,603.999999999541,-2217130.2028502077,-1770634.1774216206,300.423856968531,15.7
302500,604.9999999995174,-2219179.1708526593,-1772553.757923836,300.51091506009436,15.7
303000,605.9999999994938,-2219659.487534046,-1774677.738385119,299.4049795440012,15.7
303500,606.9999999994701,-2219336.7250934206,-1774782.3196989866,299.11744224990554,15.7
304000,607.9999999994465,-2216731.4164692834,-1771161.984066036,299.8004009136971,15.7
304500,608.9999999994228,-2216190.76786351,-1769811.36215999,300.34538964607356,15.7
305000,609.9999999993992,-2215013.6368894726,-1769052.3711291854,300.0640451158999,15.7
305500,610.9999999993755,-2216727.9476555884,-1771557.1277483713,299.5321953829125,15.7
306000,611.9999999993519,-2215931.035243517,-1768370.2365190196,301.140287310878,15.7
306500,612.9999999993282,-2216753.565037448,-1771976.091032738,299.2675334678584,15.7
307000,613.9999999993046,-2216827.5146060064,-1771748.5125771987,299.4704159277786,15.7
307500,614.9999999992809,-2215960.2204806358,-1770743.3737399462,299.5631644353752,15.7
308000,615.9999999992573,-2218642.1161824763,-1772768.0457116747,300.0053759594351,15.7
308500,616.9999999992336,-2214565.9277426507,-1768546.9433146499,300.1028809930098,15.7
309000,617.99999999921,-2216389.03146518,-1770914.6644880483,299.7364363533171,15.7
309500,618.9999999991863,-2217515.82125468,-1772259.7743425115,299.58954018350903,15.7
310000,619.9999999991627,-2220322.833340032,-1775253.760687532,299.4637349690294,15.7
310500,620.999999999139,-2217817.6838151608,-1772924.5939767333,299.34532532425555,15.7
311000,621.9999999991154,-2219367.224251667,-1772433.1839498025,300.71857430115057,15.7
311500,622.9999999990918,-2216313.323708417,-1770038.9337791645,300.27473001608524,15.7
312000,623.9999999990681,-2218475.2294584736,-1771694.8601100969,300.6151771421131,15.7
312500,624.9999999990445,-2218480.622246934,-1772990.2413547002,299.7472112804522,15.7
313000,625.9999999990208,-2218793.0546451285,-1772855.1805726667,300.04830607080805,15.7
313500,626.9999999989972,-2219559.2994713,-1773719.9442158795,299.98201790402976,15.7
314000,627.9999999989735,-2217848.6574476548,-1772980.73976969,299.3283882921126,15.7
314500,628.9999999989499,-2219127.3743527755,-1772889.5525795,300.2501252137239,15.7
315000,629.9999999989262,-2219358.8801117204,-1773045.3700776214,300.3010518915639,15.7
315500,630.9999999989026,-2218642.2493443135,-1773383.2717045702,299.59151211703505,15.7
316000,631.9999999988789,-2216237.841700239,-1769748.2481787044,300.4195292741859,15.7
316500,632.9999999988553,-2219035.2097128853,-1777160.87648723,297.31416165602883,15.7
317000,633.9999999988316,-2221311.567179812,-1775484.3948577147,299.97382064445816,15.7
317500,634.999999998808,-2216229.8800718915,-1771648.573504892,299.1355426439938,15.7
318000,635.9999999987843,-2217789.383397065,-1771438.5233443081,300.3261827684901,15.7
318500,636.9999999987607,-2219612.744251976,-1773533.537950307,300.1434011466749,15.7
319000,637.999999998737,-2218070.708010746,-1770487.566361684,301.15532069794415,15.7
319500,638.9999999987134,-2218163.969851434,-1771859.3174748472,300.29509203642084,15.7
320000,639.9999999986898,-2216942.8464156073,-1769037.0680907217,301.3724060671976,15.7
320500,640.9999999986661,-2219926.315881865,-1774992.7734238305,299.37254377932504,15.7
321000,641.9999999986425,-2217550.808231771,-1771671.4544312279,300.00893083609293,15.7
321500,642.9999999986188,-2218344.3426131625,-1771017.7516204668,300.9827011597982,15.7
322000,643.9999999985952,-2218761.2744163107,-1773406.107786457,299.65623266494845,15.7
322500,644.9999999985715,-2218894.789042022,-1772724.361015614,300.2047794811387,15.7
323000,645.9999999985479,-2216633.3133333568,-1770408.350805737,300.24147289890453,15.7
323500,646.9999999985242,-2216836.5698289946,-1770669.9906310237,300.2021898054908,15.7
324000,647.9999999985006,-2218020.4781818427,-1770919.364202035,300.83098945350827,15.7
324500,648.9999999984769,-2217497.0756713822,-1771104.3874431648,300.354326763254,15.7
325000,649.9999999984533,-2215665.7826108653,-1769608.123885306,300.1289029080467,15.7
325500,650.9999999984296,-2218661.8660509326,-1772684.6409553254,300.07478331915013,15.7
326000,651.999999998406,-2218706.646565467,-1772686.7486794647,300.10349561119307,15.7
326500,652.9999999983823,-2217189.4559932128,-1771842.5827713704,299.6506524638262,15.7
327000,653.9999999983587,-2219689.842676349,-1773454.33489003,300.24856825275026,15.7
327500,654.999999998335,-2214165.045082342,-1766920.8709629215,300.92724715004556,15.7
328000,655.9999999983114,-2216721.4897566866,-1772463.1045405082,298.91826573180174,15.7
328500,656.9999999982878,-2216884.5969283897,-1772862.3306308186,298.7593936429334,15.7
329000,657.9999999982641,-2215799.7526468057,-1769586.6473291295,300.2334948015839,15.7
329500,658.9999999982405,-2217793.984820487,-1772713.1467087783,299.4716513320721,15.7
330000,659.9999999982168,-2218967.1199755874,-1772363.781329526,300.4960624280675,15.7
330500,660.9999999981932,-2216800.938219687,-1770474.9479842784,300.30944916723854,15.7
331000,661.9999999981695,-2218211.394844601,-1770936.267736483,300.9480737996005,15.7
331500,662.9999999981459,-2218276.4088263605,-1772385.808733698,300.01649787871514,15.7
332000,663.9999999981222,-2219242.5245446414,-1773910.3039724305,299.6407934611333,15.7
332500,664.9999999980986,-2217345.468804747,-1772801.4167350088,299.1104760384266,15.7
333000,665.9999999980749,-2216890.4566264786,-1770640.6525811611,300.25818745879906,15.7
333500,666.9999999980513,-2219542.3716755584,-1774610.3897597466,299.37149377196374,15.7
334000,667.9999999980276,-2220792.2019382697,-1775856.8872861816,299.3737361961498,15.7
334500,668.999999998004,-2216503.510275729,-1771793.390260009,299.2222144862725,15.7
335000,669.9999999979804,-2218900.6949573196,-1774429.040555979,299.061763428377,15.7
335500,670.9999999979567,-2216071.343958309,-1769450.4237515957,300.5078921420218,15.7
336000,671.9999999979331,-2215549.4020361938,-1769045.3150947976,300.4292811394824,15.7
336500,672.9999999979094,-2217208.382608408,-1770476.2198781404,300.5827414264093,15.7
337000,673.9999999978858,-2216443.6788116917,-1770613.4345028829,299.97588762387977,15.7
337500,674.9999999978621,-2217909.1919629797,-1774366.2504278107,298.4368810433573,15.7
338000,675.9999999978385,-2219902.706428703,-1774547.7827195385,299.6560692163033,15.7
338500,676.9999999978148,-2214895.537852695,-1768586.1738315811,300.2982622559545,15.7
339000,677.9999999977912,-2218201.255669959,-1773843.5751094143,298.9850763832625,15.7
339500,678.9999999977675,-2218010.6904938407,-1771154.1446995088,300.6664322942324,15.7
340000,679.9999999977439,-2216842.26385797,-1771958.9743443776,299.33873119750234,15.7
340500,680.9999999977202,-2216509.724259721,-1771776.8072250865,299.23755340971127,15.7
341000,681.9999999976966,-2215092.932458574,-1768895.009600681,300.2232793173095,15.7
341500,682.999999997673,-2217943.649378823,-1771228.3444336231,300.5713987032458,15.7
342000,683.9999999976493,-2218504.960510822,-1774283.3160620544,298.8935447882212,15.7
342500,684.9999999976257,-2217915.155920461,-1772307.7788555985,299.8259318948133,15.7
343000,685.999999997602,-2217375.167750232,-1771499.5890520248,300.0063907668882,15.7
343500,686.9999999975784,-2216456.825136708,-1769547.242335551,300.7021181262334,15.7
344000,687.9999999975547,-2218135.679758424,-1771595.9266285282,300.4532790550343,15.7
344500,688.9999999975311,-2216500.864792213,-1771435.0088930454,299.46157058370875,15.7
345000,689.9999999975074,-2218299.5491924156,-1772824.946887137,299.73659469333694,15.7
345500,690.9999999974838,-2216470.2141493205,-1770512.1744035312,300.06187449922487,15.7
346000,691.9999999974601,-2217733.1364142466,-1771701.2572195504,300.1115572080816,15.7
346500,692.9999999974365,-2217257.960404936,-1772370.4778888319,299.3415524499104,15.7
347000,693.9999999974128,-2218683.547279207,-1774003.8861416734,299.2017202978754,15.7
347500,694.9999999973892,-2218534.7578481566,-1774485.898272316,298.77728687102996,15.7
348000,695.9999999973655,-2216638.938714465,-1771447.6973811274,299.54593589402697,15.7
348500,696.9999999973419,-2216654.396011226,-1770641.8728316792,300.09853355636784,15.7
349000,697.9999999973182,-2218361.994234236,-1772276.668473035,300.1475186114012,15.7
349500,698.9999999972946,-2215786.840435829,-1771015.4982563804,299.2634076828786,15.7
350000,699.999999997271,-2218824.133893475,-1774185.2266178585,299.1742991525881,15.7
350500,700.9999999972473,-2219613.0859330352,-1773626.0945406514,300.08135455020005,15.7
351000,701.9999999972237,-2218860.8595212884,-1774910.3696180182,298.7110990557768,15.7
351500,702.9999999972,-2218320.137656752,-1772375.0611644387,300.05315220297507,15.7
352000,703.9999999971764,-2216942.3207043987,-1771771.078041444,299.5324798331697,15.7
352500,704.9999999971527,-2218575.402768608,-1773109.3655123468,299.7308317191683,15.7
353000,705.9999999971291,-2218617.4776884597,-1774484.776156688,298.8336997444757,15.7
353500,706.9999999971054,-2218316.2784632836,-1773841.850140695,299.0636298551148,15.7
354000,707.9999999970818,-2216464.0388716348,-1769709.1791305048,300.5980130596524,15.7
354500,708.9999999970581,-2218703.945229402,-1772678.9843272937,300.10690225031135,15.7
355000,709.9999999970345,-2215714.3405850306,-1768685.622295722,300.78227817428296,15.7
355500,710.9999999970108,-2217522.635599071,-1772815.5063302857,299.22020216885403,15.7
356000,711.9999999969872,-2216950.4416865613,-1771835.574866666,299.49454747263974,15.7
356500,712.9999999969635,-2216385.855389027,-1770740.5111897464,299.85147799670534,15.7
357000,713.9999999969399,-2217260.971330799,-1770285.3414859069,300.7465577326132,15.7
357500,714.9999999969162,-2218596.5575011577,-1772082.989436105,300.43566049243327,15.7
358000,715.9999999968926,-2219382.4814311974,-1771594.0967318523,301.29341802752907,15.7
358500,716.999999996869,-2216742.2887908835,-1770637.7100900535,300.1604729089805,15.7
359000,717.9999999968453,-2218580.6198909245,-1772900.541034252,299.8748491336247,15.7
359500,718.9999999968217,-2214579.5837044343,-1768197.6173458814,300.3471125771133,15.7
360000,719.999999996798,-2217927.6351544764,-1773753.3966685813,298.86164779161123,15.7
360500,720.9999999967744,-2217311.858506901,-1771103.0072861495,300.2306324419364,15.7
361000,721.9999999967507,-2217637.455802394,-1772992.9221906927,299.17808482030046,15.7
361500,722.9999999967271,-2216886.9883169644,-1770848.6015397275,300.1159358205105,15.7
362000,723.9999999967034,-2217135.482240474,-1771435.7538785166,299.8880702595227,15.7
362500,724.9999999966798,-2217030.4088883605,-1768283.7246692923,301.9382077265414,15.7
363000,725.9999999966561,-2216527.5827517975,-1770899.5777085554,299.8398113841557,15.7
363500,726.9999999966325,-2217229.0301143955,-1771447.1768333428,299.94332782855525,15.7
364000,727.9999999966088,-2216629.522312075,-1769874.3025288107,300.5982553132011,15.7
364500,728.9999999965852,-2217533.273755586,-1772716.0818758893,299.2942575516453,15.7
365000,729.9999999965615,-2217132.802546272,-1771032.4017408858,300.1576618213297,15.7
365500,730.9999999965379,-2219715.2664048187,-1772874.8600770058,300.6555728901058,15.7
366000,731.9999999965142,-2217208.3591576666,-1772926.7850486785,298.9338683267185,15.7
366500,732.9999999964906,-2216591.1471486855,-1770549.189729067,300.1183383192901,15.7
367000,733.999999996467,-2219228.967147449,-1774921.1277161206,298.95154089039795,15.7
367500,734.9999999964433,-2217876.4067082275,-1770818.4785449049,300.80193197300247,15.7
368000,735.9999999964197,-2218452.083215829,-1772823.42740172,299.84024925388496,15.7
368500,736.999999996396,-2219737.478926478,-1774699.7448578097,299.44264887264654,15.7
369000,737.9999999963724,-2217307.1957450025,-1771119.624671034,300.2163141425352,15.7
369500,738.9999999963487,-2217333.496856477,-1771587.5509294048,299.9191676453464,15.7
370000,739.9999999963251,-2218500.8179986514,-1772403.0998935322,300.1558567724257,15.7
370500,740.9999999963014,-2217481.2367366813,-1771266.7540112177,300.23442158734804,15.7
371000,741.9999999962778,-2214738.7877384406,-1767056.21813942,301.22222057278236,15.7
371500,742.9999999962541,-2216846.607070606,-1770729.0536534237,300.1692029180013,15.7
372000,743.9999999962305,-2216911.4687934704,-1770364.0500795813,300.4584368261632,15.7
372500,744.9999999962068,-2216867.3244618643,-1773162.3358400706,298.54591406493364,15.7
373000,745.9999999961832,-2217948.321168339,-1771694.492996759,300.2608950831984,15.7
373500,746.9999999961595,-2217554.9205407985,-1771750.320169275,299.95863315775165,15.7
374000,747.9999999961359,-2218909.8911610954,-1772039.9839254501,300.6754225102824,15.7
374500,748.9999999961123,-2214794.3360404987,-1768298.1247476505,300.42398202688537,15.7
375000,749.9999999960886,-2217519.948457768,-1770639.9804561515,300.68219187427457,15.7
375500,750.999999996065,-2217399.7037617434,-1770572.743231696,300.6465259150049,15.7
376000,751.9999999960413,-2219761.277591152,-1774562.7753398279,299.5508213865339,15.7
376500,752.9999999960177,-2218288.047775885,-1770988.9548456431,300.96419914967726,15.7
377000,753.999999995994,-2216806.215384174,-1772490.243543113,298.9570127641866,15.7
377500,754.9999999959704,-2218983.9252606872,-1774781.8143776406,298.8804016720006,15.7
378000,755.9999999959467,-2215599.7876394,-1770853.0372237877,299.2468611693139,15.7
378500,756.9999999959231,-2216452.757447215,-1770945.2076297689,299.7587633535691,15.7
379000,757.9999999958994,-2219625.5483097173,-1773667.682630755,300.0617573787478,15.7
379500,758.9999999958758,-2217883.7192483265,-1773288.2230212274,299.14509012521063,15.7
380000,759.9999999958521,-2220344.565538671,-1773395.191079628,300.7288918546796,15.7
380500,760.9999999958285,-2217750.16993458,-1773417.6865927656,298.96812249071996,15.7
381000,761.9999999958048,-2216187.871484168,-1770050.2138578102,300.1827299903999,15.7
381500,762.9999999957812,-2218571.7885420565,-1771868.0059502977,300.5636459133775,15.7
382000,763.9999999957575,-2216900.070426034,-1772833.1510724975,298.7894383522577,15.7
382500,764.9999999957339,-2219047.0132335387,-1772495.4170093967,300.46124765463924,15.7
383000,765.9999999957103,-2217714.155546788,-1771005.5677764982,300.5668790670577,15.7
383500,766.9999999956866,-2218206.4172480237,-1772228.89257664,300.07498488804447,15.7
384000,767.999999995663,-2220234.4493710063,-1772766.9949353063,301.0774808139121,15.7
384500,768.9999999956393,-2219389.7037697937,-1773064.3347208458,300.30903120331095,15.7
385000,769.9999999956157,-2219730.4374382384,-1773593.7675346255,300.1820654033495,15.7
385500,770.999999995592,-2221082.1017827243,-1773382.6366454258,301.23358869810926,15.7
386000,771.9999999955684,-2216232.6196193006,-1771072.3625703373,299.5250881872457,15.7
386500,772.9999999955447,-2218874.6302717067,-1774220.077979436,299.1848258672237,15.7
387000,773.9999999955211,-2218726.4628661666,-1774466.9629628668,298.9190157465504,15.7
387500,774.9999999954974,-2215228.35416648,-1768713.1751347345,300.4367444277868,15.7
388000,775.9999999954738,-2217481.3664148226,-1772863.9907108175,299.159811682551,15.7
388500,776.9999999954501,-2217761.3873397205,-1771669.388525778,300.1520085600866,15.7
389000,777.9999999954265,-2219467.359288236,-1773132.0323872762,300.31573132187475,15.7
389500,778.9999999954028,-2219328.869690677,-1772484.2454302483,300.6584109166789,15.7
390000,779.9999999953792,-2220408.38216318,-1775570.4864997836,299.30818804642865,15.7
390500,780.9999999953556,-2219937.8834134806,-1773704.4328824293,300.24718403312215,15.7
391000,781.9999999953319,-2218920.8527441192,-1772636.5293136528,300.28141375026865,15.7
391500,782.9999999953083,-2214324.292873401,-1768001.7643863847,300.3071199375375,15.7
392000,783.9999999952846,-2218932.626572609,-1772908.9456971274,300.10604098724457,15.7
392500,784.999999995261,-2220741.6812501345,-1774135.4760007048,300.4979912157638,15.7
393000,785.9999999952373,-2217924.3707083687,-1774681.318236271,298.2351013547161,15.7
393500,786.9999999952137,-2216601.3938194048,-1771151.1200519688,299.72022529079595,15.7
394000,787.99999999519,-2219534.965276055,-1772926.6587880896,300.499405029436,15.7
394500,788.9999999951664,-2219302.3982728925,-1773280.1958806007,300.10504619312087,15.7
395000,789.9999999951427,-2216087.7632581107,-1769972.7289578426,300.1675079357921,15.7
395500,790.9999999951191,-2217110.1767662633,-1773574.1491358723,298.43222903791536,15.7
396000,791.9999999950954,-2217168.519606998,-1771724.563137884,299.7159747106803,15.7
396500,792.9999999950718,-2218416.8719878905,-1774730.9934664206,298.53305587646304,15.7
397000,793.9999999950481,-2217451.3827476427,-1772551.6172272405,299.34981704201465,15.7
397500,794.9999999950245,-2218738.682353817,-1772807.7391203665,300.0436426712048,15.7
398000,795.9999999950008,-2217544.571066145,-1772263.0630275896,299.60667164573107,15.7
398500,796.9999999949772,-2217544.9795595463,-1772978.0257546932,299.1258854199277,15.7
399000,797.9999999949536,-2216740.591520315,-1771208.3617243236,299.77536922220474,15.7
399500,798.9999999949299,-2220275.4972622693,-1774476.4630768895,299.95488796179313,15.7
400000,799.9999999949063,-2218586.5802495033,-1774066.627842653,299.09426063388986,15.7
400500,800.9999999948826,-2217293.134575071,-1769959.6049362407,300.98736981240694,15.7
401000,801.999999994859,-2217002.81631341,-1772276.5584415798,299.23307280683935,15.7
401500,802.9999999948353,-2220362.8821579367,-1773662.1383686024,300.5616012619296,15.7
402000,803.9999999948117,-2219387.8104710486,-1773312.921432312,300.1404962859195,15.7
402500,804.999999994788,-2218751.4921613764,-1772087.6011345414,300.53680496270294,15.7
403000,805.9999999947644,-2218825.451445397,-1773549.3305943268,299.6030468886217,15.7
403500,806.9999999947407,-2215815.244678775,-1770818.1386459705,299.41531238913916,15.7
404000,807.9999999947171,-2218802.4440419357,-1774686.6751646823,298.82230664556914,15.7
404500,808.9999999946934,-2218834.2543722373,-1773092.364226176,299.9164387221199,15.7
405000,809.9999999946698,-2218113.639395211,-1772010.9694936755,300.1591885776234,15.7
405500,810.9999999946461,-2218743.4392065406,-1771739.0225909972,300.76592684717684,15.7
406000,811.9999999946225,-2216482.5807943214,-1770439.782330488,300.11890421401813,15.7
406500,812.9999999945989,-2217866.1560897715,-1770639.0185075165,300.91578415393127,15.7
407000,813.9999999945752,-2220123.800471572,-1774973.399178575,299.5184567637793,15.7
407500,814.9999999945516,-2219519.63745733,-1772801.6496037056,300.5732038922078,15.7
408000,815.9999999945279,-2220797.0651136637,-1775015.1972695256,299.94333762729474,15.7
408500,816.9999999945043,-2218616.030879885,-1773744.7314254513,299.330663712883,15.7
409000,817.9999999944806,-2217641.628244426,-1772551.687369035,299.4777761063562,15.7
409500,818.999999994457,-2219607.1374363713,-1772670.0700314166,300.7206110807275,15.7
410000,819.9999999944333,-2216741.133335864,-1771321.032800326,299.69992329886855,15.7
410500,820.9999999944097,-2219097.0741738975,-1773441.213043237,299.85855429057733,15.7
411000,821.999999994386,-2216307.978880532,-1769459.4284238883,300.66105264906366,15.7
411500,822.9999999943624,-2218144.039583925,-1773197.8031861195,299.38108486844783,15.7
412000,823.9999999943387,-2220315.8393536843,-1774460.900336464,299.9925034034727,15.7
412500,824.9999999943151,-2219692.7593757007,-1775344.8691528854,298.9784889763112,15.7
413000,825.9999999942914,-2219025.2017296534,-1773116.8940352614,300.0284123991281,15.7
413500,826.9999999942678,-2219348.6110438593,-1772565.5351973576,300.61699820335275,15.7
414000,827.9999999942441,-2218037.249748189,-1772200.2202917258,299.9804529953776,15.7
414500,828.9999999942205,-2216912.157593079,-1772466.3641595908,299.0443629337146,15.7
415000,829.9999999941969,-2218064.6856368277,-1774200.4167886076,298.65308541078366,15.7
415500,830.9999999941732,-2218902.6248939056,-1772244.2312141457,300.53310608495866,15.7
416000,831.9999999941496,-2218291.9918436594,-1775462.4809267516,297.95685083970267,15.7
416500,832.9999999941259,-2216644.744679479,-1771548.9171482064,299.4817369296646,15.7
417000,833.9999999941023,-2217195.152008433,-1772120.1513791045,299.46772359504473,15.7
417500,834.9999999940786,-2219230.359749716,-1772895.9622504006,300.31510597604654,15.7
418000,835.999999994055,-2216907.538409326,-1771409.6268466143,299.7522782753226,15.7
418500,836.9999999940313,-2216982.66737614,-1770963.922785406,300.10271961903857,15.7
419000,837.9999999940077,-2218647.4278901927,-1770739.197936628,301.3740556400979,15.7
419500,838.999999993984,-2219503.8611751497,-1773551.368676374,300.0581420464181,15.7
420000,839.9999999939604,-2219600.883582184,-1773612.3233756975,300.08241012327744,15.7
420500,840.9999999939367,-2218359.2501433026,-1774099.523773118,298.91916812428985,15.7
421000,841.9999999939131,-2217958.202357726,-1772766.599373999,299.54617922968663,15.7
421500,842.9999999938894,-2220957.5035261847,-1775906.7051642323,299.4514391533064,15.7
422000,843.9999999938658,-2218340.077888768,-1772371.032911688,300.06927934460526,15.7
422500,844.9999999938422,-2217780.48051206,-1770637.5532437032,300.8591234316471,15.7
423000,845.9999999938185,-2218439.0429931413,-1772436.4007714803,300.091885175846,15.7
423500,846.9999999937949,-2218380.4396723844,-1772786.9616407831,299.81657996121794,15.7
424000,847.9999999937712,-2217991.824303532,-1771648.9352469842,300.32081950143123,15.7
424500,848.9999999937476,-2215851.497185033,-1770479.1483131356,299.66779369826594,15.7
425000,849.9999999937239,-2218752.4236362204,-1772210.522725583,300.454724184526,15.7
425500,850.9999999937003,-2220299.5815820247,-1774738.1661171685,299.79500673454334,15.7
426000,851.9999999936766,-2217257.4253660236,-1768964.0625192814,301.63319145010377,15.7
426500,852.999999993653,-2217371.8596435227,-1770475.3354394224,300.6933316782674,15.7
427000,853.9999999936293,-2217130.115073545,-1771050.2695906598,300.1438312183337,15.7
427500,854.9999999936057,-2218833.2021775674,-1773466.0638167083,299.6642878175107,15.7
428000,855.999999993582,-2218100.69824541,-1773592.4736359576,299.08636961151257,15.7
428500,856.9999999935584,-2216210.2929864377,-1770003.2619800442,300.22940771475663,15.7
429000,857.9999999935347,-2218859.625983035,-1772955.8499711207,300.0253632666589,15.7
429500,858.9999999935111,-2216680.5006901734,-1772884.9903458194,298.6068214044893,15.7
430000,859.9999999934874,-2216082.578520678,-1770223.5220752181,299.9952738058998,15.7
430500,860.9999999934638,-2219137.174987264,-1773159.4256925,300.07513602538603,15.7
431000,861.9999999934402,-2218831.768298289,-1772265.7828537854,300.47092940953416,15.7
431500,862.9999999934165,-2220363.4575319216,-1775654.7275741403,299.22127918888214,15.7
432000,863.9999999933929,-2218258.0510226395,-1773090.0698560518,299.530285342598,15.7
432500,864.9999999933692,-2218698.9224520028,-1773073.0715262764,299.8383619909796,15.7
433000,865.9999999933456,-2221203.8132543024,-1776715.6172681735,299.07289339688606,15.7
433500,866.9999999933219,-2216346.37203718,-1771787.6988369217,299.1203138335557,15.7
434000,867.9999999932983,-2216233.8203764632,-1769553.302053708,300.54799260175656,15.7
434500,868.9999999932746,-2220901.1644516326,-1774711.5225009366,300.2177075273324,15.7
435000,869.999999993251,-2217550.9780420084,-1770901.599494763,300.52704027311074,15.7
435500,870.9999999932273,-2218873.999778088,-1772000.901505385,300.67756959246464,15.7
436000,871.9999999932037,-2218429.951087402,-1773684.2971361992,299.2461234156763,15.7
436500,872.99999999318,-2217158.664891541,-1770717.6018883586,300.3868756229241,15.7
437000,873.9999999931564,-2218683.972453229,-1774457.3564627354,298.8968898790067,15.7
437500,874.9999999931327,-2217839.688178273,-1773034.5214936961,299.28616642587275,15.7
438000,875.9999999931091,-2218320.235905919,-1774089.8195638356,298.8994469371158,15.7
438500,876.9999999930855,-2218999.4792150166,-1771471.090566317,301.1184802635107,15.7
439000,877.9999999930618,-2219321.4334662817,-1773044.8378650194,300.27621409758797,15.7
439500,878.9999999930382,-2219452.8632577043,-1774187.3674915344,299.59589782389423,15.7
440000,879.9999999930145,-2220585.486894779,-1775262.9821602467,299.63425618137506,15.7
440500,880.9999999929909,-2220701.2142582536,-1774769.428034962,300.04420987504335,15.7
441000,881.9999999929672,-2220312.608102819,-1773543.4243878927,300.60765091354125,15.7
441500,882.9999999929436,-2219031.8704693858,-1772565.2383977047,300.4040797137559,15.7
442000,883.9999999929199,-2218873.433041349,-1774945.2925011097,298.69606133660324,15.7
442500,884.9999999928963,-2218259.880413262,-1772307.7488753116,300.0578991747302,15.7
443000,885.9999999928726,-2217181.6565161925,-1770684.9077149527,300.42434368821034,15.7
443500,886.999999992849,-2217359.5954174325,-1772582.2240347012,299.26746441888844,15.7
444000,887.9999999928253,-2217933.569727311,-1771532.2891896581,300.36010807953414,15.7
444500,888.9999999928017,-2220158.9399035517,-1775319.300610778,299.3093612435745,15.7
445000,889.999999992778,-2218547.2559417617,-1769738.8238990593,301.97975461224496,15.7
445500,890.9999999927544,-2221022.87416921,-1776310.8793154662,299.22347596686416,15.7
446000,891.9999999927307,-2220718.3394501433,-1774800.9594456572,300.0345166827832,15.7
446500,892.9999999927071,-2217921.7090573087,-1771130.5003598055,300.6224703740483,15.7
447000,893.9999999926835,-2218121.4453010783,-1772278.3189900618,299.9845552503944,15.7
447500,894.9999999926598,-2221368.2039208803,-1775048.8205669164,300.305003741763,15.7
448000,895.9999999926362,-2216733.722972635,-1771275.672478892,299.72545784378366,15.7
448500,896.9999999926125,-2217505.2683938537,-1771047.1534174792,300.3983490051347,15.7
449000,897.9999999925889,-2217335.4308355935,-1770003.2132095112,300.9864870275496,15.7
449500,898.9999999925652,-2220290.917503752,-1775030.9899096708,299.5921512916969,15.7
450000,899.9999999925416,-2218182.8370220754,-1771801.0452780798,300.34699508809695,15.7
450500,900.9999999925179,-2220366.337612599,-1774163.6945323194,300.2264553084368,15.7
451000,901.9999999924943,-2219038.65297395,-1773296.3981601936,299.91668408796687,15.7
451500,902.9999999924706,-2218725.40860907,-1773703.9202672848,299.4317179714705,15.7
452000,903.999999992447,-2219249.2732251864,-1772799.7878286438,300.39254261155133,15.7
452500,904.9999999924233,-2218192.4250145275,-1773581.677079537,299.1553522029206,15.7
453000,905.9999999923997,-2220358.683067074,-1773424.4802974327,300.71868361723267,15.7
453500,906.999999992376,-2218827.2001324445,-1772633.7148630135,300.2202934957894,15.7
454000,907.9999999923524,-2218769.175457053,-1776069.0883228017,297.86976833559333,15.7
454500,908.9999999923288,-2218903.801248787,-1772544.456478781,300.331891691607,15.7
455000,909.9999999923051,-2220223.309574714,-1774061.0103965276,300.19931000370457,15.7
455500,910.9999999922815,-2217908.084636336,-1771597.5496150334,300.2990501608253,15.7
456000,911.9999999922578,-2218565.0117745344,-1771376.6736841537,300.8896780021773,15.7
456500,912.9999999922342,-2219078.9705914836,-1774583.539772802,299.077761337867,15.7
457000,913.9999999922105,-2219191.4503220655,-1771829.3167832382,301.00661588285794,15.7
457500,914.9999999921869,-2218804.2155168317,-1773250.3504775944,299.78992644747035,15.7
458000,915.9999999921632,-2222447.197139088,-1776706.357083672,299.91573217096646,15.7
458500,916.9999999921396,-2218326.304956572,-1771423.7254898767,300.69740594822775,15.7
459000,917.9999999921159,-2218375.886653507,-1772197.8444708558,300.20990264922057,15.7
459500,918.9999999920923,-2219636.621293744,-1773954.0860384076,299.8765019159985,15.7
460000,919.9999999920686,-2217382.850540472,-1769462.086315815,301.3824892965056,15.7
460500,920.999999992045,-2217691.10859422,-1771519.5152623064,300.2055635543545,15.7
461000,921.9999999920213,-2219474.1749659497,-1772497.4494016892,300.7472949849515,15.7
461500,922.9999999919977,-2221173.668478843,-1775361.4836047837,299.96373637340224,15.7
462000,923.999999991974,-2219098.9891405012,-1774769.562697105,298.9660656634227,15.7
462500,924.9999999919504,-2219767.766688846,-1775278.966360367,299.0733000272912,15.7
463000,925.9999999919268,-2220322.412652105,-1773472.2803757382,300.662116972944,15.7
463500,926.9999999919031,-2218782.3099427857,-1772488.4403222785,300.2878368829912,15.7
464000,927.9999999918795,-2219781.11689939,-1771237.4054339281,301.8016379610223,15.7
464500,928.9999999918558,-2218840.8960713893,-1775342.3666287584,298.4069984657385,15.7
465000,929.9999999918322,-2219449.483144583,-1773731.724434847,299.9002019388966,15.7
465500,930.9999999918085,-2219747.7535219863,-1774064.4204930495,299.8770386961899,15.7
466000,931.9999999917849,-2220674.134997679,-1775634.9040160002,299.44365606723403,15.7
466500,932.9999999917612,-2223835.7553345133,-1779268.7009797532,299.12595307470895,15.7
467000,933.9999999917376,-2217530.869606206,-1772278.9906723509,299.58673576857757,15.7
467500,934.9999999917139,-2219765.37363261,-1773372.8911986556,300.35418829504215,15.7
468000,935.9999999916903,-2219677.18184828,-1771976.2528116386,301.2345736795241,15.7
468500,936.9999999916666,-2219903.132557042,-1773222.9955948167,300.5477360041726,15.7
469000,937.999999991643,-2217155.891636759,-1770915.385400583,300.2519314486118,15.7
469500,938.9999999916193,-2217956.598114254,-1772635.5301814512,299.63328943252935,15.7
470000,939.9999999915957,-2219996.250418173,-1774888.1058790947,299.4900244009535,15.7
470500,940.999999991572,-2219988.3662526123,-1775380.7959282838,299.1532141546588,15.7
471000,941.9999999915484,-2219369.8015393894,-1772998.2786230387,300.340085730271,15.7
471500,942.9999999915248,-2219973.34544234,-1772933.8094242117,300.78955685904265,15.7
472000,943.9999999915011,-2219132.274275625,-1772222.8176834038,300.70203320683163,15.7
472500,944.9999999914775,-2219374.4107910674,-1775789.89108437,298.46485682353205,15.7
473000,945.9999999914538,-2219473.7094238102,-1773802.8026385945,299.8686777257586,15.7
473500,946.9999999914302,-2219511.8825795967,-1774193.647791585,299.6313831573623,15.7
474000,947.9999999914065,-2217557.781654438,-1770675.7802564816,300.68356004047604,15.7
474500,948.9999999913829,-2220429.1888524387,-1774870.732739932,299.79301554090165,15.7
475000,949.9999999913592,-2217214.385037303,-1770422.4283065195,300.622973686576,15.7
475500,950.9999999913356,-2217743.1574724726,-1770470.3566723936,300.94650854841393,15.7
476000,951.9999999913119,-2216493.601473596,-1769267.8911533658,300.91482382385436,15.7
476500,952.9999999912883,-2216114.5280381236,-1771847.1164916588,298.9243390780455,15.7
477000,953.9999999912646,-2215971.4669900984,-1770489.0452677312,299.74185597072164,15.7
477500,954.999999991241,-2217989.2863202356,-1773229.6992717257,299.2554982691892,15.7
478000,955.9999999912174,-2218434.5906634685,-1772868.186219728,299.79836355788194,15.7
478500,956.9999999911937,-2217625.6150762625,-1771077.4932962554,300.4589098826361,15.7
479000,957.9999999911701,-2216601.202716686,-1769232.3220907333,301.01115564541345,15.7
479500,958.9999999911464,-2219535.899315806,-1774523.397107643,299.42567167146274,15.7
480000,959.9999999911228,-2218900.480081303,-1771505.1014183348,301.0289847906444,15.7
480500,960.9999999910991,-2219073.9997284114,-1773333.403700029,299.9155679779199,15.7
481000,961.9999999910755,-2217646.9375900663,-1770745.6636857707,300.6965275034727,15.7
481500,962.9999999910518,-2220280.6776116826,-1773849.953011881,300.37991945121877,15.7
482000,963.9999999910282,-2220005.871854406,-1774570.4570421781,299.7102274758549,15.7
482500,964.9999999910045,-2217690.1624873225,-1770960.821633692,300.5808427329945,15.7
483000,965.9999999909809,-2219888.0123758204,-1773996.6760528577,300.0169932496342,15.7
483500,966.9999999909572,-2222271.9210779704,-1776284.2897874485,300.08178510423807,15.7
484000,967.9999999909336,-2219813.5577100236,-1773814.6559887698,300.0893683884719,15.7
484500,968.9999999909099,-2219654.3560240287,-1772569.2495251477,300.8202188555936,15.7
485000,969.9999999908863,-2220138.801313285,-1774162.603878054,300.07409186015303,15.7
485500,970.9999999908626,-2219154.9430592936,-1774334.7128986926,299.29630185218974,15.7
486000,971.999999990839,-2216871.327915309,-1770026.2400891774,300.6587228258302,15.7
486500,972.9999999908154,-2218126.038794238,-1771232.116546355,300.69158095781773,15.7
487000,973.9999999907917,-2219871.064337112,-1774480.5600513336,299.6800095280883,15.7
487500,974.9999999907681,-2219034.358713042,-1772865.0145076162,300.2040502346029,15.7
488000,975.9999999907444,-2216785.4482632354,-1771312.6878779465,299.7353553615713,15.7
488500,976.9999999907208,-2219221.4787609912,-1773852.7767541925,299.665339913201,15.7
489000,977.9999999906971,-2219688.330344692,-1773023.3002499903,300.53757138198193,15.7
489500,978.9999999906735,-2218550.79428355,-1770371.4361152921,301.5564836559196,15.7
490000,979.9999999906498,-2218481.5024047084,-1774261.128652575,298.8926898028191,15.7
490500,980.9999999906262,-2220518.497906562,-1775334.9131192921,299.5407842040459,15.7
491000,981.9999999906025,-2218976.4498233665,-1774865.9238252148,298.8187789860343,15.7
491500,982.9999999905789,-2217719.2850621045,-1771523.3233831043,300.22195974245636,15.7
492000,983.9999999905552,-2217771.0200990066,-1771374.7953507807,300.3567063028707,15.7
492500,984.9999999905316,-2219032.115763748,-1773849.0365172632,299.54044405205394,15.7
493000,985.999999990508,-2219003.0220581256,-1773702.2363964082,299.6196425515706,15.7
493500,986.9999999904843,-2216874.8188814707,-1772798.3254331772,298.7958802606066,15.7
494000,987.9999999904607,-2218901.328218108,-1773392.4396807752,299.75966410826567,15.7
494500,988.999999990437,-2217620.246589847,-1772650.4101368461,299.3969641130607,15.7
495000,989.9999999904134,-2218541.8705560267,-1773086.373573072,299.72373971973275,15.7
495500,990.9999999903897,-2219840.3840005454,-1772867.3128459908,300.7448361235143,15.7
496000,991.9999999903661,-2217373.2369951494,-1769434.967019198,301.3942680023024,15.7
496500,992.9999999903424,-2218923.997476548,-1772775.2291685822,300.1902057877915,15.7
497000,993.9999999903188,-2220250.789483946,-1774091.9235502772,300.1969999527719,15.7
497500,994.9999999902951,-2216499.289399797,-1769150.2329949378,300.99781696237267,15.7
498000,995.9999999902715,-2219364.7492235415,-1774214.9279102788,299.51806652570565,15.7
498500,996.9999999902478,-2215622.9893447496,-1768765.0865247569,300.667345365928,15.7
499000,997.9999999902242,-2218718.4996733125,-1771460.6812713353,300.9364276751966,15.7
499500,998.9999999902005,-2217146.65300384,-1772179.3875227366,299.3952342403415,15.7
500000,999.9999999901769,-2217722.4281147774,-1770576.50832516,300.8611369429168,15.7
