#"Step","Time (ps)","Potential Energy (kJ/mole)","Total Energy (kJ/mole)","Temperature (K)","Speed (ns/day)"
500,1.0000000000000007,-2050022.3473724201,-1627968.7785906482,300.5904857927487,0
1000,2.0000000000000013,-2055046.6630596537,-1634674.5316960665,299.39295039026155,17.1
1500,2.999999999999891,-2059599.4544529393,-1637634.8702458404,300.5271101492107,17.5
2000,3.999999999999781,-2061668.1607683934,-1641738.1554299898,299.0780641139171,17.6
2500,4.999999999999671,-2064990.786229603,-1643115.705710203,300.46336478853715,17.6
3000,5.999999999999561,-2064952.7782424483,-1644135.087612275,299.71028185313514,17.7
3500,6.999999999999451,-2068979.3365579657,-1649415.8077937323,298.81705608173905,17.7
4000,7.999999999999341,-2069905.7160010487,-1649437.2628092382,299.4615516941711,17.7
4500,8.999999999999675,-2068457.9134402536,-1645932.067409593,300.9268460516659,17.7
5000,10.000000000000009,-2069741.747734163,-1648167.4877618165,300.2491175908739,17.7
5500,11.000000000000343,-2072903.5009196177,-1651980.1185764973,299.7855564762849,17.6
6000,12.000000000000677,-2071980.0620579738,-1651956.4787010476,299.14471125098174,17.6
6500,13.00000000000101,-2076312.4939139131,-1655788.307960791,299.5012450862813,17.6
7000,14.000000000001345,-2072619.2751309238,-1650700.9488032295,300.4941648563133,17.6
7500,15.000000000001679,-2074425.905629063,-1652519.1014050916,300.4859587066404,17.5
8000,16.00000000000201,-2074485.4583462775,-1653135.6530940281,300.08925884700113,17.5
8500,17.000000000001457,-2075674.3722415045,-1654559.9510360372,299.92161613478726,17.4
9000,18.000000000000902,-2076906.3117074817,-1654140.9263055583,301.097448224708,17.4
9500,19.000000000000348,-2079053.036129292,-1658973.8550419388,299.1843084728374,17.4
10000,19.999999999999794,-2079397.3196352907,-1658831.9242172744,299.53059485130666,17.4
10500,20.99999999999924,-2079332.0569205675,-1657838.1470987939,300.1918914646645,17.4
11000,21.999999999998685,-2077455.8623492923,-1656620.1839824466,299.7230928868631,17.3
11500,22.99999999999813,-2079283.6948223747,-1658165.0044313674,299.9246566885235,17.3
12000,23.999999999997577,-2076622.7168769725,-1656686.56267413,299.08244339248614,17.3
12500,24.999999999997023,-2078089.001330303,-1657443.3368531489,299.58776322344,17.2
13000,25.99999999999647,-2079170.9219952282,-1658027.0967873875,299.9425579393623,17.2
13500,26.999999999995914,-2081338.7243147567,-1659757.8814817024,300.25380596563093,17.2
14000,27.99999999999536,-2078947.9510628302,-1659260.1799265775,298.905542657197,17.2
14500,28.999999999994806,-2078329.1962422486,-1657613.7271716744,299.6374787055465,17.2
15000,29.99999999999425,-2080134.9256850313,-1658296.0936034874,300.4375483132118,17.2
15500,30.999999999993697,-2078520.4833666869,-1657936.30472471,299.5439724384961,17.2
16000,31.999999999993143,-2079022.1395598948,-1659841.5124969236,298.5443499209417,17.2
16500,32.999999999994365,-2081506.0046841875,-1662407.1194674298,298.4861326161247,17.2
17000,33.99999999999559,-2078445.3750403821,-1657084.7970033672,300.09693132472796,17.2
17500,34.99999999999681,-2080356.11167139,-1658225.51768889,300.6453438586857,17.2
18000,35.99999999999803,-2079731.2625819892,-1657098.2122130764,301.00319798065743,17.2
18500,36.999999999999254,-2082347.7213432975,-1661275.4214930155,299.8916169129967,17.1
19000,38.000000000000476,-2081395.0917342044,-1660475.522521805,299.78284072904194,17.1
19500,39.0000000000017,-2082914.7817156762,-1660633.1304031413,300.75292829719376,17.1
20000,40.00000000000292,-2081990.9780504648,-1661207.32005169,299.68604349582324,17.1
20500,41.00000000000414,-2081157.2063829172,-1660596.5117842988,299.52724688391356,17.1
21000,42.000000000005365,-2079878.5218125843,-1658779.188827407,299.9108701636541,17.1
21500,43.00000000000659,-2079826.69120905,-1658240.0662636366,300.2579240399501,17.1
22000,44.00000000000781,-2080715.1515861284,-1656771.3373717174,301.93673620950165,17.1
22500,45.00000000000903,-2084494.0455006827,-1664477.4163747039,299.13975838287826,17.1
23000,46.00000000001025,-2078226.9280080795,-1657642.867338716,299.5438884173013,17
23500,47.000000000011475,-2083988.907066388,-1662885.1541382547,299.91401808822735,17
24000,48.0000000000127,-2083113.5701518338,-1661430.1450470686,300.3268660157482,17
24500,49.00000000001392,-2085209.051964555,-1663746.1505363712,300.1698069977098,17
25000,50.00000000001514,-2083622.7801929042,-1662117.9082127407,300.1996988160518,17
25500,51.000000000016364,-2083960.5247360356,-1663233.682540016,299.64557875150143,17
26000,52.000000000017586,-2081656.6411721539,-1659590.244905555,300.599621647012,17
26500,53.00000000001881,-2083348.8520226087,-1663647.988199852,298.9148673905666,17
27000,54.00000000002003,-2082633.650741119,-1660478.6016821275,300.66276099211706,17
27500,55.00000000002125,-2082317.3918935359,-1660425.797194832,300.47512634097154,17
28000,56.000000000022474,-2082281.6067638956,-1661011.6775134357,300.03237041397483,17
28500,57.0000000000237,-2081898.945571702,-1661450.69305934,299.4471645819704,17
29000,58.00000000002492,-2083548.2556775045,-1662318.5452712516,300.003726178237,16.9
29500,59.00000000002614,-2085155.8975900393,-1663792.6761316555,300.09881399406703,17
30000,60.00000000002736,-2084736.5377318244,-1663531.9352549692,299.9858440768805,17
30500,61.000000000028585,-2082549.8692303263,-1660857.3811785718,300.3333207310727,17
31000,62.00000000002981,-2083126.3704777956,-1661565.176282405,300.2398120227353,17
31500,63.00000000003103,-2082384.5502691008,-1658555.7454712628,301.854825430976,17
32000,64.00000000003224,-2084906.2560494207,-1663517.688429654,300.11686576646406,17
32500,65.00000000002991,-2084260.0813484602,-1663120.2352536328,299.9397239779836,16.9
33000,66.00000000002758,-2083451.3760146461,-1662796.1954995422,299.5945406343703,16.9
33500,67.00000000002525,-2083805.930025844,-1662430.1765805238,300.10773939197804,16.9
34000,68.00000000002292,-2084791.5400575716,-1664722.1082812333,299.1773649226559,16.9
34500,69.00000000002059,-2085841.3901644628,-1664356.4092132493,300.18553223982246,16.9
35000,70.00000000001826,-2084242.325075144,-1662379.4788042703,300.454651442697,16.9
35500,71.00000000001593,-2085142.894667277,-1663701.6077858252,300.1544129160508,16.9
36000,72.0000000000136,-2084802.3464504667,-1662416.2569987588,300.82731011341656,16.9
36500,73.00000000001127,-2083107.7001415808,-1662277.3495572663,299.71929839048227,16.9
37000,74.00000000000894,-2083369.9478504695,-1662139.7719987116,300.0040576728643,16.9
37500,75.00000000000661,-2087057.92960627,-1667286.0193529823,298.9654673206389,16.9
38000,76.00000000000428,-2084409.0170568042,-1663453.9236180312,299.8081414141986,16.9
38500,77.00000000000195,-2084905.7922588047,-1662933.4288506284,300.53265056873073,16.9
39000,77.99999999999962,-2085443.2800233979,-1664574.3315408248,299.7467881734063,16.9
39500,78.99999999999729,-2085748.4200343248,-1664075.4700316004,300.3194055504326,16.9
40000,79.99999999999496,-2084371.2210560665,-1662641.8761150152,300.35957055118564,16.9
40500,80.99999999999262,-2084133.8676758353,-1663076.5478529492,299.8809479978513,16.9
41000,81.9999999999903,-2084853.7409111094,-1663940.239016212,299.7785195289614,16.9
41500,82.99999999998796,-2081821.5519391354,-1661668.1913656003,299.2371397943487,16.9
42000,83.99999999998563,-2083268.2517803367,-1662797.6123504294,299.46310875332233,16.9
42500,84.9999999999833,-2084419.1136046704,-1662368.7128338527,300.58822950581697,16.9
43000,85.99999999998097,-2084008.1548670959,-1661288.175849776,301.0651093743448,16.9
43500,86.99999999997864,-2083463.7329639308,-1662953.0876164373,299.49160134073594,16.9
44000,87.99999999997631,-2085478.0130906012,-1664361.8196029495,299.9228783706791,16.9
44500,88.99999999997398,-2084320.5480830912,-1661298.9867625649,301.2798991018407,16.9
45000,89.99999999997165,-2083771.980629515,-1662516.667607578,300.02196059977786,16.9
45500,90.99999999996932,-2085926.4055394586,-1665056.0643772448,299.7477800528281,16.9
46000,91.99999999996699,-2084894.7558691222,-1662316.0678007852,300.9644806434577,16.9
46500,92.99999999996466,-2086523.7204586584,-1665778.2013673582,299.658880610414,16.9
47000,93.99999999996233,-2088678.2462987918,-1665980.7569647916,301.04909201225064,16.9
47500,94.99999999996,-2088114.1367899273,-1665825.01883839,300.75824610709043,16.9
48000,95.99999999995767,-2086214.7329220288,-1663328.3014725326,301.18365834810106,16.9
48500,96.99999999995534,-2087707.33133189,-1667813.4314652393,299.0523494603833,16.9
49000,97.999999999953,-2085215.6997828353,-1664316.7980961367,299.7681211245887,16.9
49500,98.99999999995067,-2084444.733055815,-1664195.9657801604,299.3050893369169,16.9
50000,99.99999999994834,-2085716.4099091198,-1665943.9051577754,298.9658907276965,16.9
50500,100.99999999994601,-2085391.7567109745,-1663924.7081321115,300.1727606370807,16.9
51000,101.99999999994368,-2086926.882393876,-1665192.7339201642,300.362991671922,16.9
51500,102.99999999994135,-2084369.5357475765,-1666007.3708646432,297.96143352715137,16.9
52000,103.99999999993902,-2085917.8265527654,-1665422.78101515,299.4804910107297,16.9
52500,104.99999999993669,-2084305.5754546598,-1664075.6949698348,299.29163798843786,16.9
53000,105.99999999993436,-2083450.235088762,-1661258.8408592513,300.68864636134657,16.9
53500,106.99999999993203,-2085835.2219870035,-1664732.6793685928,299.91315609436106,16.9
54000,107.9999999999297,-2086248.486904448,-1664301.7033479207,300.51443235994765,16.9
54500,108.99999999992737,-2084446.6861459464,-1662746.3806448684,300.3388883913501,16.9
55000,109.99999999992504,-2087660.707265282,-1666602.8627772706,299.88132166924413,16.9
55500,110.99999999992271,-2086629.355499193,-1667806.09157472,298.28983256259863,16.9
56000,111.99999999992038,-2084539.3938868102,-1664252.778760178,299.3320449291758,16.9
56500,112.99999999991805,-2085928.3123009894,-1664797.3497201155,299.9333970565396,16.9
57000,113.99999999991572,-2088150.195399642,-1665219.1108415262,301.215460708287,16.9
57500,114.99999999991338,-2087826.5798505824,-1666901.3646561324,299.78686185008644,16.9
58000,115.99999999991105,-2084168.0995413382,-1663735.008396721,299.43636651453807,16.9
58500,116.99999999990872,-2085657.8405902218,-1663569.0600536296,300.61556393275265,16.9
59000,117.9999999999064,-2084203.5452068355,-1662685.7276120377,300.2089188034648,16.9
59500,118.99999999990406,-2083324.8783638608,-1661471.2317509097,300.44809936057135,16.9
60000,119.99999999990173,-2084854.6405633837,-1665295.2814335274,298.814086429269,16.9
60500,120.9999999998994,-2088418.101617314,-1666601.9192425997,300.42141698088193,16.9
61000,121.99999999989707,-2088168.686418023,-1665803.9553546403,300.8120984701624,16.9
61500,122.99999999989474,-2086233.5884938072,-1663527.7845966846,301.0550137216092,16.9
62000,123.99999999989241,-2084574.3421034403,-1663717.2285425426,299.7383592318718,16.9
62500,124.99999999989008,-2084782.960196348,-1663283.9390299069,300.19553181198125,16.9
63000,125.99999999988775,-2086646.70298245,-1664399.8714270373,300.7281293416045,16.9
63500,126.99999999988542,-2086473.468148483,-1667047.2689574943,298.7192486795779,16.9
64000,127.99999999988309,-2086523.0245959572,-1664868.4217563388,300.3063385298483,16.9
64500,128.99999999988785,-2085359.3538064864,-1662144.4086088128,301.41762890174255,16.9
65000,129.99999999989262,-2087263.824856216,-1666372.8779697786,299.7624556416933,16.9
65500,130.9999999998974,-2088112.2838085033,-1665680.4013797287,300.85992429853553,16.9
66000,131.99999999990217,-2088194.9442464858,-1667897.168909737,299.3399933348493,16.9
66500,132.99999999990695,-2085968.953160178,-1664759.6873793558,299.9891653254339,16.9
67000,133.99999999991172,-2086577.7369111348,-1664055.2002975685,300.9244890539631,16.9
67500,134.9999999999165,-2085883.7831174154,-1665111.5447647588,299.6779103174115,16.9
68000,135.99999999992127,-2087007.0509695597,-1666642.950714173,299.3872305601404,16.9
68500,136.99999999992605,-2084942.957532825,-1665945.479390514,298.4139095524533,16.9
69000,137.99999999993082,-2083673.862649994,-1662829.1636059457,299.7295174972516,16.9
69500,138.9999999999356,-2085015.4825147707,-1663350.319339245,300.31385969951793,16.9
70000,139.99999999994037,-2085024.4663013853,-1662929.4922822944,300.6199749887197,16.9
70500,140.99999999994515,-2084592.386866564,-1662764.253795609,300.429928378141,16.9
71000,141.99999999994992,-2084962.4530885033,-1664685.8351152665,299.3249248633408,16.9
71500,142.9999999999547,-2084860.4087439124,-1662639.5520378712,300.7096298117616,16.9
72000,143.99999999995947,-2087049.98524425,-1664187.5638114442,301.1665581904086,16.9
72500,144.99999999996425,-2083307.8482127972,-1662983.734042479,299.35875209763066,16.9
73000,145.99999999996902,-2084896.4126712661,-1663956.0376953245,299.7976587877743,16.9
73500,146.9999999999738,-2086102.852057645,-1663066.4682938308,301.2904557841156,16.9
74000,147.99999999997857,-2084657.9357410315,-1663939.6180377915,299.6395075282841,16.9
74500,148.99999999998334,-2084792.590910215,-1662641.9826974478,300.6595981800415,16.9
75000,149.99999999998812,-2086552.8898669966,-1667293.9297758096,298.60013943380596,16.9
75500,150.9999999999929,-2084110.2322763838,-1663151.4407129139,299.8107752530793,16.9
76000,151.99999999999767,-2085550.8435532972,-1663312.6660996974,300.7219658096256,16.9
76500,153.00000000000244,-2083307.3927041981,-1662346.0644962084,299.8125818749513,16.9
77000,154.00000000000722,-2087059.9683634043,-1667109.0283910236,299.09297395537436,16.9
77500,155.000000000012,-2086638.4447329808,-1665969.6384836393,299.60424500930435,16.9
78000,156.00000000001677,-2087291.9306160957,-1665100.593526194,300.6886056659844,16.9
78500,157.00000000002154,-2087342.0480974857,-1666317.858176216,299.85735257310483,16.9
79000,158.00000000002632,-2084137.9332972616,-1662294.7949877619,300.44061524890174,16.9
79500,159.0000000000311,-2088595.240881009,-1666880.2023988455,300.34938135781044,16.9
80000,160.00000000003587,-2087797.7862819582,-1669005.307039287,298.2679074252649,16.9
80500,161.00000000004064,-2087520.30869117,-1665410.6051103694,300.6304655198687,16.9
81000,162.00000000004542,-2086325.7420733422,-1665003.7402842483,300.06945696137615,16.9
81500,163.0000000000502,-2086725.7751634438,-1665446.3181588575,300.0391561692751,16.9
82000,164.00000000005497,-2084480.8648537118,-1661143.8276226404,301.5045839859903,16.9
82500,165.00000000005974,-2085613.281565247,-1664694.901658935,299.78199369416046,16.9
83000,166.00000000006452,-2082949.1248661224,-1661421.0169802192,300.21624764470937,16.9
83500,167.0000000000693,-2085973.835028777,-1666101.4910785058,299.0369971358076,16.9
84000,168.00000000007407,-2086128.6472519804,-1663864.4551188964,300.7404937068457,16.9
84500,169.00000000007884,-2087215.0271291267,-1667747.7135708192,298.74853071522364,16.9
85000,170.00000000008362,-2084980.5221498571,-1663985.023543014,299.83691835152877,16.9
85500,171.0000000000884,-2085877.7390566785,-1664238.9292052952,300.2950906164155,16.9
86000,172.00000000009317,-2086175.3170763962,-1663369.4091716767,301.12630872892345,16.9
86500,173.00000000009794,-2088750.6812499147,-1664969.0678173415,301.8212153007475,16.9
87000,174.00000000010272,-2086876.0355372373,-1666032.3653636866,299.72878472609284,16.9
87500,175.0000000001075,-2084042.9791351222,-1663401.5909420422,299.58471761406173,16.9
88000,176.00000000011227,-2083941.1756184585,-1663452.9119788567,299.4756608797481,16.9
88500,177.00000000011704,-2084032.2093748003,-1663512.0854862565,299.49835204602476,16.9
89000,178.00000000012182,-2083756.978356354,-1664229.626730592,298.7912903865001,16.9
89500,179.0000000001266,-2085299.935802739,-1664259.4299285011,299.8689729468956,16.9
90000,180.00000000013137,-2082850.931325432,-1661216.9717650118,300.29163619398025,16.9
90500,181.00000000013614,-2083746.0976927094,-1663164.5383509793,299.54210694844517,16.9
91000,182.00000000014091,-2085073.6425042339,-1664003.5555655188,299.89004085675145,16.9
91500,183.0000000001457,-2087738.0121642556,-1667416.7104802649,299.3567490186519,16.9
92000,184.00000000015046,-2086454.4122499004,-1667344.915176987,298.4936904789955,16.9
92500,185.00000000015524,-2084881.3655828703,-1665787.901707848,298.4822714860063,16.9
93000,186.00000000016001,-2087475.6126653552,-1667696.4834903893,298.97060870394824,16.9
93500,187.0000000001648,-2083703.6795092244,-1662878.1436960672,299.715869265584,16.9
94000,188.00000000016956,-2083465.4218673352,-1660469.3627379076,301.26173620362556,16.9
94500,189.00000000017434,-2085518.8439991549,-1664937.258025119,299.5421259162214,16.9
95000,190.0000000001791,-2084728.1242906041,-1663070.5843241927,300.3084303789283,16.9
95500,191.0000000001839,-2084982.4340930898,-1663516.1086515775,300.1722456119188,16.9
96000,192.00000000018866,-2084869.8809203878,-1664510.1790081107,299.3840980191793,16.9
96500,193.00000000019344,-2084908.7094450314,-1663775.3554209124,299.9351002647103,16.9
97000,194.0000000001982,-2086333.8670940585,-1664873.0235770445,300.1683413341923,16.9
97500,195.000000000203,-2084280.1270433683,-1659710.087331966,302.38273984572197,16.9
98000,196.00000000020776,-2086439.1017333623,-1665588.8025381132,299.7335059771378,16.9
98500,197.00000000021254,-2086859.2968703415,-1666908.3114995377,299.09300628855465,16.9
99000,198.0000000002173,-2087612.2186883017,-1665392.2285408366,300.70901264066623,16.9
99500,199.0000000002221,-2084585.7709505688,-1663677.1701577408,299.7750289183827,16.9
100000,200.00000000022686,-2085378.8158208523,-1664400.9555318172,299.824356177173,16.9
100500,201.00000000023164,-2086625.25891185,-1666955.353084262,298.8928188178373,16.9
101000,202.0000000002364,-2086795.4676330648,-1663495.6510739778,301.4780750764565,16.9
101500,203.0000000002412,-2086720.1240878068,-1665647.536130709,299.89182210535625,16.9
102000,204.00000000024596,-2085053.1875832453,-1664651.6391876242,299.41390147468246,16.9
102500,205.00000000025074,-2086875.110155033,-1666938.2819873055,299.0829233965595,16.9
103000,206.0000000002555,-2088438.885890346,-1666774.6026512962,300.3132330005578,16.9
103500,207.0000000002603,-2086497.7776781265,-1664801.9248119215,300.33571718328886,16.9
104000,208.00000000026506,-2089979.1990566794,-1668145.02104462,300.4342336415426,16.9
104500,209.00000000026984,-2085253.6108161844,-1664169.297739298,299.9001728449636,16.9
105000,210.0000000002746,-2086484.090050839,-1663733.554785074,301.0868718193127,16.9
105500,211.00000000027939,-2085507.384794414,-1665429.7960124346,299.18317441810774,16.9
106000,212.00000000028416,-2085992.590405507,-1667855.914990348,297.8008378263378,16.9
106500,213.00000000028894,-2088300.7819409743,-1668401.3996045967,299.05625412642667,16.9
107000,214.0000000002937,-2089866.0266827475,-1669032.7713523852,299.72136717769376,16.9
107500,215.00000000029848,-2086974.4693162143,-1666070.5886827158,299.77166717691006,16.9
108000,216.00000000030326,-2087019.9467302319,-1666226.4159842166,299.69307495843526,16.9
108500,217.00000000030803,-2085173.6330755502,-1664299.7672960144,299.75029031813915,16.9
109000,218.0000000003128,-2085435.3654381093,-1663329.9281959892,300.62742699369244,16.9
109500,219.00000000031758,-2083830.6395281516,-1663619.6895395913,299.2781555125404,16.9
110000,220.00000000032236,-2088563.018678505,-1667868.752243347,299.6223779909659,16.9
110500,221.00000000032713,-2086332.3232907802,-1664433.5353170163,300.4802494585204,16.9
111000,222.0000000003319,-2086684.2019406185,-1664565.4038851704,300.6369426894854,16.9
111500,223.00000000033668,-2086918.3820143733,-1663635.3005914828,301.4661561564632,16.9
112000,224.00000000034146,-2086698.7681575827,-1666442.6304095201,299.31033865606844,16.9
112500,225.00000000034623,-2085227.2469385006,-1663711.8724793734,300.20717877946686,16.9
113000,226.000000000351,-2088251.0730420426,-1667323.1700582933,299.78877611867927,16.9
113500,227.00000000035578,-2085680.3632929847,-1663191.019526431,300.9008487989186,16.9
114000,228.00000000036056,-2085112.7557151373,-1664553.8827282297,299.52594951507314,16.9
114500,229.00000000036533,-2089166.9954133835,-1668857.291002802,299.3484893324276,16.9
115000,230.0000000003701,-2087816.8814991117,-1667505.2928108163,299.3498313325795,16.9
115500,231.00000000037488,-2086360.743896488,-1664249.0557120023,300.6318789731126,16.9
116000,232.00000000037966,-2086416.6065845452,-1664819.5479004746,300.26535504587844,16.9
116500,233.00000000038443,-2084195.239563832,-1662416.7441165405,300.3945759998786,16.9
117000,234.0000000003892,-2087550.0675564893,-1667314.5518599418,299.2956514387542,16.9
117500,235.00000000039398,-2085206.268406717,-1663702.3658506814,300.1990083831516,16.9
118000,236.00000000039876,-2085811.5724685565,-1666020.8901333723,298.97883697234664,16.9
118500,237.00000000040353,-2087021.370474346,-1665530.9621997443,300.1893976301294,16.9
119000,238.0000000004083,-2086521.7104207762,-1663332.7305120453,301.3991361809263,16.9
119500,239.00000000041308,-2085662.062224999,-1664396.0873134965,300.0295540969097,16.9
120000,240.00000000041786,-2085243.6022457797,-1664988.7743230397,299.30940578626445,16.9
120500,241.00000000042263,-2085528.8201433402,-1665153.6458842652,299.3951175687918,16.9
121000,242.0000000004274,-2087426.1068455093,-1665847.961902033,300.2518845035256,16.9
121500,243.00000000043218,-2085165.4674850926,-1663879.7966207655,300.0435817381042,16.9
122000,244.00000000043696,-2086202.6748513542,-1664390.943687696,300.41824678687664,16.9
122500,245.00000000044173,-2089344.389663117,-1668130.919364213,299.99215982240355,16.9
123000,246.0000000004465,-2085894.3049388342,-1666114.458460458,298.9711195741232,16.9
123500,247.00000000045128,-2087175.1873765849,-1664335.552985012,301.1503290472367,16.9
124000,248.00000000045605,-2084995.2514992803,-1663613.9154954767,300.111715342167,16.9
124500,249.00000000046083,-2086446.5607094355,-1667311.4720108472,298.51191707334954,16.9
125000,250.0000000004656,-2085891.9657534864,-1664426.1476678047,300.17188426836697,16.9
125500,251.00000000047038,-2085349.0658877268,-1665940.7114605226,298.7065394724735,16.9
126000,252.00000000047515,-2084316.3465812355,-1663579.5316682628,299.65268141347457,16.9
126500,253.00000000047993,-2088628.1615024973,-1667198.662275914,300.1460176383765,16.9
127000,254.0000000004847,-2087442.7535355836,-1664610.3254171284,301.14519667235027,16.9
127500,255.00000000048948,-2086798.344586704,-1665745.9841282426,299.87741589228006,16.9
128000,256.00000000049425,-2087568.7534512077,-1667099.3534372342,299.46222602974115,16.9
128500,257.000000000499,-2088152.089226408,-1668323.0761174592,299.0061365067161,16.9
129000,258.0000000005038,-2088972.8858315684,-1668265.795520791,299.6315112747177,16.9
129500,259.0000000005086,-2086653.8351896703,-1665691.7811289518,299.8130988340306,16.9
130000,260.00000000051335,-2085637.1778119225,-1663523.801379169,300.6330813592654,16.9
130500,261.0000000005181,-2086161.4965448566,-1666776.6797307576,298.6897757650177,16.9
131000,262.0000000005229,-2088549.6801443007,-1667156.04757291,300.120473072223,16.9
131500,263.0000000005277,-2087065.4229072127,-1664739.8874733842,300.78418297743815,16.9
132000,264.00000000053245,-2087793.4466675203,-1665939.0476238166,300.448635248767,16.9
132500,265.0000000005372,-2087196.7844674867,-1664585.7598466617,300.9875110375599,16.9
133000,266.000000000542,-2089446.1772785895,-1668879.7166778403,299.5313534843778,16.9
133500,267.0000000005468,-2086940.545671869,-1663387.2614952484,301.6585970763226,16.9
134000,268.00000000055155,-2088437.5901948921,-1668360.339624814,299.1829335404392,16.9
134500,269.0000000005563,-2087590.103121614,-1667684.1307482978,299.0609476121624,16.9
135000,270.0000000005611,-2085478.4200276863,-1663310.8279912076,300.6716942176008,16.9
135500,271.0000000005659,-2087631.417198658,-1664465.4720863765,301.3827305841796,16.9
136000,272.00000000057065,-2086435.1799541228,-1665255.827640508,299.967860675255,16.9
136500,273.0000000005754,-2088888.0835006833,-1668041.2776182243,299.73101800720633,16.9
137000,274.0000000005802,-2088190.0042111315,-1670287.6259477388,297.6339692108855,16.9
137500,275.000000000585,-2087438.3754713424,-1667863.6515077723,298.8250294070609,16.9
138000,276.00000000058975,-2087306.2747311834,-1666184.5748945395,299.9268000437579,16.9
138500,277.0000000005945,-2085780.795021763,-1665064.6621486184,299.6379514719247,16.9
139000,278.0000000005993,-2086291.2355003674,-1664256.115327767,300.5773465213309,16.9
139500,279.0000000006041,-2087710.9676877093,-1665302.4318575384,300.8432966333883,16.9
140000,280.00000000060885,-2087260.772876788,-1666522.7693440106,299.6535279595789,16.9
140500,281.0000000006136,-2086273.33737766,-1664418.875224661,300.4486801957952,17
141000,282.0000000006184,-2085355.4132717755,-1664114.7464527027,300.0115294375758,17
141500,283.0000000006232,-2086077.7323370315,-1664737.6294513373,300.08234873110143,17
142000,284.00000000062795,-2085696.073589176,-1661971.8323451926,301.78035429324797,17
142500,285.0000000006327,-2084782.2303439863,-1663645.7352049784,299.93733739601373,17
143000,286.0000000006375,-2087406.5740449969,-1667915.4069354148,298.76551943678857,17
143500,287.0000000006423,-2088317.3136917911,-1667126.91277016,299.9757295968721,17
144000,288.00000000064705,-2085724.9004668128,-1664694.5467549707,299.86174248220544,17
144500,289.0000000006518,-2088649.2588794846,-1667892.8105797162,299.6666644945601,17
145000,290.0000000006566,-2088096.319872601,-1666254.38450773,300.4397585005241,17
145500,291.0000000006614,-2087327.6634200197,-1665947.047339752,300.11120260591395,17
146000,292.00000000066615,-2088858.4207559694,-1667577.3117594984,300.0403327332942,17
146500,293.0000000006709,-2087176.0322620105,-1665994.2103914127,299.969619516758,17
147000,294.0000000006757,-2084706.961065147,-1664688.2242642108,299.14125948862943,17
147500,295.0000000006805,-2084515.109417338,-1663665.0604989037,299.73332772765735,17
148000,296.00000000068525,-2087681.9371850751,-1665122.2819696143,300.95092526822765,17
148500,297.00000000069,-2085976.538213063,-1663583.9746156258,300.8319210603528,17
149000,298.0000000006948,-2086509.9942133278,-1666141.6051241676,299.39028510753155,17
149500,299.0000000006996,-2087482.1703521293,-1666472.8051829427,299.8467942464847,17
150000,300.00000000070435,-2085505.345091436,-1665551.9362757918,299.09473228855984,17
150500,301.0000000007091,-2086961.1922401842,-1665019.6333998728,300.51071126835745,17
151000,302.0000000007139,-2086820.4783472046,-1664328.1346535664,300.90298537495175,17
151500,303.00000000071867,-2087880.0000624731,-1667974.5086043226,299.06060509989857,17
152000,304.00000000072345,-2085775.790353248,-1663654.2390126823,300.6389036048103,17
152500,305.0000000007282,-2088982.5665451605,-1668521.8146347916,299.45606676974216,17
153000,306.000000000733,-2087824.002768254,-1663757.769150907,302.0239244493859,17
153500,307.00000000073777,-2085715.24444226,-1664715.7768954718,299.8397450675534,17
154000,308.00000000074255,-2087888.8445881642,-1666772.7385917008,299.9228160586392,17
154500,309.0000000007473,-2087690.6691075116,-1667581.7147712454,299.20551325824005,17
155000,310.0000000007521,-2087346.5329596177,-1667631.8232271955,298.9247285764927,17
155500,311.00000000075687,-2085751.5165281985,-1661917.9193883024,301.85823858166094,17
156000,312.00000000076164,-2088138.3349656463,-1666756.0887083672,300.11236363317704,17
156500,313.0000000007664,-2086558.3292604275,-1665990.0500423047,299.53264872062334,17
157000,314.0000000007712,-2085538.8980327882,-1665117.4046527015,299.4281064785328,17
157500,315.00000000077597,-2084922.690676501,-1664870.0777534803,299.16538637854893,17
158000,316.00000000078074,-2085123.8897178397,-1663603.5828893099,300.21069165893175,17
158500,317.0000000007855,-2088676.5844423845,-1669505.3408314493,298.5376669389353,17
159000,318.0000000007903,-2086461.0277498662,-1664416.1434259263,300.58430064092994,17
159500,319.00000000079507,-2088388.2201741692,-1667028.0767062549,300.0966218205637,17
160000,320.00000000079984,-2089246.537045017,-1667642.9715524176,300.2699892555646,17
160500,321.0000000008046,-2088356.8996182177,-1666831.6127974242,300.2142384558421,17
161000,322.0000000008094,-2087236.4113162328,-1667562.499149159,298.8956721701634,17
161500,323.00000000081417,-2087632.9877412114,-1667870.955514638,298.95843209793657,17
162000,324.00000000081894,-2087233.5824388713,-1667723.5109988628,298.77898327713183,17
162500,325.0000000008237,-2085631.9830817133,-1665008.7476027429,299.57178908186523,17
163000,326.0000000008285,-2085974.0546510518,-1665362.290724853,299.5636189350509,17
163500,327.00000000083327,-2089873.637207372,-1668184.0600555695,300.3312475609935,17
164000,328.00000000083804,-2086215.923226351,-1665241.1341980402,299.82216879665685,17
164500,329.0000000008428,-2090330.2586202081,-1667896.6097947091,300.8611823427479,17
165000,330.0000000008476,-2088365.68339389,-1665076.8052736102,301.470284618377,17
165500,331.00000000085237,-2087660.945656471,-1666652.0757624512,299.8464415068944,17
166000,332.00000000085714,-2086538.400612168,-1666357.297695311,299.2568981498584,17
166500,333.0000000008619,-2086642.128704004,-1666058.5502050547,299.5435450110379,17
167000,334.0000000008667,-2088236.279402716,-1667193.9586513594,299.87026551929654,17
167500,335.00000000087147,-2085552.2010649014,-1665737.3813013195,298.9960278738448,17
168000,336.00000000087624,-2086462.2227468733,-1666045.7740766022,299.4245135891787,17
168500,337.000000000881,-2084174.1066152472,-1662773.6756530525,300.1253149495238,17
169000,338.0000000008858,-2085304.218923945,-1662688.0944742109,300.99114318324604,17
169500,339.00000000089057,-2088062.3580684178,-1668984.4733275468,298.4711758814454,17
170000,340.00000000089534,-2087275.6842654739,-1665273.6103222824,300.5538106887106,17
170500,341.0000000009001,-2088154.872417435,-1668556.1817842366,298.84209869257177,17
171000,342.0000000009049,-2087083.7609162647,-1665418.8239361267,300.31369860105445,17
171500,343.00000000090967,-2088470.8053306192,-1666366.5916474503,300.62655556360227,17
172000,344.00000000091444,-2085685.3951388616,-1663333.2617160357,300.80312631313114,17
172500,345.0000000009192,-2086157.6311616208,-1664462.645971679,300.3350992161666,17
173000,346.000000000924,-2086767.4694802798,-1664983.7919333777,300.3982667395254,17
173500,347.00000000092876,-2088323.5270918738,-1665724.3075234264,300.9791033692175,17
174000,348.00000000093354,-2085928.3295123838,-1664656.3587895075,300.0338243696591,17
174500,349.0000000009383,-2086046.4269809835,-1665770.198623388,299.32464737544916,17
175000,350.0000000009431,-2088951.3985569496,-1668131.8068248774,299.7116358356285,17
175500,351.00000000094786,-2087239.8100865893,-1665571.3259364588,300.31622492858753,17
176000,352.00000000095264,-2086826.6671712361,-1664573.0397981384,300.73296938630585,17
176500,353.0000000009574,-2087493.4149236903,-1665950.4733958472,300.2268123027684,17
177000,354.0000000009622,-2089482.4091239236,-1668881.6881891973,299.55575401358874,17
177500,355.00000000096696,-2089723.8065803237,-1669796.303041346,299.07628230904606,17
178000,356.00000000097174,-2088285.4585589375,-1666446.6418743515,300.43753734735475,17
178500,357.0000000009765,-2087644.0696815718,-1666220.9499653927,300.1414740916011,17
179000,358.0000000009813,-2085788.8232304435,-1664268.1474930053,300.21095439929513,17
179500,359.00000000098606,-2089681.0837619286,-1668570.2695684421,299.91904718723237,17
180000,360.00000000099084,-2086272.710270092,-1666124.4673379892,299.2334949624171,17
180500,361.0000000009956,-2088977.0204767864,-1665998.617838283,301.24916108620715,17
181000,362.0000000010004,-2086672.7754294183,-1666054.2711217483,299.5684194975642,17
181500,363.00000000100516,-2083575.5601842403,-1662158.0411534733,300.1374852312446,17
182000,364.00000000100994,-2086644.9985059425,-1665744.8312170396,299.7690224982757,17
182500,365.0000000010147,-2086806.1096871272,-1665200.1436265414,300.27169896246124,17
183000,366.0000000010195,-2088502.6917558014,-1666087.4993834535,300.84803748477475,17
183500,367.00000000102426,-2086539.4647710528,-1664970.1252083227,300.24561322928025,17
184000,368.00000000102904,-2085169.5761235524,-1663086.4907427612,300.6115077897046,17
184500,369.0000000010338,-2087562.6717468817,-1665737.717931461,300.4276640827146,17
185000,370.0000000010386,-2087778.732150128,-1666360.1797049833,300.1382212385974,17
185500,371.00000000104336,-2089133.2542237025,-1667858.144096032,300.036060283017,17
186000,372.00000000104814,-2087316.0894188713,-1667089.357424765,299.28939560399976,17
186500,373.0000000010529,-2087556.2185643595,-1666923.8626727648,299.5782847247508,17
187000,374.0000000010577,-2088242.5958774667,-1667125.0719140274,299.92382594793685,17
187500,375.00000000106246,-2086456.1897210665,-1664068.4322672486,300.82849808006733,17
188000,376.00000000106724,-2088358.8920780867,-1666455.7826247418,300.4833272565599,17
188500,377.000000001072,-2086681.3213570826,-1665092.2064039437,300.2596974466624,17
189000,378.0000000010768,-2088687.5674838778,-1668220.3513635886,299.4606706403024,17
189500,379.00000000108156,-2088290.0217583403,-1666119.5277160804,300.6737610531688,17
190000,380.00000000108633,-2087262.5530008227,-1665675.50920151,300.2582223516015,17
190500,381.0000000010911,-2087878.7416173294,-1666045.0831687003,300.4338636036247,17
191000,382.0000000010959,-2087770.2702324763,-1665327.2475370853,300.8678585002621,17
191500,383.00000000110066,-2090279.4393140245,-1670101.583002835,299.2545858870393,17
192000,384.00000000110543,-2088519.5832430273,-1667164.9584831982,300.09269134522367,17
192500,385.0000000011102,-2089319.9484137502,-1667791.694870619,300.21635138314485,17
193000,386.000000001115,-2085979.1701701656,-1664751.1534179845,300.00251994202006,17
193500,387.00000000111976,-2089394.3648933135,-1668293.182192998,299.9121875480174,17
194000,388.00000000112453,-2088036.32215246,-1666285.5618609826,300.37482276337903,17
194500,389.0000000011293,-2086727.0207279734,-1666164.0891643164,299.52884007126545,17
195000,390.0000000011341,-2088232.356788719,-1665971.8803224545,300.73784737430213,17
195500,391.00000000113886,-2089620.3114419002,-1667802.1307997087,300.42284016560586,17
196000,392.00000000114363,-2089718.1182974372,-1668423.6068987674,300.0498780490686,17
196500,393.0000000011484,-2086769.5073392298,-1664288.7829749242,300.8947099802932,17
197000,394.0000000011532,-2086580.097610617,-1664980.4955519894,300.2671664609456,17
197500,395.00000000115796,-2087008.0873785857,-1666251.6862010309,299.6666309336804,17
198000,396.00000000116273,-2086281.2595117297,-1665881.6825961838,299.41249736819583,17
198500,397.0000000011675,-2086215.1966646854,-1665325.253801926,299.76174056667077,17
199000,398.0000000011723,-2089057.3701663278,-1667531.797717978,300.2144418824502,17
199500,399.00000000117706,-2088178.1876232754,-1666921.423976575,300.0229937482562,17
200000,400.00000000118183,-2086870.1876782458,-1664069.7780980712,301.1223927709309,17
200500,401.0000000011866,-2088582.547598511,-1665424.3246233773,301.3772308061223,17
201000,402.0000000011914,-2088843.1960115656,-1668153.7311866102,299.6189582394223,17
201500,403.00000000119616,-2086288.9412398655,-1665595.3227636358,299.62191650857727,17
202000,404.00000000120093,-2088670.3061031718,-1668198.6698971963,299.46381866652933,17
202500,405.0000000012057,-2087103.5442414545,-1665927.7304103896,299.9653405349997,17
203000,406.0000000012105,-2089621.5090315677,-1670386.4043795643,298.58314936765476,17
203500,407.00000000121526,-2087530.8368966598,-1664724.3027023817,301.12675477818505,17
204000,408.00000000122003,-2090449.142349055,-1670633.6961538868,298.9964740242597,17
204500,409.0000000012248,-2086652.1824390776,-1664397.9437521677,300.73340476970117,17
205000,410.0000000012296,-2089212.9895783812,-1670112.2022592486,298.48748731116626,17
205500,411.00000000123435,-2088804.1774748657,-1666444.1498502444,300.80874863723426,17
206000,412.00000000123913,-2087767.2889922094,-1665501.9453685838,300.74131380914304,17
206500,413.0000000012439,-2089582.8057206888,-1669451.5605298993,299.2213890126122,17
207000,414.0000000012487,-2086517.634316858,-1665800.7258298711,299.6385038713327,17
207500,415.00000000125345,-2089486.3482347075,-1668255.2331413063,300.00472660951766,17
208000,416.00000000125823,-2085882.9057838637,-1664527.9387794463,300.0929350950097,17
208500,417.000000001263,-2088384.0165072791,-1667597.5314547843,299.6880569498347,17
209000,418.0000000012678,-2090363.263096314,-1668766.4029840133,300.2652136212129,17
209500,419.00000000127255,-2087229.3283242602,-1666812.2030634102,299.4249954632956,17
210000,420.00000000127733,-2087886.1010154672,-1665929.1945934754,300.52164195909023,17
210500,421.0000000012821,-2086948.3815463781,-1666870.6982726029,299.18324171604553,17
211000,422.0000000012869,-2088957.229606321,-1666950.153689652,300.55737314084655,17
211500,423.00000000129165,-2086161.7632106524,-1665888.2124567362,299.32274036115,17
212000,424.0000000012964,-2087138.1957194097,-1667866.0737843039,298.60951342173115,17
212500,425.0000000013012,-2088460.2776163295,-1665266.0565314982,301.4028689953999,17
213000,426.000000001306,-2089115.0100051742,-1669759.6232320569,298.66881541550316,17
213500,427.00000000131075,-2088782.3621579595,-1668401.2800412506,299.3993252000678,17
214000,428.0000000013155,-2086130.6606209222,-1663858.2947813175,300.74631509681996,17
214500,429.0000000013203,-2087581.0705892015,-1666779.9301661833,299.69849464132926,17
215000,430.0000000013251,-2086579.8302710392,-1665603.466401628,299.82329041316814,17
215500,431.00000000132985,-2086936.1761394031,-1667154.3968142888,298.9724961655869,17
216000,432.0000000013346,-2087317.4287473653,-1664974.1195040438,300.79684165023474,17
216500,433.0000000013394,-2088509.273779001,-1666429.7956169907,300.6089386948649,17
217000,434.0000000013442,-2090089.5032395273,-1668907.161891159,299.96998949366844,17
217500,435.00000000134895,-2087887.776957333,-1667108.017429133,299.6832669687411,17
218000,436.0000000013537,-2088495.0989846494,-1665772.7603828795,301.0667898923846,17
218500,437.0000000013585,-2088836.4483257346,-1667103.2333832227,300.3623268022995,17
219000,438.0000000013633,-2090345.2900770195,-1670246.852878934,299.19802285439386,17
219500,439.00000000136805,-2086025.0556476414,-1665536.2791191968,299.4760261639625,17
220000,440.0000000013728,-2085031.068305159,-1664103.1904609355,299.7887582140746,17
220500,441.0000000013776,-2084655.491963366,-1662168.2119065728,300.89937900559073,17
221000,442.0000000013824,-2086728.09569134,-1664098.483424908,301.0007493320229,17
221500,443.00000000138715,-2085564.1024662983,-1664488.690216579,299.8938335928877,17
222000,444.0000000013919,-2087234.4326188564,-1664506.1249870406,301.0710410912228,17
222500,445.0000000013967,-2087507.54992293,-1666856.2818850204,299.5917541316428,17
223000,446.0000000014015,-2089761.3427520674,-1667011.3509068163,301.0864847901572,17
223500,447.00000000140625,-2086311.714545764,-1664671.5781358557,300.2960354037623,17
224000,448.000000001411,-2084136.4499165677,-1663740.350112945,299.4100209366728,17
224500,449.0000000014158,-2082982.2554277442,-1661441.528171103,300.22523527817856,17
225000,450.0000000014206,-2085066.7160362024,-1663614.440392212,300.1622392151607,17
225500,451.00000000142535,-2083925.1181855686,-1662852.4299079431,299.89189355457137,17
226000,452.0000000014301,-2085849.5247948617,-1664145.8773077824,300.34126858493204,17
226500,453.0000000014349,-2086208.106664598,-1665734.8223675499,299.4649924523537,17
227000,454.0000000014397,-2088030.6230141968,-1666226.8400707582,300.4125859903481,17
227500,455.00000000144445,-2088994.5424242876,-1667086.167499959,300.48707737407574,17
228000,456.0000000014492,-2087382.1805379651,-1666618.8947032047,299.67153425071643,17
228500,457.000000001454,-2086040.2379858699,-1665567.6490860377,299.46449718397434,17
229000,458.0000000014588,-2088241.7764748428,-1666879.8946783072,300.0978598744114,17
229500,459.00000000146355,-2086242.7909495812,-1666038.8477208759,299.2731652328593,17
230000,460.0000000014683,-2087128.3568818737,-1664939.5305723199,300.6868174648169,17
230500,461.0000000014731,-2085200.4999063257,-1662728.7836447114,300.8882943255889,17
231000,462.0000000014779,-2087156.1585117877,-1665119.7151512343,300.578288908125,17
231500,463.00000000148265,-2088163.4245225675,-1667377.087842537,299.6879512775826,17
232000,464.0000000014874,-2086799.2123621218,-1666180.6349194366,299.5684715850038,17
232500,465.0000000014922,-2089270.75623071,-1668714.5486784293,299.52405116768654,17
233000,466.00000000149697,-2089309.9166067317,-1667118.2076597505,300.68887050606276,17
233500,467.00000000150175,-2089082.0518220533,-1669002.7200368717,299.1844158012354,17
234000,468.0000000015065,-2087174.3744260091,-1667061.298853633,299.20844844101305,17
234500,469.0000000015113,-2088615.0152101703,-1666117.1093105685,300.9069468298861,17
235000,470.00000000151607,-2085905.126727732,-1666574.449839331,298.6512168052788,17
235500,471.00000000152085,-2089693.688358264,-1667851.323613444,300.44006430892614,17
236000,472.0000000015256,-2087224.9055301454,-1666331.3506071363,299.76431310965006,17
236500,473.0000000015304,-2088027.5247166809,-1665691.4108632205,300.791717026505,17
237000,474.00000000153517,-2086193.6119985115,-1665726.3538580558,299.4607005674567,17
237500,475.00000000153995,-2090318.0795532074,-1666815.5824168331,301.62242607285566,17
238000,476.0000000015447,-2089432.7335737962,-1666979.4380971643,300.87517487081794,17
238500,477.0000000015495,-2087924.6078225095,-1665669.5791408021,300.73396741135974,17
239000,478.00000000155427,-2085552.2547729108,-1663855.2362207128,300.3365473957191,17
239500,479.00000000155904,-2085526.1284966916,-1663908.4381837477,300.28004908427647,17
240000,480.0000000015638,-2086513.2412898727,-1666078.7341563734,299.4373749950189,17
240500,481.0000000015686,-2085671.5149858296,-1665762.294323584,299.0632610738162,17
241000,482.00000000157337,-2087993.3911041208,-1668073.4593198365,299.07088963477435,17
241500,483.00000000157814,-2087746.8946047965,-1665212.6518178298,300.93282629977614,17
242000,484.0000000015829,-2088341.3346990105,-1667960.704320651,299.39900346780456,17
242500,485.0000000015877,-2087403.2579854503,-1666448.9393513408,299.8075895910953,17
243000,486.00000000159247,-2085309.2244085167,-1663735.0249877758,300.24907446545586,17
243500,487.00000000159724,-2087281.1029940397,-1667180.4733016354,299.1995843692847,17
244000,488.000000001602,-2090210.4652962033,-1669331.5875390838,299.75385989529246,17
244500,489.0000000016068,-2086752.4572233222,-1665904.787018658,299.7316335855377,17
245000,490.00000000161157,-2087470.75789308,-1665929.81754053,300.22538704707097,17
245500,491.00000000161634,-2086653.46623273,-1665020.9024109263,300.2906421359275,17
246000,492.0000000016211,-2086657.6841050033,-1666002.3826157479,299.5946267932885,17
246500,493.0000000016259,-2086796.391139347,-1664745.2202609847,300.5887779835888,17
247000,494.00000000163067,-2088723.5305626895,-1666165.651762439,300.94966008875633,17
247500,495.00000000163544,-2088215.2788903117,-1666413.3014540572,300.4113000913019,17
248000,496.0000000016402,-2087613.5308579486,-1665972.27513015,300.29683259239727,17
248500,497.000000001645,-2087997.867538102,-1664913.838878435,301.3243889230561,17
249000,498.00000000164977,-2086666.2159429416,-1664276.9880164177,300.82954536443526,17
249500,499.00000000165454,-2087768.7487357873,-1666422.3980792807,300.0867984517117,17
250000,500.0000000016593,-2089137.30588579,-1666783.2075582808,300.804525736562,17
250500,501.0000000016641,-2090716.725036988,-1670223.6462552599,299.4790902688539,17
251000,502.00000000166887,-2087342.8894313574,-1666769.9413141536,299.53597395406916,17
251500,503.00000000167364,-2085940.6878965478,-1663441.1293577652,300.90812385491563,17
252000,504.0000000016784,-2089956.2489654738,-1670333.9277060092,298.85892864486783,17
252500,505.0000000016832,-2089785.2839540783,-1668444.6922009347,300.0826969070557,17
253000,506.00000000168797,-2090031.2654899936,-1668396.4462045007,300.2922484981908,17
253500,507.00000000169274,-2088193.4240094256,-1667733.7634479748,299.4552895008696,17
254000,508.0000000016975,-2089433.9633051567,-1669279.7088124086,299.2377764519446,17
254500,509.0000000017023,-2087960.6326902136,-1667198.3418914436,299.67082557680885,17
255000,510.00000000170706,-2087051.852236798,-1664834.7696701372,300.70694183451474,17
255500,511.00000000171184,-2088425.7160033565,-1666802.3994759398,300.28405612666785,17
256000,512.0000000017166,-2088001.7664313298,-1666608.056274063,300.1205283296071,17
256500,513.0000000016929,-2088755.2486585453,-1667385.7499791747,300.1032846893661,17
257000,514.0000000016693,-2091417.6906932648,-1670110.944640556,300.0585916837187,17
257500,515.0000000016456,-2088489.871786723,-1668686.224859408,298.98807047570955,17
258000,516.000000001622,-2086044.775382679,-1665470.6352888776,299.53682289091284,17
258500,517.0000000015983,-2087487.1870829407,-1666803.4365092893,299.61488849637897,17
259000,518.0000000015747,-2090609.7141262703,-1671607.9270653466,298.41697840445437,17
259500,519.000000001551,-2088762.454691304,-1668482.137837301,299.327559240701,17
260000,520.0000000015274,-2086542.455774963,-1665670.8794724299,299.7486597312767,17
260500,521.0000000015037,-2087516.1570236497,-1666584.566386412,299.7914024998676,17
261000,522.0000000014801,-2088378.5236869473,-1667177.792733712,299.9830867416706,17
261500,523.0000000014564,-2088670.525563294,-1669653.6718317308,298.42770902772554,17
262000,524.0000000014328,-2088433.2802832816,-1666510.6044188202,300.49726263694225,17
262500,525.0000000014091,-2086733.6952055488,-1664795.4310398852,300.5083647703625,17
263000,526.0000000013855,-2090534.7888243385,-1667482.386917021,301.3018640552292,17
263500,527.0000000013619,-2089033.3985488173,-1665991.8430000246,301.2941391775852,17
264000,528.0000000013382,-2089168.1987774763,-1668698.144644,299.46269189974834,17
264500,529.0000000013146,-2088921.3402571417,-1668415.9709726234,299.4878436795051,17
265000,530.0000000012909,-2088266.283857489,-1665496.9923907286,301.1002301604947,17
265500,531.0000000012673,-2089477.7025745492,-1670830.9877416163,298.16409265392906,17
266000,532.0000000012436,-2089730.9124717414,-1667341.3921634029,300.8297536014891,17
266500,533.00000000122,-2088608.0410564058,-1668216.7678714234,299.4065833738867,17
267000,534.0000000011963,-2087546.722157903,-1664299.6883018655,301.44048274333886,17
267500,535.0000000011727,-2086684.5048574246,-1664466.834184947,300.7073606889595,17
268000,536.000000001149,-2087476.155090114,-1665028.2721820776,300.87131998901174,17
268500,537.0000000011254,-2087825.1801570635,-1663897.4110899519,301.9253087060327,17
269000,538.0000000011017,-2087821.087640237,-1667077.2444346282,299.65768702900317,17
269500,539.0000000010781,-2088372.4569926243,-1667758.8322946546,299.56494419405124,17
270000,540.0000000010544,-2085164.2621309254,-1665732.932544705,298.7229025948842,17
270500,541.0000000010308,-2084330.4343348332,-1664905.0143122799,298.7186937485554,17
271000,542.0000000010072,-2088181.643534191,-1665966.6694761466,300.7054401350241,17
271500,543.0000000009835,-2083717.4769695904,-1661201.8878428107,300.9195409891136,17
272000,544.0000000009599,-2086019.2225090042,-1665811.8702027705,299.2755932096522,17
272500,545.0000000009362,-2087708.2191604003,-1666689.930937189,299.85314932873604,17
273000,546.0000000009126,-2087262.0495651662,-1668855.521213214,297.99302960331397,17
273500,547.0000000008889,-2087161.1293913051,-1665577.0998161915,300.25607559303046,17
274000,548.0000000008653,-2085206.2824770976,-1662609.6625587458,300.9772518741872,17
274500,549.0000000008416,-2087473.2358916886,-1664721.9631287549,301.0873970716707,17
275000,550.000000000818,-2086131.0584967807,-1665287.208852773,299.7289125466253,17
275500,551.0000000007943,-2086316.4168457836,-1664472.092478483,300.4414599703232,17
276000,552.0000000007707,-2086854.5584550947,-1667602.5124157756,298.59521518161756,17
276500,553.000000000747,-2086566.7659065854,-1666753.2038229401,298.9951321424707,17
277000,554.0000000007234,-2089747.4248553794,-1667411.244448154,300.7917644267168,17
277500,555.0000000006997,-2088350.9915724676,-1667850.5208208575,299.484354898707,17
278000,556.0000000006761,-2088318.3324578237,-1668840.3665017853,298.75611745218214,17
278500,557.0000000006524,-2089566.9909506217,-1668198.6582706063,300.1024542537566,17
279000,558.0000000006288,-2085519.2782838978,-1664247.8825088593,300.0334148864498,17
279500,559.0000000006052,-2085063.466663286,-1665308.4658912548,298.95342423046907,17
280000,560.0000000005815,-2084831.8855982516,-1663498.2020924806,300.07777678888283,17
280500,561.0000000005579,-2085716.4423103258,-1665568.4201304098,299.23333774065213,17
281000,562.0000000005342,-2086895.9991536383,-1666416.0913195733,299.46970979715735,17
281500,563.0000000005106,-2088092.1505223326,-1667105.2433702848,299.8307994373397,17
282000,564.0000000004869,-2086730.2589497827,-1664277.2044715735,300.8750032294949,17
282500,565.0000000004633,-2086544.0398515258,-1664972.5159861483,300.2471689099864,17
283000,566.0000000004396,-2088135.027695654,-1668938.2474983456,298.55585433378553,17
283500,567.000000000416,-2088060.0340376012,-1667419.8978926758,299.5838258936953,17
284000,568.0000000003923,-2090225.7373814322,-1668150.5279519586,300.6058984637619,17
284500,569.0000000003687,-2087789.7523512188,-1667948.6769399438,299.0147273908697,17
285000,570.000000000345,-2089076.9214892928,-1669740.5944494377,298.65524089581146,17
285500,571.0000000003214,-2087170.4471062012,-1666963.8222965593,299.2750750797981,17
286000,572.0000000002977,-2087267.1618323755,-1665173.9533671718,300.6187175447839,17
286500,573.0000000002741,-2087755.61875787,-1667161.6472923947,299.5509469786742,17
287000,574.0000000002505,-2089168.5064179972,-1667566.088901993,300.26917165593306,17
287500,575.0000000002268,-2091174.1260375325,-1669802.35056961,300.10490623939535,17
288000,576.0000000002032,-2089200.5965289846,-1667639.6793879052,300.23961470207223,17
288500,577.0000000001795,-2088526.8774117678,-1666695.7758252537,300.432042582593,17
289000,578.0000000001559,-2087923.1380110718,-1666137.7669133751,300.3994729021876,17
289500,579.0000000001322,-2090784.661392901,-1670373.6890479587,299.4206132992328,17
290000,580.0000000001086,-2086804.633255098,-1665848.3239100098,299.8090073940103,17
290500,581.0000000000849,-2087248.9438062515,-1665472.069788002,300.3934212030011,17
291000,582.0000000000613,-2088297.2070412356,-1667313.1710980758,299.8287545356059,17
291500,583.0000000000376,-2087423.7114303317,-1666481.4601679496,299.79899509646685,17
292000,584.000000000014,-2091073.208622517,-1671110.6103198072,299.1012771269062,17
292500,584.9999999999903,-2089308.7265803255,-1667584.667064975,300.3558062217344,17
293000,585.9999999999667,-2087930.9484381657,-1665908.3130708355,300.56845472664236,17
293500,586.999999999943,-2087406.5365129374,-1667147.1802701014,299.31263089804696,17
294000,587.9999999999194,-2089519.5315169208,-1668144.189465776,300.1074463932115,17
294500,588.9999999998957,-2089475.346696429,-1668593.771047889,299.7557813587102,17
295000,589.9999999998721,-2087902.1442936324,-1667369.4984732429,299.5072702826065,17
295500,590.9999999998485,-2090768.7828149162,-1670215.4390854046,299.52201152641567,17
296000,591.9999999998248,-2087219.0629808642,-1667132.0407626703,299.189892999312,17
296500,592.9999999998012,-2087044.4657504018,-1665891.0965647567,299.9493552493175,17
297000,593.9999999997775,-2088747.974432338,-1666271.3267906816,300.8918065004219,17
297500,594.9999999997539,-2088594.9513761662,-1668002.4968376905,299.5498666091251,17
298000,595.9999999997302,-2088032.247773761,-1667256.4166289554,299.6804691374697,17
298500,596.9999999997066,-2087267.0981118847,-1668793.3611179953,298.04089622457633,17
299000,597.9999999996829,-2087577.133691933,-1665807.320219676,300.38839261633143,17
299500,598.9999999996593,-2088915.8384389263,-1669883.4643886785,298.43876274336276,17
300000,599.9999999996356,-2088884.1580898296,-1667533.8334204382,300.08962878073123,17
300500,600.999999999612,-2087919.819028927,-1667186.2597055924,299.65036275218796,17
301000,601.9999999995883,-2089423.6975286398,-1667346.3847687289,300.6073964753051,17
301500,602.9999999995647,-2089468.8798686787,-1668412.5440005744,299.88024721608394,17
302000,603.999999999541,-2092731.902352849,-1671517.8047206476,299.99260661502547,17
302500,604.9999999995174,-2087637.2021567784,-1665482.5321101907,300.66249105595017,17
303000,605.9999999994938,-2087724.1509613004,-1666490.19789328,300.0067478414951,17
303500,606.9999999994701,-2087947.7048628367,-1668621.057502814,298.6483469376072,17
304000,607.9999999994465,-2089622.4871468898,-1668869.9631583283,299.6638695635386,17
304500,608.9999999994228,-2087515.3085540403,-1666319.89765574,299.97929774895584,17
305000,609.9999999993992,-2089389.071509581,-1668569.6763745705,299.71149581736864,17
305500,610.9999999993755,-2087525.5259674713,-1664508.7577752569,301.27648539117877,17
306000,611.9999999993519,-2086961.5174743626,-1666838.4098551134,299.21559335830807,17
306500,612.9999999993282,-2086195.475468414,-1664105.2915485473,300.616563435402,17
307000,613.9999999993046,-2087527.4238460697,-1666621.7644839115,299.7729340040417,17
307500,614.9999999992809,-2088651.5060392283,-1668600.4813308679,299.1642552372635,17
308000,615.9999999992573,-2088233.0046175346,-1667382.3067098656,299.7337899438398,17
308500,616.9999999992336,-2087870.374789849,-1666525.2306816205,300.0859391367811,17
309000,617.99999999921,-2088115.2510151155,-1666176.673711456,300.508587790162,17
309500,618.9999999991863,-2088991.1414995436,-1667535.686509073,300.1645035753596,17
310000,619.9999999991627,-2088200.0709668342,-1665855.2483740381,300.797919471837,17
310500,620.999999999139,-2086722.3374564927,-1665995.1380459548,299.6458331630112,17
311000,621.9999999991154,-2088276.6482620444,-1667302.9201934396,299.82141317126474,17
311500,622.9999999990918,-2087852.097658759,-1666083.047407176,300.38784904345306,17
312000,623.9999999990681,-2087588.8476903867,-1668312.9610198846,298.6121947013728,17
312500,624.9999999990445,-2088818.2926677577,-1668664.7906345807,299.2372405432243,17
313000,625.9999999990208,-2086146.814261645,-1665639.614384443,299.489147444678,17
313500,626.9999999989972,-2088353.1695169173,-1666431.3236756516,300.4966714866855,17
314000,627.9999999989735,-2089950.4715595432,-1670590.9098043651,298.6717888766432,17
314500,628.9999999989499,-2088805.2259085607,-1667048.43822507,300.3791155281541,17
315000,629.9999999989262,-2087131.2411181144,-1664468.3218431906,301.0244708939369,17
315500,630.9999999989026,-2087209.7393096983,-1665814.9260788495,300.12131394889445,17
316000,631.9999999988789,-2088068.9793762323,-1666279.7185045967,300.4022432354447,17
316500,632.9999999988553,-2087259.785818372,-1666349.3528163615,299.77633383484107,17
317000,633.9999999988316,-2088422.950222794,-1666562.5044170548,300.45294180905256,17
317500,634.999999998808,-2089768.9978742227,-1666898.5015087263,301.17230923274013,17
318000,635.9999999987843,-2085286.1163569503,-1664800.0737994306,299.47407900438554,17
318500,636.9999999987607,-2089534.6642950494,-1668340.785409282,299.97820663534924,17
319000,637.999999998737,-2087600.9524495117,-1665055.610498723,300.9407312277091,17
319500,638.9999999987134,-2086029.9661385734,-1664579.3604197279,300.16104987890657,17
320000,639.9999999986898,-2088759.3747886661,-1666164.342675359,300.97612102463404,17
320500,640.9999999986661,-2087705.4249912705,-1665761.5966627477,300.5123276190163,17
321000,641.9999999986425,-2088012.320943715,-1666539.1452125655,300.17712445205234,17
321500,642.9999999986188,-2086462.837631788,-1666642.7805935568,298.9997579096685,17
322000,643.9999999985952,-2088725.9001247063,-1667233.8993242518,300.19053184188647,17
322500,644.9999999985715,-2088534.0852909926,-1666542.189017857,300.5465620572274,17
323000,645.9999999985479,-2087944.630548615,-1665787.3392012883,300.6643579707705,17
323500,646.9999999985242,-2091699.593237454,-1670145.8160176484,300.23452958358746,17
324000,647.9999999985006,-2088974.1427345835,-1668380.944004605,299.5503966292503,17
324500,648.9999999984769,-2090651.2563104723,-1670592.4218091029,299.16981744464226,17
325000,649.9999999984533,-2089363.9324406777,-1667937.1057882414,300.1441142061571,17
325500,650.9999999984296,-2087235.4688418154,-1666389.4742478197,299.7304402000004,17
326000,651.999999998406,-2088231.3844518159,-1667078.112485475,299.94928600882275,17
326500,652.9999999983823,-2088896.9846676309,-1668129.62883667,299.67443293994825,17
327000,653.9999999983587,-2088991.4683986641,-1667202.935032492,300.40172509927226,17
327500,654.999999998335,-2087423.1724816132,-1666201.4156648666,299.9980615576526,17
328000,655.9999999983114,-2088943.7007116545,-1667989.3127615885,299.8076389585654,17
328500,656.9999999982878,-2088847.2416264135,-1666324.3198115153,300.9247633979423,17
329000,657.9999999982641,-2087880.6191236582,-1667393.4542723238,299.4748783125018,17
329500,658.9999999982405,-2089135.3023581542,-1667608.795233241,300.21510756781106,17
330000,659.9999999982168,-2086847.5965892877,-1665883.8708403767,299.8142894259436,17
330500,660.9999999981932,-2087280.3423157018,-1665309.1418638027,300.53182230042984,17
331000,661.9999999981695,-2087379.1640999615,-1665601.7003281894,300.3938412309572,17
331500,662.9999999981459,-2088675.625637075,-1667818.1365004606,299.7386267203981,17
332000,663.9999999981222,-2089113.1599787641,-1667874.0666535802,300.01040878056114,17
332500,664.9999999980986,-2087643.4719094485,-1666489.123613791,299.95005258059473,17
333000,665.9999999980749,-2084552.2723045666,-1663446.8000976425,299.9152425746081,17
333500,666.9999999980513,-2087809.6224995237,-1668095.9037719434,298.9240227736068,17
334000,667.9999999980276,-2089861.6860300526,-1669118.7293527941,299.6570556352484,17
334500,668.999999998004,-2090667.1317064501,-1669315.1561594233,300.09080455117163,17
335000,669.9999999979804,-2088728.0996693596,-1667374.724280267,300.0918015317394,17
335500,670.9999999979567,-2088837.9334194418,-1666844.5944639537,300.5475895490464,17
336000,671.9999999979331,-2087173.315119844,-1665775.84584822,300.1232056058923,17
336500,672.9999999979094,-2089294.3933863547,-1667858.5279366109,300.15055172185333,17
337000,673.9999999978858,-2088586.9839846566,-1665766.1236499273,301.1369579889534,17
337500,674.9999999978621,-2086168.2784322444,-1665331.8876017807,299.72360031009305,17
338000,675.9999999978385,-2087976.384911662,-1667523.4815296833,299.45047697466373,17
338500,676.9999999978148,-2087577.595777193,-1667109.0457043177,299.4616206937684,17
339000,677.9999999977912,-2087033.9040217474,-1665483.894478605,300.2318462091481,17
339500,678.9999999977675,-2091395.2579591293,-1670762.4065563874,299.57863763240846,17
340000,679.9999999977439,-2086264.6371722575,-1664858.8808797153,300.1291076994365,17
340500,680.9999999977202,-2088369.1805490628,-1667583.8555144342,299.68723077429735,17
341000,681.9999999976966,-2086351.9251155518,-1665096.0234128474,300.0223798637077,17
341500,682.999999997673,-2086000.1639494617,-1663216.3152798307,301.11059793607166,17
342000,683.9999999976493,-2087517.8240988143,-1664606.8203366338,301.2011589782417,17
342500,684.9999999976257,-2088880.405892957,-1667592.904159491,300.044885700171,17
343000,685.999999997602,-2087059.595410673,-1667802.805724749,298.59859365094655,17
343500,686.9999999975784,-2089480.7911196966,-1667161.9084366346,300.77944482632955,17
344000,687.9999999975547,-2087823.8101335317,-1668794.3853973437,298.4366622143978,17
344500,688.9999999975311,-2087500.5067619663,-1665640.6127472466,300.4525488183451,17
345000,689.9999999975074,-2087841.4276290722,-1666766.0558395179,299.89380477678105,17
345500,690.9999999974838,-2090985.104801776,-1669279.169669957,300.3428978668396,17
346000,691.9999999974601,-2090350.0156628862,-1669691.8757541599,299.5966483420936,17
346500,692.9999999974365,-2088268.1888718102,-1668575.7854216185,298.9088418343637,17
347000,693.9999999974128,-2085193.7686701939,-1665116.0963041775,299.18323394743805,17
347500,694.9999999973892,-2087794.325905865,-1667684.1947018043,299.20635143445315,17
348000,695.9999999973655,-2085771.0816184264,-1663295.9194430718,300.89074853747513,17
348500,696.9999999973419,-2088568.3885840066,-1668041.998989479,299.50281454023127,17
349000,697.9999999973182,-2086951.9220324978,-1664397.911993456,300.9469047209612,17
349500,698.9999999972946,-2089436.8701535277,-1668764.7040367206,299.6066379382318,17
350000,699.999999997271,-2091444.821217306,-1670496.6614641766,299.80320317865204,17
350500,700.9999999972473,-2087673.3600032069,-1668546.1467661434,298.5063080962417,17
351000,701.9999999972237,-2088327.519527886,-1668765.2591007985,298.8161527602011,17
351500,702.9999999972,-2086592.780768562,-1666354.1801892507,299.29784852101386,17
352000,703.9999999971764,-2088396.2814278677,-1667158.1657410667,300.00971249739194,17
352500,704.9999999971527,-2089073.645610394,-1666280.322176538,301.1173459514703,17
353000,705.9999999971291,-2088364.8637720067,-1668400.5625005881,299.10248999709455,17
353500,706.9999999971054,-2088795.170493178,-1667203.9892613268,300.2611690696219,17
354000,707.9999999970818,-2090299.1997842882,-1668650.9587510647,300.3018075920332,17
354500,708.9999999970581,-2087446.0169904605,-1665040.1751532187,300.8413779465125,17
355000,709.9999999970345,-2091144.038510451,-1669262.6971621376,300.4678238092486,17
355500,710.9999999970108,-2088661.4688917007,-1668131.1090155211,299.50564221183214,17
356000,711.9999999969872,-2089118.3447688688,-1665350.279175416,301.8115664034418,17
356500,712.9999999969635,-2085772.8233689815,-1666173.2164434255,298.8427512845299,17
357000,713.9999999969399,-2086564.287255261,-1664724.114241534,300.4385033376121,17
357500,714.9999999969162,-2086257.2279431354,-1667065.4159049196,298.55231596456986,17
358000,715.9999999968926,-2088281.8045038283,-1668220.6607021391,299.17146214985576,17
358500,716.999999996869,-2088808.9333836064,-1668587.3977764254,299.28569468879425,17
359000,717.9999999968453,-2089569.5728393812,-1668789.1196372812,299.6837610097586,17
359500,718.9999999968217,-2088146.8030691594,-1666207.0203696317,300.5094462843351,17
360000,719.999999996798,-2089143.3915745523,-1666827.3181738125,300.77744402927345,17
360500,720.9999999967744,-2090299.7084835097,-1668626.3198170147,300.31971797085896,17
361000,721.9999999967507,-2088783.7547377758,-1665883.5313554448,301.1934810912255,17
361500,722.9999999967271,-2090399.9273834731,-1669264.7484589233,299.9363999758077,17
362000,723.9999999967034,-2089724.1319699287,-1669809.4018467353,299.06718496325897,17
362500,724.9999999966798,-2088310.5118254572,-1667996.6467922234,299.35145256666334,17
363000,725.9999999966561,-2087370.471578721,-1665955.0118132278,300.1360186033216,17
363500,726.9999999966325,-2088794.343215458,-1666411.8454282708,300.82475209646583,17
364000,727.9999999966088,-2088077.274243299,-1667326.2872374987,299.6627749100893,17
364500,728.9999999965852,-2090198.8245714493,-1668978.5203834884,299.99702698189094,17
365000,729.9999999965615,-2086491.9553388506,-1666214.0242160945,299.32586010066876,17
365500,730.9999999965379,-2086491.9825589787,-1664367.1336736279,300.64125214694405,17
366000,731.9999999965142,-2088299.615686655,-1667324.3113582167,299.8225357982111,17
366500,732.9999999964906,-2085903.8319595475,-1663210.898687407,301.04584714252536,17
367000,733.999999996467,-2089544.305961119,-1667043.2341025772,300.9092016553542,17
367500,734.9999999964433,-2088741.9331661873,-1668967.3967631676,298.9673376889573,17
368000,735.9999999964197,-2089156.9821260814,-1668668.1186606768,299.47608808127586,17
368500,736.999999996396,-2088297.5568888653,-1666727.137802003,300.24638207642977,17
369000,737.9999999963724,-2088154.83933427,-1667409.0183734628,299.6590956046908,17
369500,738.9999999963487,-2089295.9115957282,-1668522.666641562,299.67862722838953,17
370000,739.9999999963251,-2089840.6371652335,-1668678.0546761628,299.95591704989744,17
370500,740.9999999963014,-2088081.4617342185,-1667175.4879084937,299.77315796792504,17
371000,741.9999999962778,-2088216.4827156365,-1667974.414536798,299.30031817772,17
371500,742.9999999962541,-2088521.624897102,-1668136.121454254,299.40247410975667,17
372000,743.9999999962305,-2089099.171842169,-1668580.7034363863,299.4971729957711,17
372500,744.9999999962068,-2088269.111878844,-1667300.3418471217,299.8178820111814,17
373000,745.9999999961832,-2088616.7310387027,-1669467.415188509,298.5220497833389,16.9
373500,746.9999999961595,-2089109.4964698814,-1668187.8250902235,299.7843379121584,16.9
374000,747.9999999961359,-2089356.3968441952,-1668011.159796229,300.0860053293287,17
374500,748.9999999961123,-2089382.835398784,-1667847.8204182782,300.2211669418688,17
375000,749.9999999960886,-2088628.9775764234,-1667643.0330019644,299.8301138806084,17
375500,750.999999996065,-2088260.6094874851,-1669099.710699338,298.530299259718,17
376000,751.9999999960413,-2087740.0621337257,-1667220.133862032,299.4982127258807,17
376500,752.9999999960177,-2085891.0707174037,-1665285.389931072,299.55928646613444,17
377000,753.999999995994,-2086451.5190056432,-1664800.7627395326,300.30359896434084,17
377500,754.9999999959704,-2086423.9335920252,-1664384.4944676221,300.5804225190633,17
378000,755.9999999959467,-2087713.7659033015,-1665906.9947764245,300.41471420244676,17
378500,756.9999999959231,-2087323.86341252,-1663735.4249444355,301.6836342903884,17
379000,757.9999999958994,-2088087.4184695017,-1665300.5955132078,301.11271625075744,17
379500,758.9999999958758,-2088335.2980374414,-1666046.1694960515,300.7582536492821,17
380000,759.9999999958521,-2087166.4341302216,-1666121.4858010919,299.87213690467917,17
380500,760.9999999958285,-2087888.2583668232,-1665805.9543194738,300.6109513167444,17
381000,761.9999999958048,-2088490.8276019972,-1668603.6177023859,299.04758480349824,17
381500,762.9999999957812,-2090733.0034961756,-1671388.048468887,298.6613858288859,17
382000,763.9999999957575,-2088675.6451085191,-1667293.4740348002,300.1123100867446,17
382500,764.9999999957339,-2088692.9245122597,-1668486.8903886254,299.27465438771753,17
383000,765.9999999957103,-2086279.7687710803,-1665434.134418144,299.7301836329602,17
383500,766.9999999956866,-2086580.698068861,-1665314.5059655132,300.02970878296645,17
384000,767.999999995663,-2086658.633112045,-1666027.1301088326,299.57767728969475,17
384500,768.9999999956393,-2088892.6518589798,-1666823.3498102038,300.60169117216435,17
385000,769.9999999956157,-2087973.126665512,-1667129.7739936989,299.72855859839575,17
385500,770.999999995592,-2089685.4671252202,-1667155.2964458743,300.92992610677106,17
386000,771.9999999955684,-2087699.0426990818,-1668133.605093279,298.81841557649784,17
386500,772.9999999955447,-2089321.3670290876,-1667599.4686316093,300.3542670534411,17
387000,773.9999999955211,-2089219.1697743814,-1666926.5860205768,300.7607144837712,17
387500,774.9999999954974,-2089126.3866577689,-1665317.4277409958,301.8406910094914,17
388000,775.9999999954738,-2088738.150483407,-1668955.2159555075,298.97331891177873,17
388500,776.9999999954501,-2088135.4159235004,-1666736.5614510071,300.1241921588635,17
389000,777.9999999954265,-2088396.819333205,-1669055.9575688664,298.6584705688582,17
389500,778.9999999954028,-2088289.1303736623,-1667396.122361501,299.76392359464626,17
390000,779.9999999953792,-2088154.7236715127,-1666696.4383665523,300.1665193517217,17
390500,780.9999999953556,-2087764.4475821797,-1665836.6718082186,300.5008948400261,17
391000,781.9999999953319,-2089672.788208684,-1668976.0863672919,299.62411250998724,17
391500,782.9999999953083,-2088153.049217552,-1666887.697606056,300.029110176835,17
392000,783.9999999952846,-2089740.7646820638,-1668464.2627199292,300.03705156049614,17
392500,784.999999995261,-2088604.4385640118,-1667464.4312608147,299.93983879208724,17
393000,785.9999999952373,-2088588.753738962,-1669589.2646557926,298.4153417632776,17
393500,786.9999999952137,-2086822.7521448657,-1666254.8521391083,299.5323786420418,17
394000,787.99999999519,-2090963.7538617812,-1668746.1569543793,300.70730815278495,17
394500,788.9999999951664,-2088259.4536480792,-1666875.3520550437,300.1136850205969,17
395000,789.9999999951427,-2091089.3860411197,-1670766.1688774459,299.3581132411372,17
395500,790.9999999951191,-2089382.8004154582,-1668125.540044875,300.02334751963576,17
396000,791.9999999950954,-2087697.3829796538,-1664970.6342132902,301.0699308527168,17
396500,792.9999999950718,-2089134.7704293225,-1667949.8074732625,299.9718566271033,16.9
397000,793.9999999950481,-2088807.4349892382,-1667192.9423398683,300.27777167847256,16.9
397500,794.9999999950245,-2088502.6680276487,-1668409.6921529784,299.19413324895055,16.9
398000,795.9999999950008,-2088217.0758494865,-1668643.90629017,298.82392234586234,16.9
398500,796.9999999949772,-2090609.0198176,-1669626.3762197013,299.82776289433264,16.9
399000,797.9999999949536,-2090509.3886940666,-1669753.3192931754,299.66639463924776,16.9
399500,798.9999999949299,-2090241.7376982458,-1668862.9043436167,300.10993293209685,16.9
400000,799.9999999949063,-2087815.2764499914,-1667096.94304138,299.6395187137959,16.9
400500,800.9999999948826,-2091311.7430900652,-1669231.438734981,300.6095271172732,16.9
401000,801.999999994859,-2090239.7421412766,-1669956.965636804,299.32931102669284,16.9
401500,802.9999999948353,-2086886.3208084852,-1666350.3382995906,299.5096467032622,16.9
402000,803.9999999948117,-2085749.7605673354,-1663776.8940561246,300.5330088834016,16.9
402500,804.999999994788,-2088660.6876967568,-1667457.6347112432,299.9847405147035,16.9
403000,805.9999999947644,-2089622.621225763,-1668336.0858348683,300.04419746198425,16.9
403500,806.9999999947407,-2088418.9309162814,-1667373.6135994853,299.87239970113455,16.9
404000,807.9999999947171,-2091155.458978368,-1669624.4366036293,300.21832337082503,17
404500,808.9999999946934,-2089605.5630209967,-1667803.5959608676,300.41129270132853,17
405000,809.9999999946698,-2089691.0123115536,-1666655.3887760567,301.2899143424216,17
405500,810.9999999946461,-2087014.2804195434,-1666450.3463710684,299.5295540502974,17
406000,811.9999999946225,-2088650.2611874938,-1665807.313047844,301.1526891295057,17
406500,812.9999999945989,-2090560.3797922805,-1668177.472906166,300.82504346053514,17
407000,813.9999999945752,-2087056.1076030564,-1666029.747556867,299.85889815630117,17
407500,814.9999999945516,-2088360.420011282,-1667615.7447471148,299.6582796288643,17
408000,815.9999999945279,-2085943.6332421396,-1665139.6886922847,299.70049176660046,17
408500,816.9999999945043,-2087793.9012490157,-1664443.764541238,301.5139135554053,17
409000,817.9999999944806,-2087823.9616444148,-1666575.3156024942,300.0172123144652,17
409500,818.999999994457,-2085816.9070174918,-1664531.396202013,300.0434677498226,17
410000,819.9999999944333,-2087773.9009394385,-1667801.342612187,299.10837074922557,17
410500,820.9999999944097,-2087966.74057951,-1666365.3215198098,300.26846054604647,17
411000,821.999999994386,-2091738.513841033,-1669158.6946276245,300.96528625552156,17
411500,822.9999999943624,-2090168.4199953564,-1667939.9540973715,300.7150491491916,17
412000,823.9999999943387,-2088172.7745714206,-1665744.1185706742,300.85762640641934,17
412500,824.9999999943151,-2089541.0477895215,-1666766.1024121186,301.10425692835634,17
413000,825.9999999942914,-2086954.7274871469,-1665101.141238416,300.4480563686109,17
413500,826.9999999942678,-2090428.3029170986,-1669337.4345329527,299.90484159589823,17
414000,827.9999999942441,-2090741.5579025708,-1668705.61386721,300.5779332840685,17
414500,828.9999999942205,-2088792.583444884,-1666679.220517212,300.6330717408207,17
415000,829.9999999941969,-2087918.1117966212,-1665617.3536993302,300.766536327398,17
415500,830.9999999941732,-2090678.4746190012,-1668949.0575202277,300.3596219425879,17
416000,831.9999999941496,-2089217.0021838844,-1669625.3426374842,298.8370910870149,17
416500,832.9999999941259,-2088891.7087889984,-1667609.1362704607,300.0413750673522,17
417000,833.9999999941023,-2084155.5210300088,-1664500.0884841236,298.8825108116982,17
417500,834.9999999940786,-2088054.61299018,-1668375.7259162588,298.8992153451932,17
418000,835.999999994055,-2089394.9569508675,-1670511.0443036428,298.33302714827005,17
418500,836.9999999940313,-2088823.333790617,-1667420.1396460985,300.12728291373134,17
419000,837.9999999940077,-2090114.4823894165,-1668506.0703360606,300.27344102131195,17
419500,838.999999993984,-2090711.8707743715,-1670828.4367150506,299.0448956148476,17
420000,839.9999999939604,-2089115.4323532432,-1667131.5352691517,300.54086496022694,17
420500,840.9999999939367,-2087509.9646902774,-1665304.763760957,300.69847962164823,17
421000,841.9999999939131,-2091330.5889131445,-1670522.842788699,299.7031992834597,17
421500,842.9999999938894,-2086835.2754036132,-1664277.6681468165,300.9494666929773,17
422000,843.9999999938658,-2086001.1362158116,-1663286.0162512322,301.0616487116901,17
422500,844.9999999938422,-2087929.3892363273,-1664909.453351892,301.27874145110553,17
423000,845.9999999938185,-2088279.1585303787,-1668449.2668714228,299.00676221822056,17
423500,846.9999999937949,-2087944.6543826722,-1665622.4310718463,300.7818240525623,17
424000,847.9999999937712,-2086160.0629148558,-1665214.8899492188,299.8010759607591,17
424500,848.9999999937476,-2085890.5171055049,-1664775.6474341524,299.921935536371,17
425000,849.9999999937239,-2089741.2017648574,-1668728.8347684059,299.84893217584386,17
425500,850.9999999937003,-2089915.645138543,-1668220.5006556213,300.3352126661116,17
426000,851.9999999936766,-2089978.4762289636,-1669105.4739296923,299.7496753394458,17
426500,852.999999993653,-2089875.0715057384,-1668062.3402801822,300.41895904028235,17
427000,853.9999999936293,-2089177.424198402,-1668165.7474415107,299.8484405807951,17
427500,854.9999999936057,-2087735.6586068366,-1665686.104562433,300.5876264593723,17
428000,855.999999993582,-2091807.0673873257,-1670827.4930620787,299.82557692974024,17
428500,856.9999999935584,-2087857.0435426906,-1666796.5154449986,299.8832329610734,17
429000,857.9999999935347,-2086769.5440895185,-1666410.242174284,299.383813137557,17
429500,858.9999999935111,-2088024.1189092863,-1667164.6431953702,299.74004157927,17
430000,859.9999999934874,-2088791.388771234,-1667726.8268922912,299.88610585768066,17
430500,860.9999999934638,-2086682.1759845335,-1666520.4145568104,299.2431229610086,17
431000,861.9999999934402,-2086902.9156891312,-1666383.1465608203,299.49809938248,17
431500,862.9999999934165,-2090284.9486128855,-1670007.6165408068,299.32543345119245,17
432000,863.9999999933929,-2089807.1277036108,-1667357.4850337356,300.8725733077968,17
432500,864.9999999933692,-2088730.6662602127,-1666541.367558943,300.6871539066002,17
433000,865.9999999933456,-2086961.1192601975,-1665066.966029699,300.47694855116464,17
433500,866.9999999933219,-2090028.8422441129,-1670298.7981929146,298.93564982126156,17
434000,867.9999999932983,-2088840.9404002726,-1668331.860837941,299.4904861739485,17
434500,868.9999999932746,-2087950.1484999396,-1666474.6220251843,300.1787986735605,17
435000,869.999999993251,-2085850.7798679397,-1665047.464459808,299.70004368600064,17
435500,870.9999999932273,-2087846.7534604352,-1666121.70956045,300.356507309647,17
436000,871.9999999932037,-2088079.0859676618,-1666962.5604455532,299.92311484871425,17
436500,872.99999999318,-2090368.2269057035,-1668498.8798516602,300.4592813610663,17
437000,873.9999999931564,-2088448.6240490973,-1667115.1936992132,300.0775964889005,17
437500,874.9999999931327,-2091796.372252347,-1671130.736349064,299.6019870592897,17
438000,875.9999999931091,-2090815.0088114403,-1669185.0076672244,300.2888169730618,17
438500,876.9999999930855,-2090198.3522625156,-1667563.2840604037,301.00463510027083,17
439000,877.9999999930618,-2086982.6619066782,-1665109.7957561302,300.46178769439973,17
439500,878.9999999930382,-2089208.3314133994,-1666578.8971451442,301.00062256006225,17
440000,879.9999999930145,-2090409.6950961761,-1668926.7651741575,300.18407147771154,17
440500,880.9999999929909,-2088754.7719462756,-1669186.1425751678,298.8206887814995,17
441000,881.9999999929672,-2087937.6414076444,-1667228.5380419402,299.63294499120116,17
441500,882.9999999929436,-2088603.3591527287,-1667310.2395256434,300.04888681637306,17
442000,883.9999999929199,-2089455.3252634276,-1666618.0679679448,301.1486360572436,17
442500,884.9999999928963,-2089508.5396239199,-1666754.5840560452,301.0893077903571,17
443000,885.9999999928726,-2086993.6298320778,-1666432.398597674,299.52762908092205,17
443500,886.999999992849,-2088251.1761284042,-1666846.331183564,300.1284586291081,17
444000,887.9999999928253,-2090086.3535398692,-1668195.6421127473,300.47449726671766,17
444500,888.9999999928017,-2089827.3094783556,-1669968.095157651,299.02764609124443,17
445000,889.999999992778,-2087139.4842258263,-1664750.6798537835,300.8292437049859,17
445500,890.9999999927544,-2090579.0581425,-1670663.533247926,299.0677510068445,17
446000,891.9999999927307,-2089988.3384486325,-1669515.8570450637,299.46442062413365,17
446500,892.9999999927071,-2088333.600653302,-1666060.0982806964,300.747124546217,17
447000,893.9999999926835,-2088542.2098300792,-1666200.962880059,300.79537286572236,17
447500,894.9999999926598,-2090592.9869003184,-1669050.1974335061,300.226704003485,17
448000,895.9999999926362,-2088381.5738513805,-1668229.5403001932,299.23619467666293,17
448500,896.9999999926125,-2087076.098618405,-1667145.171240434,299.0787207990917,17
449000,897.9999999925889,-2088677.6936422233,-1666106.6591292415,300.95902970999236,17
449500,898.9999999925652,-2086000.7829906307,-1665650.7909605198,299.3771825505914,17
450000,899.9999999925416,-2088969.8847739585,-1669062.307435696,299.0620906831574,17
450500,900.9999999925179,-2086510.4996501599,-1666936.83739844,298.82427324598456,17
451000,901.9999999924943,-2089426.4086044356,-1668199.1138535722,300.00200572595156,17
451500,902.9999999924706,-2090894.7932439484,-1671137.692818683,298.9549196230739,17
452000,903.999999992447,-2090095.237426469,-1666815.4379599954,301.463818716511,17
452500,904.9999999924233,-2088527.4078387748,-1667744.7676341804,299.68531861332093,17
453000,905.9999999923997,-2089506.2586383242,-1666612.8598316824,301.18862056480543,17
453500,906.999999992376,-2088794.4732116573,-1667534.0163887027,300.0256240628098,17
454000,907.9999999923524,-2087432.0036124103,-1667159.4885520167,299.3220027305693,17
454500,908.9999999923288,-2087902.694881739,-1668428.2348090801,298.75362052935975,17
455000,909.9999999923051,-2086848.6782776657,-1666287.9037840636,299.5273037858655,17
455500,910.9999999922815,-2086678.7228509113,-1665983.1187489477,299.6233306897337,17
456000,911.9999999922578,-2089097.9658956062,-1670147.4283753503,298.38047800387625,17
456500,912.9999999922342,-2090835.0299863294,-1670026.9977596307,299.7034030481513,17
457000,913.9999999922105,-2090153.198730642,-1669655.0134964404,299.4827271319046,17
457500,914.9999999921869,-2089919.7707183566,-1670903.411153929,298.42735707728514,17
458000,915.9999999921632,-2090481.1842078622,-1670415.7517173337,299.17451659402354,17
458500,916.9999999921396,-2088272.928842051,-1668456.176446215,298.9974043125508,17
459000,917.9999999921159,-2086800.285056498,-1667049.170273065,298.9506565931665,17
459500,918.9999999920923,-2088469.6227605548,-1666596.6610322534,300.46185576576664,17
460000,919.9999999920686,-2089796.7492265627,-1669965.8977172424,299.00744583259706,17
460500,920.999999992045,-2087825.5768509004,-1667392.833031959,299.4361191459545,17
461000,921.9999999920213,-2086161.0589185618,-1663811.2210844331,300.8014913734629,17
461500,922.9999999919977,-2087457.6506122798,-1665856.966111334,300.2679373864544,17
462000,923.999999991974,-2088584.924056029,-1667133.5542255389,300.16159408634235,17
462500,924.9999999919504,-2092169.2806467097,-1671977.6948069641,299.2643641852547,17
463000,925.9999999919268,-2087647.5313223973,-1666691.271814142,299.8089718997534,17
463500,926.9999999919031,-2088012.4729432333,-1665632.8393373652,300.82271219983227,17
464000,927.9999999918795,-2088770.1604124177,-1668946.7281631804,299.0021617664085,17
464500,928.9999999918558,-2088904.5380369946,-1666242.8147818074,301.02361907753203,17
465000,929.9999999918322,-2086387.9285867456,-1664107.1646385775,300.7522963080203,17
465500,930.9999999918085,-2088803.8866451401,-1669956.400329629,298.3070839752813,17
466000,931.9999999917849,-2090677.318795938,-1670216.6442913208,299.4560116406441,17
466500,932.9999999917612,-2087409.962614363,-1666057.460046756,300.09117990014136,17
467000,933.9999999917376,-2087022.8333259597,-1663739.1758784363,301.4665664065763,17
467500,934.9999999917139,-2085684.203532476,-1665790.332091785,299.0523292151496,17
468000,935.9999999916903,-2088098.0062060189,-1668169.2942489046,299.0771429557068,17
468500,936.9999999916666,-2087969.1497116592,-1666743.4536749597,300.0008671068217,17
469000,937.999999991643,-2088105.0020926222,-1667013.8790697798,299.9050229519515,17
469500,938.9999999916193,-2088659.9534173366,-1668564.1064425358,299.196178073226,17
470000,939.9999999915957,-2087310.556320943,-1665633.4513447145,300.3223647612922,17
470500,940.999999991572,-2085598.9028043374,-1664849.2116014082,299.6618520272059,17
471000,941.9999999915484,-2087588.755626263,-1666832.808909179,299.6663072626969,17
471500,942.9999999915248,-2088930.5996905193,-1668295.2509378225,299.58041626832517,17
472000,943.9999999915011,-2088004.185470743,-1667250.38439165,299.66477911931946,17
472500,944.9999999914775,-2087222.2523889188,-1666917.0426131194,299.34528821163985,17
473000,945.9999999914538,-2087883.902367074,-1667005.4042512935,299.75358951119216,17
473500,946.9999999914302,-2090986.2349989098,-1670001.1059959556,299.82953302298034,17
474000,947.9999999914065,-2090219.1384984422,-1668999.5460991857,299.99652003934074,17
474500,948.9999999913829,-2090506.9401260745,-1668481.2943596058,300.57059876096986,17
475000,949.9999999913592,-2089119.4966273233,-1668293.6699813614,299.71607639941857,17
475500,950.9999999913356,-2089350.0911142305,-1666659.9781434096,301.04383849763656,17
476000,951.9999999913119,-2089905.5981508028,-1668969.836242061,299.7943733183146,17
476500,952.9999999912883,-2089689.4835131727,-1670058.8353453656,298.8648591466073,17
477000,953.9999999912646,-2089954.2000634652,-1670536.8153302982,298.7129709405547,17
477500,954.999999991241,-2088176.101779962,-1666984.9299368605,299.97627865432946,17
478000,955.9999999912174,-2089775.411549013,-1668210.6373821418,300.24236171179393,17
478500,956.9999999911937,-2088549.939370405,-1667816.7656092448,299.65008815121314,17
479000,957.9999999911701,-2087600.5404000022,-1666857.3490017941,299.6572228056965,17
479500,958.9999999911464,-2091435.6177678388,-1671835.6594701507,298.84300153503756,17
480000,959.9999999911228,-2089023.1606162842,-1668258.1835753424,299.67273874352315,17
480500,960.9999999910991,-2091411.8306207974,-1671793.989467273,298.8557378716564,17
481000,961.9999999910755,-2090131.6419869084,-1670188.2900860324,299.08756966011794,17
481500,962.9999999910518,-2088616.9248090535,-1668156.6805599425,299.4557052086621,17
482000,963.9999999910282,-2089265.3778521307,-1669246.0395248753,299.1416879012809,17
482500,964.9999999910045,-2088399.7162330635,-1667720.3033006815,299.6117991878343,17
483000,965.9999999909809,-2088292.0486520007,-1668105.5648829173,299.26073044297095,17
483500,966.9999999909572,-2090062.293961551,-1671130.7173363043,298.3669738777096,17
484000,967.9999999909336,-2089151.1089150272,-1667327.3599873916,300.426805950403,17
484500,968.9999999909099,-2089414.3848330043,-1668276.6586837913,299.93821413295643,17
485000,969.9999999908863,-2088308.2951999474,-1667140.9745852035,299.9592915871677,17
485500,970.9999999908626,-2090876.5363993328,-1668697.3227124324,300.6799712653607,17
486000,971.999999990839,-2089156.3399940766,-1668140.2695724997,299.8515697897392,17
486500,972.9999999908154,-2086847.58977828,-1666561.4388932977,299.33171429194545,17
487000,973.9999999907917,-2086561.2631725185,-1664411.5457571782,300.6589637458105,17
487500,974.9999999907681,-2086901.549188137,-1666536.7777403535,299.38770858962187,17
488000,975.9999999907444,-2088794.463761082,-1668375.0071302021,299.4266558867624,17
488500,976.9999999907208,-2090244.0219895486,-1668984.1419346964,300.02521328319114,17
489000,977.9999999906971,-2088893.4007026348,-1666526.6921767124,300.81350683741584,17
489500,978.9999999906735,-2088758.018058382,-1669029.5191515072,298.93454935507157,17
490000,979.9999999906498,-2088130.026982436,-1667680.6490469745,299.44796611879224,17
490500,980.9999999906262,-2090591.5948684327,-1668348.1349953057,300.7257279980519,17
491000,981.9999999906025,-2091238.4712790437,-1668172.783930257,301.3113260704818,17
491500,982.9999999905789,-2089629.3226956408,-1667552.5306507018,300.6070256172483,17
492000,983.9999999905552,-2088050.2946876064,-1666641.0665281294,300.13158039542986,17
492500,984.9999999905316,-2088411.0797370002,-1667588.0979403262,299.7140502712378,17
493000,985.999999990508,-2088594.3628900666,-1668753.3224712838,299.01470246889056,17
493500,986.9999999904843,-2087745.1033674125,-1665938.8301284024,300.414359602067,17
494000,987.9999999904607,-2088762.6274913326,-1667252.1021219243,300.2037252125691,17
494500,988.999999990437,-2089604.120264003,-1667103.1517368134,300.9091280618021,17
495000,989.9999999904134,-2087685.0850899573,-1668116.806050673,298.82043927190927,17
495500,990.9999999903897,-2088460.9224804714,-1666518.5944941586,300.51125906130903,17
496000,991.9999999903661,-2088085.6965649575,-1667171.6953349062,299.7788751601126,17
496500,992.9999999903424,-2086369.787209658,-1666928.4514603834,298.73002907748224,17
497000,993.9999999903188,-2088992.378384279,-1669100.501829298,299.05090843895215,17
497500,994.9999999902951,-2087449.3813953195,-1667754.1524083877,298.91085420796776,17
498000,995.9999999902715,-2090143.3247651644,-1670426.525147554,298.9262170122043,17
498500,996.9999999902478,-2088476.7237546053,-1666551.1872871967,300.49929998502597,17
499000,997.9999999902242,-2089216.3279678393,-1668659.4268478844,299.52454513304895,17
499500,998.9999999902005,-2087246.491693439,-1664711.318956079,300.9334886191145,17
500000,999.9999999901769,-2089084.867019428,-1666472.1687481608,300.9887030270054,17
