#"Step","Time (ps)","Potential Energy (kJ/mole)","Total Energy (kJ/mole)","Temperature (K)","Speed (ns/day)"
500,1.0000000000000007,-125432.28125,-71209.3104113799,298.84370131013077,0
1000,2.0000000000000013,-125593.90625,-70939.8356366118,301.21965840604685,81.2
1500,2.999999999999891,-125539.5859375,-71306.17471782665,298.90124227604963,81.2
2000,3.999999999999781,-124424.0625,-70219.97971580084,298.7396019587599,79
2500,4.999999999999671,-124680.3046875,-69907.3008834609,301.875145081768,79.6
3000,5.999999999999561,-125527.6875,-71403.19289610698,298.3009608069497,80
3500,6.999999999999451,-125635.7734375,-71414.37888237275,298.83501380396814,79.2
4000,7.999999999999341,-126190.28125,-71866.95355268967,299.39680665716367,79.5
4500,8.999999999999675,-125438.796875,-70603.05093778658,302.2209411717999,79
5000,10.000000000000009,-125849.375,-71024.68148422224,302.16002701532364,79.4
5500,11.000000000000343,-125559.8671875,-70925.52485165902,301.110928261027,78.6
6000,12.000000000000677,-125771.328125,-71171.60045974236,300.92015346361615,78.3
6500,13.00000000000101,-126296.6328125,-71832.49566777982,300.17286181962675,78.6
7000,14.000000000001345,-126094.484375,-71544.05730357708,300.64843888010125,78.9
7500,15.000000000001679,-125842.7890625,-70796.1060215467,303.38349689035095,78.6
8000,16.00000000000201,-125904.75,-72047.26996459067,296.82934055606233,78.9
8500,17.000000000001457,-125913.09375,-71196.78080289997,301.5626999085123,78.6
9000,18.000000000000902,-125999.015625,-71609.61061522039,299.76098420637464,78.8
9500,19.000000000000348,-126080.765625,-71691.62229211675,299.7595420040931,79
10000,19.999999999999794,-126811.609375,-72596.0382972199,298.80291837470634,78.8
10500,20.99999999999924,-126474.6796875,-72266.25694220513,298.76352115789877,78.7
11000,21.999999999998685,-126175.59375,-71814.91968611383,299.60263688456354,78.8
11500,22.99999999999813,-126312.7421875,-71334.682430838,303.00528750867204,78.6
12000,23.999999999997577,-126161.2421875,-71773.28639960242,299.75299698574565,78.7
12500,24.999999999997023,-126274.09375,-71380.86763993278,302.5377365694313,78.8
13000,25.99999999999647,-126740.9140625,-72362.20490716898,299.7020352280605,78.6
13500,26.999999999995914,-126353.9140625,-72021.08900056989,299.44915029587935,78.7
14000,27.99999999999536,-125844.65625,-71539.80774606881,299.29496069665583,78.6
14500,28.999999999994806,-126043.5546875,-71058.44936510944,303.0441183382556,78.7
15000,29.99999999999425,-126179.59375,-71639.42780908127,300.5918858330794,78.8
15500,30.999999999993697,-125872.140625,-71408.21252666914,300.1717096843644,78.8
16000,31.999999999993143,-125394.109375,-71198.94060230511,298.69047340401175,78.8
16500,32.999999999994365,-125898.328125,-71539.4636248817,299.5926636808496,78.9
17000,33.99999999999559,-126640.1171875,-72193.15195651492,300.0782207813396,78.9
17500,34.99999999999681,-126681.90625,-71624.33717785357,303.4434940060387,78.9
18000,35.99999999999803,-127300.5390625,-72317.68066570372,303.0317346648644,78.9
18500,36.999999999999254,-126085.625,-71238.66753776697,302.28273220947955,79
19000,38.000000000000476,-125762.3984375,-71572.26832299051,298.66270341578587,79
19500,39.0000000000017,-126155.15625,-71901.74623773294,299.01146333380444,79
20000,40.00000000000292,-125848.953125,-72079.68186280318,296.3431879925426,79
20500,41.00000000000414,-127137.3828125,-72704.80370830541,299.99893328913674,79.1
21000,42.000000000005365,-126269.6875,-71285.18108049268,303.040817553522,79
21500,43.00000000000659,-126008.9375,-72159.92895759316,296.7826508914177,79
22000,44.00000000000781,-126791.3359375,-72866.85275438626,297.1986207402671,79.1
22500,45.00000000000903,-126596.0625,-71638.04966381867,302.8948011995735,79
23000,46.00000000001025,-126180.265625,-71489.52926135343,301.4217374944674,79
23500,47.000000000011475,-126979.90625,-72908.325124252,298.0093342248299,78.9
24000,48.0000000000127,-126843.7265625,-72569.5989180929,299.125646193492,78.9
24500,49.00000000001392,-126600.546875,-72339.76239245338,299.05210688319795,78.8
25000,50.00000000001514,-126441.7421875,-71692.90242371173,301.7419677380062,78.8
25500,51.000000000016364,-126329.6015625,-70869.9489837992,305.6595312588127,78.8
26000,52.000000000017586,-126458.6875,-71984.84939271584,300.22632756512263,78.9
26500,53.00000000001881,-127011.265625,-72976.28700845203,297.8076036822684,78.7
27000,54.00000000002003,-126518.5859375,-72357.36731716199,298.5033610227929,78.6
27500,55.00000000002125,-126596.375,-72590.66121495632,297.6463139109833,78.6
28000,56.000000000022474,-126757.3203125,-72003.77307765954,301.76791242623125,78.5
28500,57.0000000000237,-126071.875,-72240.47915493743,296.68558052468916,78.5
29000,58.00000000002492,-126578.5078125,-72029.34366281601,300.6414784314004,78.3
29500,59.00000000002614,-126378.0625,-72201.41318506736,298.5884055309622,78.1
30000,60.00000000002736,-127011.9140625,-72274.11211212841,301.6811340919555,77.9
30500,61.000000000028585,-126184.9765625,-71518.64098512923,301.28725535206985,77.7
31000,62.00000000002981,-126763.296875,-72139.00424289529,301.0555404684519,77.6
31500,63.00000000003103,-125430.0390625,-71697.39533912344,296.1413195020922,77.5
32000,64.00000000003224,-126297.4375,-72135.1775079965,298.5091004236067,77.3
32500,65.00000000002991,-126523.828125,-72612.11745356442,297.12822650317725,77.2
33000,66.00000000002758,-125996.1328125,-70979.04042332136,303.22041139791565,77.1
33500,67.00000000002525,-126181.0625,-71588.54364370904,300.8804229375988,77
34000,68.00000000002292,-126351.65625,-72151.9690842072,298.71537601072015,76.9
34500,69.00000000002059,-126473.890625,-72002.75880847266,300.2114121531841,76.8
35000,70.00000000001826,-126379.9921875,-72067.20487634116,299.3387145245853,76.8
35500,71.00000000001593,-126402.4609375,-71860.3666926981,300.6025134593564,76.7
36000,72.0000000000136,-126457.9140625,-71940.60780045952,300.465897327819,76.6
36500,73.00000000001127,-126460.296875,-72497.7906851964,297.4081801922557,76.5
37000,74.00000000000894,-127109.21875,-73006.91347871628,298.17866683847103,76.4
37500,75.00000000000661,-126927.4921875,-73066.50494774012,296.8486701116576,76.4
38000,76.00000000000428,-127017.6328125,-72325.53838698589,301.42922229710405,76.3
38500,77.00000000000195,-126224.578125,-71680.73231573263,300.6121670065495,76.2
39000,77.99999999999962,-127016.4140625,-72292.15428687679,301.6064979448946,76.2
39500,78.99999999999729,-127195.6875,-72238.26520646736,302.8915464913164,76.2
40000,79.99999999999496,-127033.03125,-72274.88326351484,301.79326894264943,76.1
40500,80.99999999999262,-126993.5390625,-73102.08868419181,297.01656421514366,76.1
41000,81.9999999999903,-127282.84375,-72951.54385024647,299.4407445390037,76
41500,82.99999999998796,-126875.765625,-72559.24208225834,299.3593063375733,76
42000,83.99999999998563,-126813.5625,-72775.11909772927,297.8266994524488,75.9
42500,84.9999999999833,-126720.890625,-72203.69743229612,300.4652741591041,75.7
43000,85.99999999998097,-127323.2578125,-72595.29532515025,301.62690501702895,75.6
43500,86.99999999997864,-127753.703125,-73939.6334393816,296.59008937882044,75.6
44000,87.99999999997631,-126373.0703125,-72212.14054552,298.50176904055166,75.5
44500,88.99999999997398,-126431.125,-71693.36300271237,301.68091389510346,75.5
45000,89.99999999997165,-127177.171875,-72434.8388129007,301.70610679593716,75.5
45500,90.99999999996932,-127395.3046875,-72971.15128221037,299.9524960134224,75.4
46000,91.99999999996699,-127042.3359375,-72831.26483798365,298.77811725925005,75.4
46500,92.99999999996466,-126733.6640625,-72308.16090020968,299.95993504473546,75.3
47000,93.99999999996233,-126642.34375,-72466.96109149617,298.58142449894535,75.3
47500,94.99999999996,-126930.890625,-72608.49724887591,299.391657252821,75.2
48000,95.99999999995767,-126306.234375,-72413.00704746647,297.0263576675372,75.2
48500,96.99999999995534,-126185.0859375,-71735.24259542674,300.09408316138024,75.2
49000,97.999999999953,-127205.9609375,-72077.97172060132,303.8316065786085,75.1
49500,98.99999999995067,-126579.0234375,-72219.9273033957,299.5939403050673,75.1
50000,99.99999999994834,-127485.6328125,-72782.97141047032,301.48746097943246,75.1
