#"Step","Time (ps)","Potential Energy (kJ/mole)","Total Energy (kJ/mole)","Temperature (K)","Speed (ns/day)"
500,1.0000000000000007,-1900942.7674351335,-1505910.9910409998,300.66285555327204,0
1000,2.0000000000000013,-1913140.584155796,-1518133.7503528036,300.6438714838235,17.5
1500,2.999999999999891,-1913630.570297528,-1517727.7780345352,301.3257949267925,17.8
2000,3.999999999999781,-1913347.9674818404,-1518632.0288569452,300.42246809265407,17.7
2500,4.999999999999671,-1919151.9667091873,-1526887.234268307,298.55682918744236,17.8
3000,5.999999999999561,-1922024.2977182101,-1528785.4703520893,299.29822311902973,17.4
3500,6.999999999999451,-1923958.5448864494,-1531634.94493933,298.60163386793334,17.5
4000,7.999999999999341,-1923150.9203019403,-1528249.2522779284,300.563828699156,17.5
4500,8.999999999999675,-1924827.3885556404,-1532468.1685256164,298.6287446890903,17.5
5000,10.000000000000009,-1926875.0107884593,-1531345.790304015,301.0414655021631,17.5
5500,11.000000000000343,-1928521.4237413183,-1535549.2685277103,299.09525612836654,17.6
6000,12.000000000000677,-1928787.230431253,-1533835.4669565423,300.60195687556444,17.6
6500,13.00000000000101,-1929247.9538827073,-1534743.774871167,300.2612956152818,17.7
7000,14.000000000001345,-1929282.8424603194,-1534805.2866355856,300.24103242672965,17.6
7500,15.000000000001679,-1928231.2199370787,-1533927.4519594759,300.10876066151684,17.7
8000,16.00000000000201,-1930360.5877163522,-1537235.5782858909,299.2115950865687,17.7
8500,17.000000000001457,-1929367.3817406166,-1536354.2242639796,299.12646338363845,17.7
9000,18.000000000000902,-1930891.200535331,-1536371.6079887655,300.27302701951766,17.7
9500,19.000000000000348,-1931496.7917057779,-1537013.1064055064,300.2456976352733,17.7
10000,19.999999999999794,-1931806.2477649022,-1538087.3313337257,299.66362397497375,17.7
10500,20.99999999999924,-1932662.1283746306,-1538747.9148045068,299.812266689272,17.7
11000,21.999999999998685,-1932528.1760806628,-1538997.4934997421,299.5203572042691,17.6
11500,22.99999999999813,-1933692.2555137668,-1539202.9247165988,300.24999448256347,17.6
12000,23.999999999997577,-1931921.79357294,-1537569.7742573293,300.14548526428695,17.6
12500,24.999999999997023,-1933908.2403414939,-1540300.9663388594,299.57865174394783,17.6
13000,25.99999999999647,-1933450.3954864629,-1539053.1479995102,300.1799089029909,17.6
13500,26.999999999995914,-1932945.4508345556,-1539733.5342607354,299.2777410308996,17.6
14000,27.99999999999536,-1931612.9283159487,-1538114.278640322,299.49597662186324,17.5
14500,28.999999999994806,-1932636.1299675442,-1537507.9830391249,300.7362041843468,17.5
15000,29.99999999999425,-1933392.362685673,-1538272.209928887,300.7301197359182,17.5
15500,30.999999999993697,-1932182.362685673,-1536397.5302834096,301.2360144314326,17.5
16000,31.999999999993143,-1931357.6192453504,-1538128.3964340778,299.29091299093477,17.5
16500,32.999999999994365,-1932987.5227613878,-1538147.504338229,300.5169065370821,17.5
17000,33.99999999999559,-1933572.966763148,-1537739.7056688117,301.27287402025416,17.5
17500,34.99999999999681,-1933421.0544018075,-1537910.0851725007,301.0275742791906,17.5
18000,35.99999999999803,-1933383.3370266613,-1540735.419637117,298.8484752973375,17.5
18500,36.999999999999254,-1933210.8996609282,-1539726.9679014336,299.4847746605109,17.5
19000,38.000000000000476,-1933710.5719992705,-1541960.6101867484,298.16503182751876,17.5
19500,39.0000000000017,-1935718.0908552855,-1541366.8651961978,300.1448812039284,17.5
20000,40.00000000000292,-1935314.2052772325,-1540858.3823267492,300.2244913066934,17.5
20500,41.00000000000414,-1938237.0307875108,-1543390.211936723,300.5220824143461,17.5
21000,42.000000000005365,-1935622.4866376538,-1542721.7977605034,299.0408623451842,17.5
21500,43.00000000000659,-1934762.2454226036,-1540765.073782824,299.8754069519152,17.5
22000,44.00000000000781,-1932557.6875075717,-1538913.554421951,299.6067055811475,17.5
22500,45.00000000000903,-1936024.5275588725,-1543064.458415667,299.08605729258477,17.5
23000,46.00000000001025,-1938166.905517619,-1545490.8145134277,298.86991853288794,17.5
23500,47.000000000011475,-1937328.4478999246,-1543896.7578577115,299.44501293794707,17.5
24000,48.0000000000127,-1938985.1930076927,-1544693.9019152774,300.0992643724761,17.5
24500,49.00000000001392,-1938498.7557433564,-1545587.3344862813,299.0490308728519,17.5
25000,50.00000000001514,-1934825.5573717915,-1540130.7258835586,300.4064032281021,17.5
25500,51.000000000016364,-1935438.1257704962,-1543303.8737800266,298.45751913909015,17.5
26000,52.000000000017586,-1935902.3847881798,-1541720.2617675834,300.01617540047505,17.5
26500,53.00000000001881,-1938029.107913565,-1544432.9098662897,299.5702217173898,17.5
27000,54.00000000002003,-1938723.7072617915,-1545392.3499915567,299.3686486059334,17.5
27500,55.00000000002125,-1938258.5029222444,-1544167.932195023,299.9464939834261,17.5
28000,56.000000000022474,-1936574.1453851499,-1540897.5367449385,301.15364418356467,17.5
28500,57.0000000000237,-1936380.6741495915,-1543333.7528091776,299.15216141682015,17.5
29000,58.00000000002492,-1935589.0642275475,-1541692.8847242538,299.79854077061344,17.5
29500,59.00000000002614,-1939023.0382649843,-1545485.0872976645,299.5258892498934,17.5
30000,60.00000000002736,-1938409.192788059,-1544191.0731082791,300.04357283781354,17.5
30500,61.000000000028585,-1936975.3850876503,-1542926.2617560825,299.9149479330139,17.5
31000,62.00000000002981,-1939723.8526969366,-1545606.6102945395,299.9667940769878,17.5
31500,63.00000000003103,-1940480.7824640684,-1546354.8248888084,299.9734272870641,17.5
32000,64.00000000003224,-1937614.3516707718,-1541311.0997257181,301.6305890186538,17.5
32500,65.00000000002991,-1936680.3571548387,-1542925.264373066,299.69115817734365,17.5
33000,66.00000000002758,-1937555.769195594,-1543606.7287486861,299.8387737928762,17.5
33500,67.00000000002525,-1938530.6118106954,-1544759.5494684707,299.70331277840194,17.5
34000,68.00000000002292,-1937124.8641040474,-1542568.9659893066,300.3006595707511,17.5
34500,69.00000000002059,-1938615.2968331836,-1543397.4387163857,300.80448431694566,17.5
35000,70.00000000001826,-1939790.3684793413,-1545472.6544607328,300.1193751405613,17.5
35500,71.00000000001593,-1936755.2908774558,-1541854.9321949237,300.5628321455323,17.5
36000,72.0000000000136,-1937589.6916764043,-1543006.5457103427,300.32139819806,17.5
36500,73.00000000001127,-1937749.0662344247,-1544163.5289946527,299.5621076642478,17.5
37000,74.00000000000894,-1936957.2837591358,-1542711.0607232512,300.0649625988454,17.5
37500,75.00000000000661,-1939429.1845956258,-1546200.029097411,299.2908617582558,17.5
38000,76.00000000000428,-1938204.0703021064,-1545009.6465956206,299.26442702489084,17.5
38500,77.00000000000195,-1939859.2237035558,-1544550.011410337,300.8740149450894,17.5
39000,77.99999999999962,-1937048.4177695736,-1544765.4386998645,298.5707168892823,17.5
39500,78.99999999999729,-1939327.4587533846,-1546165.472789746,299.239738316349,17.5
40000,79.99999999999496,-1938207.6249429751,-1546870.1330647378,297.85109660589194,17.5
40500,80.99999999999262,-1936899.5995780025,-1543195.5664485237,299.6522961369216,17.5
41000,81.9999999999903,-1938221.8444356825,-1541987.807809492,301.57790850872755,17.5
41500,82.99999999998796,-1940054.9164963532,-1546180.3664926142,299.7820783301493,17.5
42000,83.99999999998563,-1935654.6213436648,-1543253.2946999115,298.66079247733944,17.4
42500,84.9999999999833,-1939329.3076770883,-1543550.0881430123,301.2317424181974,17.4
43000,85.99999999998097,-1936803.7935075536,-1541744.7392241277,300.68361704279806,17.4
43500,86.99999999997864,-1938960.520713769,-1544126.3061301978,300.51248917349807,17.4
44000,87.99999999997631,-1940750.1388403475,-1546704.4967818318,299.9122982993406,17.4
44500,88.99999999997398,-1940140.0974852145,-1548348.9800844658,298.1963557802173,17.4
45000,89.99999999997165,-1937590.5472769234,-1542776.8693946647,300.49685847331364,17.4
45500,90.99999999996932,-1939217.0558699984,-1545488.5991344973,299.6708852013167,17.4
46000,91.99999999996699,-1939964.4154702611,-1546025.6752468706,299.83093418401296,17.4
46500,92.99999999996466,-1938941.970065385,-1545821.9411064244,299.20780439712837,17.4
47000,93.99999999996233,-1939925.4602875598,-1545235.8828555883,300.402404310412,17.4
47500,94.99999999996,-1938683.2384401988,-1544893.3226281218,299.71766235335156,17.4
48000,95.99999999995767,-1938755.7436022423,-1545249.25595233,299.5019421868411,17.4
48500,96.99999999995534,-1938177.5141616687,-1542682.9868910098,301.0150601308781,17.4
49000,97.999999999953,-1937574.9725200739,-1540918.5770564128,301.8993702789711,17.4
49500,98.99999999995067,-1937928.5710689332,-1544408.6156636372,299.5121926376493,17.4
50000,99.99999999994834,-1940418.9504863657,-1546194.4233539475,300.04844961766327,17.4
50500,100.99999999994601,-1938984.0690867193,-1544125.081247335,300.5313443600407,17.4
51000,101.99999999994368,-1938817.5315867607,-1545489.7455631187,299.36593049244823,17.4
51500,102.99999999994135,-1938191.1648370232,-1543678.4133320386,300.2678202305463,17.4
52000,103.99999999993902,-1939143.589689104,-1547560.3553851456,298.0381337605288,17.4
52500,104.99999999993669,-1939441.9600055031,-1545744.370940958,299.6473914910675,17.4
53000,105.99999999993436,-1941359.4495568685,-1548465.3675141449,299.03583381375057,17.4
53500,106.99999999993203,-1939273.9120085053,-1544054.3842185903,300.80575512278256,17.4
54000,107.9999999999297,-1938560.3066307474,-1544807.4723869427,299.6894391802516,17.4
54500,108.99999999992737,-1940539.2246809565,-1544767.7600530316,301.2258400772535,17.4
55000,109.99999999992504,-1938521.108429851,-1546772.5926707725,298.1639312209763,17.4
55500,110.99999999992271,-1938870.7540860288,-1546449.2475698048,298.67615159132544,17.4
56000,111.99999999992038,-1938099.3216713965,-1544732.8580798856,299.39536839769073,17.4
56500,112.99999999991805,-1941738.9696232975,-1547657.8274761192,299.9393177916132,17.4
57000,113.99999999991572,-1941419.5493363887,-1546756.8967066542,300.3819115591715,17.4
57500,114.99999999991338,-1942036.9327727202,-1548309.4083887162,299.6701755787492,17.4
58000,115.99999999991105,-1940766.5141344834,-1548139.2574224053,298.8327502375934,17.4
58500,116.99999999990872,-1940582.2008084264,-1545038.593383261,301.05241555463556,17.4
59000,117.9999999999064,-1942084.4602149501,-1547559.0483747423,300.27745614534604,17.4
59500,118.99999999990406,-1942053.9882770702,-1548461.5950031895,299.56732586419037,17.4
60000,119.99999999990173,-1940366.8052127976,-1547208.5999451191,299.2368607887391,17.4
60500,120.9999999998994,-1939399.0337794144,-1543721.8786114748,301.15406015158857,17.4
61000,121.99999999989707,-1941546.1716393922,-1546441.1760560742,300.7185834511703,17.4
61500,122.99999999989474,-1943499.5590314586,-1549480.14407179,299.89233657751595,17.4
62000,123.99999999989241,-1942055.284623567,-1547541.9943946786,300.26823025899694,17.4
62500,124.99999999989008,-1940091.289680427,-1547366.2879791013,298.9071449808505,17.4
63000,125.99999999988775,-1942821.344303308,-1549177.8112699827,299.6062488750106,17.4
63500,126.99999999988542,-1940581.429607898,-1544453.7458704659,301.49696220227537,17.4
64000,127.99999999988309,-1942793.2549211495,-1548012.5966761657,300.47172687877935,17.4
64500,128.99999999988785,-1939277.2203057483,-1543134.1329683887,301.5086860448032,17.4
65000,129.99999999989262,-1938442.0135839265,-1542643.8935431312,301.24612779340316,17.4
65500,130.9999999998974,-1940200.6376113147,-1548448.3690919778,298.16678748642863,17.4
66000,131.99999999990217,-1944107.4917115644,-1549753.0551266002,300.1473250735122,17.4
66500,132.99999999990695,-1940727.031777447,-1546729.5644589749,299.8756319960896,17.4
67000,133.99999999991172,-1940581.299673587,-1545299.369826668,300.8532499871769,17.4
67500,134.9999999999165,-1941605.792425461,-1546316.161660498,300.8591112372024,17.4
68000,135.99999999992127,-1943143.2645148877,-1549481.8066714334,299.6198916372406,17.4
68500,136.99999999992605,-1943201.5039343145,-1548398.8332633167,300.48848076861435,17.4
69000,137.99999999993082,-1941103.7853017263,-1547087.0122158732,299.8903258194635,17.4
69500,138.9999999999356,-1943668.2498926818,-1549103.5701216187,300.3073433820902,17.4
70000,139.99999999994037,-1941387.3999999687,-1547736.8693857933,299.61157480767247,17.4
70500,140.99999999994515,-1941216.084067298,-1547451.5329675258,299.6983570030292,17.4
71000,141.99999999994992,-1939309.8654218968,-1544610.3932323453,300.40993531486976,17.4
71500,142.9999999999547,-1940785.497519279,-1544567.2755692306,301.5658717917528,17.4
72000,143.99999999995947,-1938586.6313911323,-1545060.4256060456,299.51694986769616,17.4
72500,144.99999999996425,-1939394.1841643415,-1544234.0657822704,300.7605379952591,17.4
73000,145.99999999996902,-1938848.3717088755,-1545298.5632197238,299.5349141349451,17.4
73500,146.9999999999738,-1938490.0148053002,-1545218.229643403,299.3233076453463,17.4
74000,147.99999999997857,-1940679.6528529562,-1546428.7043406537,300.0685592088363,17.4
74500,148.99999999998334,-1940999.9197016563,-1547318.797706253,299.63485823089286,17.4
75000,149.99999999998812,-1939058.3490075972,-1545703.9825454575,299.3861611448112,17.4
75500,150.9999999999929,-1939967.3864174467,-1546477.5669846223,299.48925583084133,17.4
76000,151.99999999999767,-1942096.9680362083,-1547936.9558659806,299.9993465988246,17.4
76500,153.00000000000244,-1941762.467630202,-1546125.8951990912,301.1231722021368,17.4
77000,154.00000000000722,-1940250.0320754368,-1546906.4135895493,299.37798074661424,17.4
77500,155.000000000012,-1940403.707730418,-1547579.3964038182,298.9827305851059,17.4
78000,156.00000000001677,-1940582.1268639378,-1547583.5075658937,299.115398222425,17.4
78500,157.00000000002154,-1940614.9615246262,-1546348.6556621895,300.08024785015846,17.4
79000,158.00000000002632,-1941435.3054751493,-1548094.9910059962,299.37546602459554,17.4
79500,159.0000000000311,-1939682.0801886227,-1548146.4205112637,298.001924209956,17.4
80000,160.00000000003587,-1938584.118821364,-1544357.7218223233,300.0498727928906,17.4
80500,161.00000000004064,-1939928.24729578,-1546752.0505516562,299.2505542914063,17.4
81000,162.00000000004542,-1942023.6744452566,-1547519.0446954719,300.2616386769184,17.4
81500,163.0000000000502,-1941076.0751319267,-1546624.532558737,300.22123346634504,17.4
82000,164.00000000005497,-1942333.7057675608,-1546310.5622738644,301.41739551908654,17.4
82500,165.00000000005974,-1942607.4337903615,-1549853.6509097596,298.9290506402543,17.4
83000,166.00000000006452,-1941059.7375356462,-1546120.5965605355,300.59234975785705,17.4
83500,167.0000000000693,-1942136.6555526052,-1546217.1728569432,301.33849819130575,17.4
84000,168.00000000007407,-1942044.7079478204,-1548606.641266039,299.4498662656438,17.4
84500,169.00000000007884,-1942554.1503342725,-1548838.1584875188,299.66139804289344,17.4
85000,170.00000000008362,-1939560.1218949463,-1546942.3638961387,298.8255206666407,17.3
85500,171.0000000000884,-1938811.3449479584,-1545777.9423911944,299.14187212786004,17.3
86000,172.00000000009317,-1942188.0293260198,-1549659.6939707554,298.7574601485623,17.3
86500,173.00000000009794,-1939027.7872570325,-1544912.6050586428,299.9652260339672,17.3
87000,174.00000000010272,-1942774.1154943667,-1550724.4437880055,298.39314419190066,17.3
87500,175.0000000001075,-1941746.186244322,-1547546.4526186015,300.0295790179586,17.3
88000,176.00000000011227,-1943772.6459921803,-1549660.0043105148,299.963292419867,17.3
88500,177.00000000011704,-1939978.0469678808,-1546024.74990287,299.8420135498537,17.3
89000,178.00000000012182,-1941078.1453108583,-1547235.0030147317,299.7581735922992,17.3
89500,179.0000000001266,-1941409.3893899303,-1546846.47288497,300.3060013416437,17.3
90000,180.00000000013137,-1939794.4326856267,-1545345.0483264239,300.2195908268945,17.3
90500,181.00000000013614,-1940802.9660104979,-1545789.259954459,300.6491020281708,17.3
91000,182.00000000014091,-1941400.918921383,-1548220.3772184737,299.2538612854098,17.3
91500,183.0000000001457,-1940262.8567681294,-1547150.200526788,299.20219294391103,17.3
92000,184.00000000015046,-1941467.212102795,-1547978.086783994,299.48872753333006,17.3
92500,185.00000000015524,-1939880.993295895,-1546432.359035882,299.4579093610029,17.3
93000,186.00000000016001,-1941637.189072596,-1547817.4872679072,299.74033278679326,17.3
93500,187.0000000001648,-1943471.5282527339,-1548932.1786520537,300.28806432198894,17.3
94000,188.00000000016956,-1941881.8212963697,-1548715.8821359416,299.2427471361612,17.3
94500,189.00000000017434,-1939954.2236409858,-1546105.4927482498,299.76242713218016,17.3
95000,190.0000000001791,-1939982.230740685,-1546525.200292843,299.46429978820214,17.3
95500,191.0000000001839,-1939579.3931608405,-1545206.5546805807,300.1613309502995,17.3
96000,192.00000000018866,-1938750.370364815,-1545235.0095210145,299.50869566838804,17.3
96500,193.00000000019344,-1939274.4623940904,-1544942.536539395,300.1301919190481,17.3
97000,194.0000000001982,-1939972.5024746135,-1545788.3326542156,300.017733241413,17.3
97500,195.000000000203,-1936343.5006511565,-1543628.0640235455,298.89986490226323,17.3
98000,196.00000000020776,-1940849.6236961652,-1548190.098313291,298.8573102636121,17.3
98500,197.00000000021254,-1937656.9232436363,-1543584.5206558781,299.93266602067075,17.3
99000,198.0000000002173,-1942415.711074436,-1548088.3312416766,300.1267318937581,17.3
99500,199.0000000002221,-1939865.1583727617,-1545631.665515189,300.0552735257337,17.3
100000,200.00000000022686,-1939686.9199171774,-1545783.2990779867,299.8042044499262,17.3
100500,201.00000000023164,-1941690.4160361215,-1548961.9673917384,298.90976848560246,17.3
101000,202.0000000002364,-1940281.291868141,-1545475.6778665045,300.4907209686377,17.3
101500,203.0000000002412,-1941217.964376865,-1546377.6874636402,300.51710327660044,17.3
102000,204.00000000024596,-1939970.635761151,-1547328.16333402,298.84433107895995,17.3
102500,205.00000000025074,-1943405.5231293365,-1547861.7658687932,301.0525295959237,17.3
103000,206.0000000002555,-1941076.4499443267,-1547427.744078563,299.6101859723914,17.3
103500,207.0000000002603,-1941638.110944001,-1548472.9479160197,299.242156413562,17.3
104000,208.00000000026506,-1939633.0982881822,-1544534.9762594227,300.7133519162283,17.3
104500,209.00000000026984,-1938616.6734988969,-1544049.0666890277,300.30957118222767,17.3
105000,210.0000000002746,-1941983.1262049545,-1547971.5509121872,299.8863697242703,17.3
105500,211.00000000027939,-1941718.7775932122,-1547254.7849260361,300.23070936431975,17.3
106000,212.00000000028416,-1942628.6701449286,-1547482.21424194,300.7501393381881,17.3
106500,213.00000000028894,-1941687.7981340233,-1547007.3376618319,300.3954652960713,17.3
107000,214.0000000002937,-1941963.2564890087,-1545646.0695825038,301.64119506493233,17.3
107500,215.00000000029848,-1942341.3461766522,-1548882.5231378896,299.46566414807705,17.3
108000,216.00000000030326,-1939390.3862277754,-1546048.4099437925,299.37673084940695,17.3
108500,217.00000000030803,-1941604.2371059228,-1547394.239137202,300.03739131778184,17.3
109000,218.0000000003128,-1941083.8915614765,-1547022.3825688944,299.9243747903733,17.3
109500,219.00000000031758,-1940960.0743019506,-1547859.7555669367,299.1928027375922,17.3
110000,220.00000000032236,-1939973.5733079258,-1544791.3943081626,300.77732856428906,17.3
110500,221.00000000032713,-1943531.2404471599,-1549781.9238228407,299.686761882924,17.3
111000,222.0000000003319,-1943874.831547005,-1551700.0144145377,298.48839369693025,17.3
111500,223.00000000033668,-1942705.1561254673,-1549232.403414447,299.4762661686945,17.3
112000,224.00000000034146,-1941508.1676686723,-1546313.5618784348,300.78678672571465,17.3
112500,225.00000000034623,-1941687.3382843118,-1547378.7972442997,300.1123934897081,17.3
113000,226.000000000351,-1942165.5902520064,-1548515.7893006913,299.6110194535661,17.3
113500,227.00000000035578,-1940601.5324256383,-1545506.9628438265,300.7106481113517,17.3
114000,228.00000000036056,-1942647.2514485307,-1550549.7348464762,298.4295594471343,17.3
114500,229.00000000036533,-1940625.3047379274,-1546968.0964263096,299.6166572736955,17.3
115000,230.0000000003701,-1943292.5227063186,-1550851.0498261072,298.6913482017507,17.3
115500,231.00000000037488,-1940339.5885419063,-1545906.6529006881,300.20707153397933,17.3
116000,232.00000000037966,-1939083.2193890829,-1545540.5071992949,299.52951306658036,17.3
116500,233.00000000038443,-1941430.2573998086,-1546920.1707155947,300.2657920073239,17.3
117000,234.0000000003892,-1940736.8787825983,-1545998.3852998088,300.4396348331197,17.3
117500,235.00000000039398,-1941556.5429504253,-1547366.8228712475,300.02195760196724,17.3
118000,236.00000000039876,-1940877.165698994,-1547349.2113766738,299.51828069784483,17.3
118500,237.00000000040353,-1942423.3197444528,-1547768.152586327,300.37621428770245,17.3
119000,238.0000000004083,-1938784.0896984413,-1545002.313016499,299.7114675754775,17.3
119500,239.00000000041308,-1938260.6244136654,-1543553.4359010062,300.415808289852,17.3
120000,240.00000000041786,-1939509.4470076151,-1545610.4656783873,299.8006732699121,17.3
120500,241.00000000042263,-1942413.6668389197,-1548231.928020977,300.01588297977924,17.3
121000,242.0000000004274,-1941349.007653676,-1546480.6972170263,300.5384398872426,17.3
121500,243.00000000043218,-1941365.8565757796,-1546859.338907831,300.26307559136444,17.3
122000,244.00000000043696,-1939831.340272447,-1546220.6727155966,299.5812346138891,17.3
122500,245.00000000044173,-1941497.671387067,-1548462.2734586,299.1433908263293,17.3
123000,246.0000000004465,-1943036.303313855,-1547789.1559241076,300.82677669180845,17.3
123500,247.00000000045128,-1941455.271650577,-1547623.1075646854,299.7498179605871,17.3
124000,248.00000000045605,-1940602.9512674343,-1546350.365057471,300.06980567781596,17.3
124500,249.00000000046083,-1941421.795238983,-1547571.888528363,299.7633220595852,17.3
125000,250.0000000004656,-1940158.9046889488,-1547575.6073678667,298.7992922810059,17.3
125500,251.00000000047038,-1940236.225920055,-1547668.8210954801,298.7871963341297,17.3
126000,252.00000000047515,-1941934.6047873683,-1545619.0850996596,301.63992612710484,17.3
126500,253.00000000047993,-1943098.068772817,-1548362.5585687424,300.437364228194,17.3
127000,254.0000000004847,-1940075.6662218086,-1547857.135216212,298.5216647872774,17.3
127500,255.00000000048948,-1941175.6777991094,-1545687.1191769599,301.01051732948366,17.3
128000,256.00000000049425,-1941625.3476417176,-1547101.1228977707,300.27655263384895,17.3
128500,257.000000000499,-1940022.348707592,-1546336.9956896058,299.6380785068497,17.3
129000,258.0000000005038,-1943768.1084712818,-1548942.3242346314,300.5060727474536,17.3
129500,259.0000000005086,-1941299.9122280274,-1546600.2200438848,300.4101027550757,17.3
130000,260.00000000051335,-1943158.5279818997,-1550111.4222678007,299.1523017455784,17.3
130500,261.0000000005181,-1943021.1250559278,-1548777.6423622917,300.0628768954291,17.3
131000,262.0000000005229,-1943409.734676225,-1549211.0689252797,300.0287662471933,17.3
131500,263.0000000005277,-1941458.668627929,-1546585.9167059765,300.54182034859735,17.3
132000,264.00000000053245,-1942521.6485939045,-1548959.4915554584,299.54431274618264,17.3
132500,265.0000000005372,-1940111.0079281852,-1543334.3859985315,301.99087591152653,17.3
133000,266.000000000542,-1940026.2973867115,-1547934.3384873895,298.42532942090924,17.3
133500,267.0000000005468,-1941462.5224339366,-1546256.230758347,300.79568097642954,17.3
134000,268.00000000055155,-1939269.2412539572,-1545357.5400174148,299.81035452565914,17.3
134500,269.0000000005563,-1941720.3703395836,-1547967.2955092452,299.68962229320255,17.3
135000,270.0000000005611,-1939484.878343828,-1544249.963174633,300.8174666196046,17.3
135500,271.0000000005659,-1940817.378559677,-1547515.9024160197,299.34590576502586,17.3
136000,272.00000000057065,-1941595.3821119238,-1546534.6312483428,300.6849083278658,17.3
136500,273.0000000005754,-1942620.009563148,-1548913.4122877864,299.6542477354239,17.3
137000,274.0000000005802,-1942028.009563148,-1548199.5512233113,299.7469974781414,17.3
137500,275.000000000585,-1941989.581953086,-1546989.7886037836,300.6385129201906,17.3
138000,276.00000000058975,-1940678.6920819022,-1546072.029866289,300.339296663866,17.3
138500,277.0000000005945,-1942039.032678498,-1547341.3735412308,300.4085553816349,17.3
139000,278.0000000005993,-1943245.8123167958,-1549347.44734422,299.80020415435706,17.3
139500,279.0000000006041,-1941758.1956891138,-1548781.739378104,299.0985297390077,17.3
140000,280.00000000060885,-1943734.987731669,-1551552.0605745036,298.4945663223493,17.3
140500,281.0000000006136,-1945878.496410977,-1550809.3321905392,300.69131182259343,17.3
141000,282.0000000006184,-1940254.6686784253,-1545366.1269615584,300.5538381282072,17.3
141500,283.0000000006232,-1939494.446232101,-1546159.5132631352,299.37137010798796,17.3
142000,284.00000000062795,-1944948.8588550463,-1549239.3144224915,301.17871196283613,17.3
142500,285.0000000006327,-1943283.9816622846,-1548955.460472422,300.1276005926993,17.3
143000,286.0000000006375,-1941433.1151534375,-1547099.7691091713,300.1312728403242,17.3
143500,287.0000000006423,-1942933.8671303838,-1549167.7364515045,299.6995592373638,17.3
144000,288.00000000064705,-1942312.4217954632,-1546396.0676436597,301.33611702354574,17.3
144500,289.0000000006518,-1940827.776253352,-1547408.23328478,299.43576767195634,17.3
145000,290.0000000006566,-1940189.8010004684,-1546623.215099567,299.54768360015504,17.3
145500,291.0000000006614,-1942818.4466019925,-1547538.9802383918,300.851375004015,17.3
146000,292.00000000066615,-1943054.9267865866,-1548126.9706449062,300.58383686304984,17.3
146500,293.0000000006709,-1940733.308622092,-1545753.8413299753,300.6230425434747,17.3
147000,294.0000000006757,-1938948.3747710623,-1546041.446934007,299.04561088343553,17.3
147500,295.0000000006805,-1939828.4588257242,-1546511.7393057393,299.35750765968044,17.3
148000,296.00000000068525,-1943091.406443501,-1548494.407987079,300.3319414747207,17.3
148500,297.00000000069,-1942153.3585574683,-1548125.7519335244,299.8985713396792,17.3
149000,298.0000000006948,-1940220.7925235908,-1545691.890469613,300.2801125838942,17.3
149500,299.0000000006996,-1939581.9948300105,-1545007.2178978117,300.31502843803116,17.3
150000,300.00000000070435,-1941403.4044470787,-1543046.5825355737,303.1935828006416,17.2
150500,301.0000000007091,-1941414.0901332851,-1547405.0850969215,299.88441347498616,17.2
151000,302.0000000007139,-1940279.8867505565,-1545754.465709567,300.277463148158,17.2
151500,303.00000000071867,-1942437.145365717,-1548816.420845579,299.5888890748232,17.2
152000,304.00000000072345,-1941839.4032085892,-1548609.2408933998,299.2916280572846,17.2
152500,305.0000000007282,-1942823.929492833,-1549302.132721128,299.5135941210635,17.2
153000,306.000000000733,-1942074.9147584662,-1547371.015057629,300.4133051404528,17.2
153500,307.00000000073777,-1941109.534208987,-1548394.6703538704,298.89942895907046,17.2
154000,308.00000000074255,-1942710.4677056894,-1548525.886531766,300.01804632692415,17.2
154500,309.0000000007473,-1938229.5356618892,-1543981.4491514077,300.0663809090349,17.2
155000,310.0000000007521,-1941329.486441534,-1545873.844898048,300.98546379339143,17.2
155500,311.00000000075687,-1941327.4564479794,-1547513.2882695734,299.7361210854085,17.2
156000,312.00000000076164,-1941135.0295024365,-1547092.4205752234,299.90998975108397,17.2
156500,313.0000000007664,-1942744.2945429198,-1547610.63624244,300.7403989478083,17.2
157000,314.0000000007712,-1944380.048807161,-1551026.8259766572,299.3852907146992,17.2
157500,315.00000000077597,-1941611.782885125,-1548243.7578479862,299.3965568304431,17.2
158000,316.00000000078074,-1942838.4210037496,-1549613.3262932296,299.2877710498696,17.2
158500,317.0000000007855,-1942328.3134821076,-1546870.732241311,300.98694011749285,17.2
159000,318.0000000007903,-1942385.4947676416,-1547562.1618541912,300.5042070194864,17.2
159500,319.00000000079507,-1943708.0048500784,-1550431.5465121325,299.32686444897394,17.2
160000,320.00000000079984,-1943819.5471394174,-1549016.9520282492,300.4884232592305,17.2
160500,321.0000000008046,-1942417.863933539,-1546468.414070852,301.3613065185064,17.2
161000,322.0000000008094,-1938612.8773140442,-1544246.7565174592,300.15621805033265,17.2
161500,323.00000000081417,-1940211.215394793,-1547618.5370621772,298.8064322679242,17.2
162000,324.00000000081894,-1941686.4865953606,-1547311.5272364635,300.1629451734213,17.2
162500,325.0000000008237,-1940280.8636127599,-1548356.1570698484,298.2980318866821,17.2
163000,326.0000000008285,-1941759.4389197119,-1546670.7492719204,300.70617283149153,17.2
163500,327.00000000083327,-1939051.3156594578,-1544798.462683985,300.07000871586155,17.2
164000,328.00000000083804,-1941393.6014277562,-1547251.439493856,299.98576059550237,17.2
164500,329.0000000008428,-1940994.2432660423,-1547160.8555233409,299.75074929870397,17.2
165000,330.0000000008476,-1941987.0591982398,-1546168.1662497423,301.261938272765,17.2
165500,331.00000000085237,-1942994.7345446814,-1547457.6467419197,301.04745340119337,17.2
166000,332.00000000085714,-1943134.899230443,-1550653.2089972624,298.7219580536895,17.2
166500,333.0000000008619,-1945322.7210107986,-1550063.2954858018,300.83612171017296,17.2
167000,334.0000000008667,-1941730.8072165195,-1547655.9799652835,299.934511457642,17.2
167500,335.00000000087147,-1943228.0638466235,-1551197.498459199,298.3786021708434,17.2
168000,336.00000000087624,-1942608.208265284,-1547043.4656973016,301.0685017349676,17.2
168500,337.000000000881,-1945717.9420298114,-1554035.3306499512,298.11377070216906,17.2
169000,338.0000000008858,-1943415.2746688705,-1548976.3795587984,300.211607348641,17.2
169500,339.00000000089057,-1944438.2816446181,-1550326.9381138212,299.96230438353587,17.2
170000,340.00000000089534,-1942307.822776055,-1547160.926061374,300.750474844621,17.2
170500,341.0000000009001,-1944896.2121936996,-1550695.0806199429,300.0306430109677,17.2
171000,342.0000000009049,-1942912.8273210377,-1547199.3541325177,301.1817021804791,17.2
171500,343.00000000090967,-1942080.4047499243,-1547532.7057417843,300.29441914415537,17.2
172000,344.00000000091444,-1942702.6189118735,-1548783.6226018704,299.81590688308773,17.2
172500,345.0000000009192,-1945268.4137006905,-1551422.6634033115,299.76015856958634,17.2
173000,346.000000000924,-1941013.673922684,-1546444.4098292617,300.31083255823677,17.2
173500,347.00000000092876,-1942230.2045999058,-1547347.1580851576,300.54965567185906,17.2
174000,348.00000000093354,-1944542.263609564,-1547828.703811364,301.94287865749993,17.2
174500,349.0000000009383,-1942525.7690117713,-1546862.9750070586,301.14312971863893,17.2
175000,350.0000000009431,-1941452.5998388585,-1547766.1050183908,299.6389475447728,17.2
175500,351.00000000094786,-1941615.0626483168,-1549342.5305536725,298.5627655862669,17.2
176000,352.00000000095264,-1940765.590405358,-1546508.4878858596,300.07324308868397,17.2
176500,353.0000000009574,-1944655.8402778488,-1549697.1783461813,300.6072073639846,17.2
177000,354.0000000009622,-1941291.2372705117,-1546636.3677082728,300.375987784331,17.2
177500,355.00000000096696,-1942258.3932530694,-1549008.8367500976,299.30638917835955,17.2
178000,356.00000000097174,-1941650.4066700917,-1548160.7942225523,299.4890982921555,17.2
178500,357.0000000009765,-1942359.853837287,-1547306.6515297121,300.67916304219574,17.2
179000,358.0000000009813,-1938687.3097879663,-1544081.712942768,300.33848579919567,17.2
179500,359.00000000098606,-1943811.7612108272,-1550308.215020308,299.4997034110427,17.2
180000,360.00000000099084,-1942917.7090040054,-1547144.5161799986,301.2271554255368,17.2
180500,361.0000000009956,-1942983.1134402975,-1549386.087285455,299.57085199880186,17.2
181000,362.0000000010004,-1942393.719270248,-1547498.9062052988,300.55861131744217,17.2
181500,363.00000000100516,-1943417.176848812,-1548656.325783214,300.4566514254351,17.2
182000,364.00000000100994,-1941913.1137146335,-1548673.40015577,299.2988976096822,17.2
182500,365.0000000010147,-1941416.568663383,-1548016.7021019543,299.4207917507463,17.2
183000,366.0000000010195,-1942438.524168387,-1547795.5908690225,300.3669029686403,17.2
183500,367.00000000102426,-1941890.4247342888,-1547519.2345939742,300.1600763813649,17.2
184000,368.00000000102904,-1943986.354736451,-1548847.2805180291,300.7445210601324,17.2
184500,369.0000000010338,-1943055.7998152971,-1550754.1692383029,298.58491274838997,17.2
185000,370.0000000010386,-1941680.6839083899,-1548319.8668242495,299.3910707813182,17.2
185500,371.00000000104336,-1942880.456455212,-1548019.1010135682,300.5331463671164,17.2
186000,372.00000000104814,-1944637.7451851014,-1552601.162019114,298.38318236564027,17.2
186500,373.0000000010529,-1942260.2286503408,-1547354.3133369097,300.56706135597364,17.2
187000,374.0000000010577,-1943776.2303607594,-1550562.833597479,299.2788676187249,17.2
187500,375.00000000106246,-1942972.3497095183,-1549286.7520855637,299.6382646790345,17.2
188000,376.00000000106724,-1942062.250223536,-1547819.263930336,300.0624990798164,17.2
188500,377.000000001072,-1942091.4878429826,-1548541.7899911623,299.53482992770427,17.2
189000,378.0000000010768,-1941568.297144115,-1547888.5010823363,299.63384904881264,17.2
189500,379.00000000108156,-1942038.2890070975,-1548158.0498665138,299.78640839226466,17.2
190000,380.00000000108633,-1941111.4213468581,-1548420.9901379212,298.8808330141162,17.2
190500,381.0000000010911,-1942461.1470704377,-1547697.3204985973,300.4589161146498,17.2
191000,382.0000000010959,-1941037.8718716018,-1546936.5276756084,299.954693784249,17.2
191500,383.00000000110066,-1941533.8839254305,-1547760.2616085173,299.70526120216414,17.2
192000,384.00000000110543,-1942270.9983238466,-1545110.0593666532,302.28338365860594,17.2
192500,385.0000000011102,-1940526.6881643292,-1546324.0736413556,300.031771699273,17.2
193000,386.000000001115,-1942319.5600310583,-1549198.097606067,299.2088954232579,17.2
193500,387.00000000111976,-1943059.5103281718,-1550870.7581136383,298.4989998350102,17.2
194000,388.00000000112453,-1940451.3346240707,-1544826.0558656405,301.11457646862686,17.2
194500,389.0000000011293,-1939479.189384926,-1545233.9262711592,300.06423199198736,17.2
195000,390.0000000011341,-1943398.4579876885,-1549132.2740407074,300.08015505901795,17.2
195500,391.00000000113886,-1941028.0914879907,-1543864.2490707529,302.28559351269905,17.2
196000,392.00000000114363,-1940780.299063975,-1545728.1529298285,300.6783591774488,17.2
196500,393.0000000011484,-1942500.5902038086,-1550138.2982276236,298.63108277974544,17.2
197000,394.0000000011532,-1941766.8383404948,-1546765.999146707,300.63930892347,17.2
197500,395.00000000115796,-1942571.7234193683,-1549816.0325251038,298.9305028495967,17.2
198000,396.00000000116273,-1942757.3016959243,-1548025.8678530839,300.4342616666225,17.2
198500,397.0000000011675,-1943251.24639678,-1549156.6270307964,299.9495754451313,17.2
199000,398.0000000011723,-1942535.888924636,-1548166.0064538773,300.15908110026,17.2
199500,399.00000000117706,-1942641.8514801543,-1546516.27608888,301.49535751775585,17.2
200000,400.00000000118183,-1941540.3097389545,-1545915.774608166,301.114010485778,17.2
200500,401.0000000011866,-1939402.9057347123,-1545102.275314473,300.1063726334826,17.2
201000,402.0000000011914,-1942837.2047207896,-1549118.8698909527,299.66318131205395,17.2
201500,403.00000000119616,-1942959.3001815882,-1549232.9883485106,299.66925269343744,17.2
202000,404.00000000120093,-1942194.743645329,-1548216.345356924,299.8611183559848,17.2
202500,405.0000000012057,-1941538.967567401,-1548096.0315994946,299.453572330721,17.2
203000,406.0000000012105,-1944109.8392864782,-1549438.6023344048,300.38844517753245,17.2
203500,407.00000000121526,-1940103.5009532329,-1547216.1948693548,299.03067655993624,17.2
204000,408.00000000122003,-1941465.44574002,-1547984.507798726,299.48249603387126,17.2
204500,409.0000000012248,-1942018.424371833,-1546207.6761444006,301.25573923957455,17.2
205000,410.0000000012296,-1942503.520449577,-1547147.615324887,300.90955335208065,17.2
205500,411.00000000123435,-1943133.7625192255,-1549543.322787541,299.56583900260046,17.2
206000,412.00000000123913,-1944752.8001687098,-1551680.0751740022,299.1718008505248,17.2
206500,413.0000000012439,-1943788.194229601,-1550177.174240272,299.58150285396925,17.2
207000,414.0000000012487,-1946388.1214146912,-1552919.4743135015,299.4731413457077,17.2
207500,415.00000000125345,-1942027.5629703272,-1549478.6000069748,298.77316003885363,17.2
208000,416.00000000125823,-1942680.3186976276,-1548234.9683451112,300.2165205018166,17.2
208500,417.000000001263,-1942749.8023305368,-1549250.8614794228,299.49619823860064,17.2
209000,418.0000000012678,-1942633.5826378316,-1547428.6954913514,300.79461197449604,17.2
209500,419.00000000127255,-1942350.447534103,-1546889.898912736,300.9891986221731,17.2
210000,420.00000000127733,-1942752.0434854105,-1549150.8568134892,299.5740186122752,17.2
210500,421.0000000012821,-1944608.244321065,-1550247.829085743,300.1518754874192,17.2
211000,422.0000000012869,-1945021.439911984,-1549255.9138723304,301.22132015502376,17.2
211500,423.00000000129165,-1943407.0308843292,-1548780.0058261112,300.35479503835296,17.2
212000,424.0000000012964,-1943224.2357467618,-1548781.181953968,300.2147725659657,17.2
212500,425.0000000013012,-1943749.3244774733,-1548708.372345479,300.66983930423044,17.2
213000,426.000000001306,-1942135.3814849425,-1548601.8102482443,299.5225557906784,17.2
213500,427.00000000131075,-1942263.6871055495,-1548660.3224351667,299.57567630989854,17.2
214000,428.0000000013155,-1944970.0854061302,-1550715.0566562992,300.0716647206962,17.2
214500,429.0000000013203,-1941945.3204538915,-1549343.9302442113,298.8130629695333,17.2
215000,430.0000000013251,-1944330.9231335782,-1549028.4957440863,300.8688508832314,17.2
215500,431.00000000132985,-1944699.4076569844,-1549960.7279035563,300.43977660566935,17.2
216000,432.0000000013346,-1943487.653495673,-1548548.5699423414,300.5923060535349,17.2
216500,433.0000000013394,-1945605.1389710829,-1550919.1823875082,300.39964844447013,17.2
217000,434.0000000013442,-1944523.7030030414,-1550466.8391954848,299.92083929100903,17.2
217500,435.00000000134895,-1941392.753881868,-1546853.4159435688,300.2880554456277,17.2
218000,436.0000000013537,-1942200.4949508626,-1547640.4360941367,300.3038263554029,17.2
218500,437.0000000013585,-1946374.155484695,-1551111.3609767198,300.83868587868574,17.2
219000,438.0000000013633,-1944333.2476253696,-1550082.1199011041,300.0686956089533,17.2
219500,439.00000000136805,-1941966.856817983,-1547108.7758460627,300.53065413363976,17.2
220000,440.0000000013728,-1943154.6096752342,-1549634.2700428022,299.51248507697886,17.2
220500,441.0000000013776,-1943138.4926373903,-1548993.4096886925,299.9879838107034,17.2
221000,442.0000000013824,-1943709.765084343,-1549440.6802547064,300.0823629514331,17.2
221500,443.00000000138715,-1940689.9936239459,-1547335.3271389182,299.38638949539876,17.2
222000,444.0000000013919,-1941037.5996381734,-1547510.5613302384,299.51758350962547,17.2
222500,445.0000000013967,-1942916.5037029795,-1548354.6412765663,300.3051990713332,17.2
223000,446.0000000014015,-1944366.4407179095,-1549393.2276658807,300.6182823753147,17.2
223500,447.00000000140625,-1944796.8027816117,-1550147.4096283126,300.3718196316699,17.2
224000,448.000000001411,-1942214.9742049482,-1548007.755292598,300.03527614863833,17.2
224500,449.0000000014158,-1941129.6322908606,-1546840.9606396016,300.0972706881573,17.2
225000,450.0000000014206,-1942105.4685279336,-1546270.0155370135,301.274542295885,17.2
225500,451.00000000142535,-1943281.017741302,-1547714.2639429597,301.07003250362794,17.2
226000,452.0000000014301,-1943367.970677143,-1548554.6900285478,300.4965561345785,17.2
226500,453.0000000014349,-1942155.0186359994,-1547055.8425066108,300.7141542033459,17.2
227000,454.0000000014397,-1942915.9019530825,-1548364.7872531472,300.29701886324193,17.2
227500,455.00000000144445,-1941856.6273730043,-1548013.2025638036,299.75838861598265,17.2
228000,456.0000000014492,-1942472.4770757183,-1548496.2698367806,299.8594507251032,17.2
228500,457.000000001454,-1943432.569263624,-1549777.4315457807,299.6150813229135,17.2
229000,458.0000000014588,-1940799.3666867912,-1545797.3116205335,300.6402343368433,17.2
229500,459.00000000146355,-1941600.1574164722,-1546794.3465116976,300.49087083369494,17.2
230000,460.0000000014683,-1940708.806398658,-1546655.748003946,299.91794295111754,17.2
230500,461.0000000014731,-1944375.390357498,-1550260.649292299,299.96489028283867,17.2
231000,462.0000000014779,-1943899.6924030874,-1549044.6100664528,300.52837184066567,17.2
231500,463.00000000148265,-1944065.2723058593,-1548439.8461082855,301.11468868611564,17.2
232000,464.0000000014874,-1943376.9764137939,-1549583.5240184693,299.7203540841988,17.2
232500,465.0000000014922,-1943516.2822618037,-1551122.3558681707,298.65516006884485,17.2
233000,466.00000000149697,-1945106.6906111445,-1552373.8566657058,298.91310618453366,17.2
233500,467.00000000150175,-1941977.4765054584,-1548182.8839263897,299.7212218900838,17.2
234000,468.0000000015065,-1942489.7236083355,-1547983.4845380296,300.2628635477574,17.2
234500,469.0000000015113,-1942765.500139188,-1546755.2072562564,301.4076147835635,17.2
235000,470.00000000151607,-1943560.0516340602,-1551281.8414861588,298.5670872125468,17.2
235500,471.00000000152085,-1942932.5629031714,-1548062.2544119928,300.5399606276389,17.2
236000,472.0000000015256,-1942714.3020991217,-1548162.4669255228,300.2975672233536,17.2
236500,473.0000000015304,-1941384.8239486646,-1545636.1370557281,301.20850370267834,17.2
237000,474.00000000153517,-1942817.8045404684,-1548679.8213744243,299.98258009116967,17.2
237500,475.00000000153995,-1942592.5794455893,-1548415.9164008067,300.0120197552397,17.2
238000,476.0000000015447,-1940559.979666924,-1543601.01100341,302.1296619357894,17.2
238500,477.0000000015495,-1941664.120281322,-1546920.4168622664,300.4436001706157,17.2
239000,478.00000000155427,-1943333.3327128906,-1549170.8188411128,300.0012506702862,17.2
239500,479.00000000155904,-1943469.4393739346,-1551057.460602549,298.66889992413996,17.2
240000,480.0000000015638,-1944545.5864130463,-1550157.708958954,300.1727772720569,17.2
240500,481.0000000015686,-1941682.1655564178,-1546287.5758489894,300.93899659641454,17.2
241000,482.00000000157337,-1946812.2307057455,-1552745.1022648076,299.92865181184425,17.2
241500,483.00000000157814,-1943524.4242435899,-1550439.5680108783,299.18103406384495,17.2
242000,484.0000000015829,-1944938.6504666582,-1551783.4920704907,299.23454178266473,17.2
242500,485.0000000015877,-1944258.4470437765,-1550031.4809466226,300.05030593947293,17.3
243000,486.00000000159247,-1943168.1446877066,-1548174.2624488869,300.63401391159584,17.3
243500,487.00000000159724,-1944596.901400134,-1550885.057611466,299.65824091209123,17.3
244000,488.000000001602,-1944527.8635903597,-1551819.2888631616,298.89464223741436,17.3
244500,489.0000000016068,-1943862.6736242957,-1551189.886346594,298.86740403177765,17.3
245000,490.00000000161157,-1943819.904998254,-1549640.5005246927,300.0141062856257,17.3
245500,491.00000000161634,-1943168.3651430514,-1549453.0851450856,299.66085624726566,17.3
246000,492.0000000016211,-1941282.8693601005,-1547634.0935866153,299.6102391798965,17.3
246500,493.0000000016259,-1943523.3274938315,-1549056.5216303465,300.2328505177307,17.3
247000,494.00000000163067,-1942192.8516181018,-1548256.9070419557,299.82880638738015,17.3
247500,495.00000000163544,-1943782.4317302108,-1550620.1039295467,299.23999849211793,17.3
248000,496.0000000016402,-1943081.548335826,-1549577.9995233277,299.4997054066588,17.3
248500,497.000000001645,-1942845.2826848533,-1547647.8159324306,300.7889642342383,17.3
249000,498.00000000164977,-1944134.331749618,-1549010.5145904138,300.7329087512857,17.3
249500,499.00000000165454,-1942723.3868438695,-1548280.2053884226,300.2148697313589,17.3
250000,500.0000000016593,-1943940.2908969317,-1548999.3499130604,300.59371976352827,17.3
250500,501.0000000016641,-1944567.8361616638,-1549864.655001918,300.41275825124205,17.3
251000,502.00000000166887,-1942843.0178541318,-1548475.9089055283,300.1569701432664,17.3
251500,503.00000000167364,-1947150.3709462527,-1552229.8554547639,300.5781737056343,17.3
252000,504.0000000016784,-1943479.0215750802,-1549225.3037737363,300.0706669439624,17.3
252500,505.0000000016832,-1944266.4049576763,-1549310.5937594161,300.60503764069176,17.3
253000,506.00000000168797,-1942113.5938698947,-1547853.9874863515,300.07514880604293,17.3
253500,507.00000000169274,-1941917.3039449044,-1548226.6980032066,299.6420765625441,17.3
254000,508.0000000016975,-1940506.1906319652,-1547017.532089287,299.488372265095,17.3
254500,509.0000000017023,-1942259.290271733,-1547349.376933059,300.570104295195,17.3
255000,510.00000000170706,-1941152.013814045,-1546704.3442803225,300.2182856551172,17.3
255500,511.00000000171184,-1942897.013814045,-1547596.9103024695,300.8670821552149,17.3
256000,512.0000000017166,-1942880.060362149,-1549023.2376051687,299.76858593548616,17.3
256500,513.0000000016929,-1944619.5195483807,-1550947.117573657,299.62822133109216,17.3
257000,514.0000000016693,-1941152.08604962,-1547105.8058656477,299.9127839833628,17.3
257500,515.0000000016456,-1943962.8261814173,-1550089.4512329889,299.78118398314683,17.3
258000,516.000000001622,-1943057.4610285163,-1548924.7808463122,299.978543934183,17.3
258500,517.0000000015983,-1944155.8702072091,-1550837.334404604,299.35889005155803,17.3
259000,518.0000000015747,-1942117.887879381,-1549247.2320518577,299.01800387403983,17.3
259500,519.000000001551,-1942490.4464446716,-1548272.91316944,300.04312651912085,17.3
260000,520.0000000015274,-1941821.4797547515,-1545763.2941807606,301.44406641635476,17.3
260500,521.0000000015037,-1941565.2344431765,-1547958.7016644455,299.5780875906095,17.3
261000,522.0000000014801,-1941714.5523015521,-1547782.6207238752,299.8257520518782,17.3
261500,523.0000000014564,-1943457.4977063704,-1549570.8770794608,299.7912654088798,17.3
262000,524.0000000014328,-1940253.0161494035,-1546058.417660168,300.02567061136585,17.3
262500,525.0000000014091,-1942387.2844992168,-1548480.3116833873,299.8067556747346,17.3
263000,526.0000000013855,-1943845.8759953827,-1549820.9341020489,299.8965431850791,17.3
263500,527.0000000013619,-1943281.8628840987,-1547055.5043745413,301.57206461309664,17.2
264000,528.0000000013382,-1943673.384460872,-1548624.705464461,300.6757203023143,17.2
264500,529.0000000013146,-1944275.8420966603,-1549594.7841898403,300.3959200098744,17.2
265000,530.0000000012909,-1944131.1475209873,-1549251.6323626582,300.5469679192065,17.2
265500,531.0000000012673,-1946261.3070404548,-1553404.027982446,299.0078226735374,17.2
266000,532.0000000012436,-1944578.7406469658,-1550280.109643135,300.1048508565454,17.2
266500,533.00000000122,-1944403.013733551,-1551950.459908018,298.6997820262218,17.2
267000,534.0000000011963,-1942767.8153206464,-1548264.1545440285,300.2609011812113,17.2
267500,535.0000000011727,-1941642.2527608052,-1547345.642708127,300.1033126892871,17.2
268000,536.000000001149,-1942059.7526293993,-1548553.3954917046,299.5018428526146,17.2
268500,537.0000000011254,-1940766.9817104395,-1547468.2964599356,299.3437815867821,17.2
269000,538.0000000011017,-1943696.999875525,-1549832.0856426286,299.7747444432315,17.2
269500,539.0000000010781,-1944484.8213514406,-1552835.604801367,298.08835354465333,17.2
270000,540.0000000010544,-1943835.4084906727,-1549880.1316183424,299.84352040210644,17.2
270500,541.0000000010308,-1943932.8709699176,-1550869.7546609342,299.1644875783766,17.2
271000,542.0000000010072,-1945137.746878542,-1551480.4566368032,299.61671963157545,17.2
271500,543.0000000009835,-1943737.910843961,-1548387.0105484792,300.90574412373195,17.2
272000,544.0000000009599,-1944404.6501095314,-1550226.423274923,300.01320997218556,17.2
272500,545.0000000009362,-1943815.1254848335,-1549982.0133036969,299.7505395658877,17.2
273000,546.0000000009126,-1940590.2390432544,-1546540.0195756627,299.9157822137143,17.2
273500,547.0000000008889,-1943526.2820406333,-1549220.4892533447,300.1103017655455,17.2
274000,548.0000000008653,-1942067.7678689174,-1548461.824334687,299.5776391103991,17.2
274500,549.0000000008416,-1942392.0873161033,-1547968.4951668405,300.1999601036084,17.2
275000,550.000000000818,-1943028.4171363357,-1548684.8436763126,300.1390570344325,17.2
275500,551.0000000007943,-1942920.0850640014,-1547383.1612533783,301.04732858504536,17.2
276000,552.0000000007707,-1940896.9752482325,-1546774.7987433893,299.9705494744512,17.2
276500,553.000000000747,-1943646.0077498425,-1549518.3497195183,299.974721521366,17.2
277000,554.0000000007234,-1943123.0597750824,-1548315.3540211513,300.4923130233927,17.2
277500,555.0000000006997,-1944663.903703194,-1550768.774418166,299.7977414384038,17.2
278000,556.0000000006761,-1943393.1787100118,-1549692.0889988893,299.6500558701354,17.2
278500,557.0000000006524,-1945710.0063790213,-1549602.2627766093,301.48178555499396,17.2
279000,558.0000000006288,-1943509.8686223757,-1548405.3542153095,300.7182172228451,17.2
279500,559.0000000006052,-1943875.4114909228,-1549322.1430353532,300.29865810939333,17.2
280000,560.0000000005815,-1941303.0154442564,-1545830.3140523308,300.99844822414786,17.2
280500,561.0000000005579,-1943271.5087623652,-1548200.306076135,300.69286332042896,17.2
281000,562.0000000005342,-1943652.7695391271,-1550534.0591845482,299.20680079341236,17.2
281500,563.0000000005106,-1943892.6438206304,-1550540.028371217,299.38482843053896,17.2
282000,564.0000000004869,-1943678.4383991621,-1550161.9025144558,299.50959000442685,17.2
282500,565.0000000004633,-1940720.586773498,-1546441.8512244355,300.0897082158754,17.2
283000,566.0000000004396,-1941484.604881458,-1548503.577904204,299.1020085213409,17.2
283500,567.000000000416,-1940460.0516744647,-1549279.0240689942,297.7320099960209,17.2
284000,568.0000000003923,-1942601.5701433755,-1547365.7134113358,300.8181832530262,17.2
284500,569.0000000003687,-1945057.0731036942,-1549595.6977710612,300.9898278408458,17.2
285000,570.000000000345,-1942930.1096639857,-1546822.7931951145,301.4814604591465,17.2
285500,571.0000000003214,-1945809.8041682988,-1551387.8317005977,300.1987273468721,17.2
286000,572.0000000002977,-1944371.9271497168,-1550199.5966520153,300.0087222079154,17.2
286500,573.0000000002741,-1942959.950163545,-1548705.7779431106,300.0710128071299,17.2
287000,574.0000000002505,-1944275.7301555313,-1551729.1929106168,298.7713137989412,17.2
287500,575.0000000002268,-1944673.4575589467,-1549588.9823009316,300.70296521493924,17.2
288000,576.0000000002032,-1943031.0559524707,-1548640.7633750578,300.174615447914,17.2
288500,577.0000000001795,-1943376.032113066,-1548663.23431752,300.42007757427706,17.2
289000,578.0000000001559,-1945086.168846758,-1550958.7148397034,299.97456623710156,17.2
289500,579.0000000001322,-1945070.5101421364,-1551235.5967445213,299.7519104907657,17.2
290000,580.0000000001086,-1942647.9714384135,-1548139.3890326144,300.264647085141,17.2
290500,581.0000000000849,-1944377.4169429895,-1550055.4143844512,300.12263919357804,17.2
291000,582.0000000000613,-1943466.4756910224,-1550222.4646217974,299.30216849018905,17.2
291500,583.0000000000376,-1945709.217785338,-1551169.7985418094,300.28811732789615,17.2
292000,584.000000000014,-1942585.3864666447,-1548024.9782245725,300.3040922762786,17.2
292500,584.9999999999903,-1943088.7833920233,-1549836.4924325831,299.3084704020466,17.2
293000,585.9999999999667,-1944361.986503344,-1549934.966291328,300.2025692383616,17.2
293500,586.999999999943,-1945581.117922794,-1550665.1742749023,300.57469402720545,17.2
294000,587.9999999999194,-1941262.827945238,-1547657.7633723235,299.57697012366197,17.2
294500,588.9999999998957,-1944736.9757282417,-1549840.3673195757,300.55997777249934,17.2
295000,589.9999999998721,-1945751.0051919743,-1551473.589931822,300.0887033300471,17.2
295500,590.9999999998485,-1943523.1989662964,-1549202.1871052128,300.121885163286,17.2
296000,591.9999999998248,-1942960.7056374066,-1550640.3070387114,298.59919728784956,17.2
296500,592.9999999998012,-1942858.694630595,-1548819.7224507844,299.9072217842411,17.2
297000,593.9999999997775,-1944766.5855273642,-1550534.6206594568,300.05411055666775,17.2
297500,594.9999999997539,-1944481.120330561,-1550292.1465584105,300.02138957980964,17.2
298000,595.9999999997302,-1942232.4465113282,-1548392.341301025,299.7558620342153,17.2
298500,596.9999999997066,-1943642.9593145624,-1550407.9203288017,299.2953397427418,17.2
299000,597.9999999996829,-1944279.3568032216,-1550439.341591592,299.7557935352745,17.2
299500,598.9999999996593,-1944882.29407241,-1553015.7591574413,298.2537568465091,17.2
300000,599.9999999996356,-1944163.779110631,-1550668.1351519362,299.4936889389735,17.2
300500,600.999999999612,-1943465.578696832,-1549440.5021453586,299.8966456748109,17.2
301000,601.9999999995883,-1945832.7656529527,-1551082.0777289635,300.4489161510595,17.2
301500,602.9999999995647,-1943342.1180514283,-1548612.34690139,300.43299617357707,17.2
302000,603.999999999541,-1943622.0369929224,-1549510.4125710647,299.9625181726876,17.2
302500,604.9999999995174,-1942315.468370622,-1548564.6003338685,299.6879426793069,17.2
303000,605.9999999994938,-1942927.1598797534,-1548780.0231418242,299.98954697137026,17.2
303500,606.9999999994701,-1941427.8302711248,-1547556.196218094,299.7798589692801,17.2
304000,607.9999999994465,-1941618.4190285262,-1546259.2131246636,300.9120656099568,17.2
304500,608.9999999994228,-1944715.0029521026,-1550100.4230881059,300.34532286964105,17.2
305000,609.9999999993992,-1944031.5015308708,-1550764.0457022055,299.3200125441166,17.2
305500,610.9999999993755,-1943224.0523819905,-1547385.5214477903,301.2768849510107,17.2
306000,611.9999999993519,-1943516.5929541439,-1549905.7919806559,299.5813361587005,17.2
306500,612.9999999993282,-1946499.9393408634,-1550467.1512819931,301.4247360994626,17.2
307000,613.9999999993046,-1943428.8625153136,-1550872.7640786564,298.77859092291845,17.2
307500,614.9999999992809,-1942924.9796560835,-1548081.9236926464,300.51921844105686,17.2
308000,615.9999999992573,-1944634.5128295925,-1549061.4627549509,301.0748246659922,17.2
308500,616.9999999992336,-1944102.253248142,-1550824.4433589517,299.32789312889514,17.2
309000,617.99999999921,-1944208.806689093,-1550644.6360166273,299.5458453442939,17.2
309500,618.9999999991863,-1943929.3969963305,-1550111.0573150949,299.7392960602526,17.2
310000,619.9999999991627,-1942821.244487377,-1549747.0738875475,299.17290111584487,17.2
310500,620.999999999139,-1946453.9708978776,-1551140.320760672,300.87739263500015,17.2
311000,621.9999999991154,-1944042.0587646794,-1550986.4508278905,299.15877287702983,17.2
311500,622.9999999990918,-1944975.5755637102,-1549272.0956857002,301.1740961663458,17.2
312000,623.9999999990681,-1945650.9851893727,-1552414.6309969362,299.29634076042805,17.2
312500,624.9999999990445,-1944082.3161689583,-1551486.1939679314,298.8090534325303,17.2
313000,625.9999999990208,-1945109.183885986,-1552085.781158309,299.13426115236894,17.2
313500,626.9999999989972,-1944417.936279621,-1550744.0058597242,299.6293846468498,17.2
314000,627.9999999989735,-1945016.5036503077,-1549717.1276728662,300.8665284213045,17.2
314500,628.9999999989499,-1943719.3835625295,-1550488.5937519295,299.2921056506665,17.2
315000,629.9999999989262,-1945196.7884250488,-1552864.7640889776,298.60804575930496,17.2
315500,630.9999999989026,-1943857.1765318066,-1550810.3637949713,299.15207875749013,17.2
316000,631.9999999988789,-1944349.644397121,-1550154.4800162965,300.0261013174285,17.2
316500,632.9999999988553,-1942066.4959688075,-1548483.6297549624,299.56007471821556,17.2
317000,633.9999999988316,-1944463.5980858225,-1550856.527832882,299.57849666790474,17.2
317500,634.999999998808,-1943445.9370963648,-1549632.4085445656,299.7356342588452,17.2
318000,635.9999999987843,-1941522.0663206484,-1546809.1177036276,300.4201923660939,17.2
318500,636.9999999987607,-1944745.5997472368,-1550477.388546954,300.08169802290877,17.2
319000,637.999999998737,-1945108.316675514,-1550667.155173224,300.21333232368545,17.2
319500,638.9999999987134,-1943772.198172778,-1550090.687599533,299.63515398159046,17.2
320000,639.9999999986898,-1944193.2612676267,-1551571.4181963834,298.8286298583996,17.2
320500,640.9999999986661,-1940992.862149056,-1545780.6084753245,300.8002187161591,17.2
321000,641.9999999986425,-1940121.7745369393,-1545313.1669441953,300.4929994224345,17.2
321500,642.9999999986188,-1946634.2413644455,-1551576.7435119268,300.68243242680256,17.2
322000,643.9999999985952,-1942536.2360273972,-1547791.051756286,300.4447272627494,17.2
322500,644.9999999985715,-1943285.5097423382,-1549441.020807037,299.75919853359227,17.2
323000,645.9999999985479,-1944957.7591088451,-1552707.4091261798,298.54588254665254,17.2
323500,646.9999999985242,-1945527.1264763437,-1550764.8158226644,300.4577623333333,17.2
324000,647.9999999985006,-1946657.1340844482,-1552457.26966606,300.0296785656389,17.2
324500,648.9999999984769,-1945133.1709953845,-1551574.621742192,299.5415668227371,17.2
325000,649.9999999984533,-1945295.6626877151,-1549716.368663093,301.07957700224256,17.2
325500,650.9999999984296,-1944969.1901784465,-1548885.467471389,301.4635029979395,17.2
326000,651.999999998406,-1944755.5778654497,-1551979.102443849,298.94632217278445,17.2
326500,652.9999999983823,-1944147.3656773604,-1550168.8384416597,299.86121649913287,17.2
327000,653.9999999983587,-1944693.0069919657,-1550472.701950688,300.0452361395216,17.2
327500,654.999999998335,-1944339.7835488264,-1549743.1823277832,300.33163913468013,17.2
328000,655.9999999983114,-1941785.1408786625,-1548814.7763544612,299.09389321575384,17.2
328500,656.9999999982878,-1941969.1509209145,-1546045.5104099868,301.34166274840067,17.2
329000,657.9999999982641,-1946143.121797286,-1553975.9601406204,298.482567033475,17.2
329500,658.9999999982405,-1943547.4797285944,-1550402.1060321708,299.2270945443881,17.2
330000,659.9999999982168,-1941781.7609943114,-1548005.0345472554,299.7076237883878,17.2
330500,660.9999999981932,-1945177.7538904902,-1550871.263384584,300.11083280655146,17.2
331000,661.9999999981695,-1944302.803182952,-1550322.652785088,299.862451904992,17.2
331500,662.9999999981459,-1944498.9618845303,-1549821.0508648793,300.393524880827,17.2
332000,663.9999999981222,-1943025.976088198,-1550861.4267916135,298.48057873863735,17.2
332500,664.9999999980986,-1944078.5478536934,-1549717.4377343536,300.1524043709812,17.2
333000,665.9999999980749,-1944731.9189183135,-1550243.483165505,300.24931325485187,17.2
333500,666.9999999980513,-1941288.0941728354,-1546440.8836458614,300.52238052322645,17.2
334000,667.9999999980276,-1942290.1806724481,-1548175.289987289,299.96500416016977,17.2
334500,668.999999998004,-1944879.1091883462,-1552098.1440253288,298.94973936237704,17.2
335000,669.9999999979804,-1944095.9441055432,-1551565.6197978493,298.75897396125475,17.2
335500,670.9999999979567,-1943044.0112775117,-1547529.1575733947,301.03053079397887,17.2
336000,671.9999999979331,-1944719.7354840674,-1551047.2295688365,299.62830044130953,17.2
336500,672.9999999979094,-1945224.4746956434,-1550977.711395285,300.06537379984024,17.2
337000,673.9999999978858,-1943964.633193167,-1550612.273298717,299.3846339249582,17.2
337500,674.9999999978621,-1944798.3652867079,-1551559.0424993432,299.29860018936876,17.2
338000,675.9999999978385,-1943447.9937347174,-1549864.4191324266,299.5606138801404,17.2
338500,676.9999999978148,-1944327.3240976855,-1549724.3510611956,300.3364887906868,17.2
339000,677.9999999977912,-1943244.4440784808,-1551218.5113530715,298.3750762028744,17.2
339500,678.9999999977675,-1941664.6884370968,-1547921.7721040319,299.68189055367947,17.2
340000,679.9999999977439,-1941091.2265524734,-1546781.8193923037,300.113052702904,17.2
340500,680.9999999977202,-1942058.267410798,-1546696.2440327997,300.914210019267,17.2
341000,681.9999999976966,-1944499.879461879,-1551991.8586202618,298.74199855775544,17.2
341500,682.999999997673,-1943450.106197821,-1549632.13636277,299.7390145664168,17.2
342000,683.9999999976493,-1942836.2193992175,-1547479.7249798577,300.9100018704754,17.2
342500,684.9999999976257,-1941377.6579016969,-1546323.4808588594,300.6799049234949,17.2
343000,685.999999997602,-1944354.7825854942,-1550997.1508729877,299.3886463613382,17.2
343500,686.9999999975784,-1944023.0350021888,-1551157.8738352018,299.0138218298959,17.2
344000,687.9999999975547,-1945304.7469153665,-1552384.117012973,299.0560396700237,17.2
344500,688.9999999975311,-1945783.0953994412,-1550245.632356098,301.04773900076157,17.2
345000,689.9999999975074,-1944043.949960418,-1549387.8425465082,300.3769299263062,17.2
345500,690.9999999974838,-1942779.5209855959,-1548188.9585810855,300.32704292766226,17.2
346000,691.9999999974601,-1943715.46663462,-1548425.0696440344,300.8596944196131,17.2
346500,692.9999999974365,-1942575.582903074,-1549541.0192237769,299.1427558704786,17.2
347000,693.9999999974128,-1940638.145059945,-1546745.0629177308,299.7961833363955,17.2
347500,694.9999999973892,-1941647.0012592915,-1546848.8456111676,300.4850443370379,17.2
348000,695.9999999973655,-1944177.9077322986,-1549238.4713978232,300.5925745589879,17.2
348500,696.9999999973419,-1942305.630395826,-1549037.3800191972,299.3206172829601,17.2
349000,697.9999999973182,-1943273.8369700834,-1551138.081305068,298.458663601662,17.2
349500,698.9999999972946,-1945610.0115298964,-1550196.6182241444,300.95330821361716,17.2
350000,699.999999997271,-1946173.243398279,-1550945.3460990272,300.81212524469976,17.2
350500,700.9999999972473,-1943909.625857139,-1549844.8521883532,299.92685956989874,17.2
351000,701.9999999972237,-1945629.94813193,-1551188.5474146882,300.21351439271086,17.2
351500,702.9999999972,-1944803.2370751705,-1549962.1092832764,300.51775088933897,17.2
352000,703.9999999971764,-1943792.2998268958,-1549451.4746703408,300.1369652716478,17.2
352500,704.9999999971527,-1947339.3832163215,-1553636.8356831656,299.65116543387603,17.2
353000,705.9999999971291,-1943911.5866448954,-1548574.1615999134,300.89548796831184,17.2
353500,706.9999999971054,-1943411.1245757695,-1551235.833132257,298.48875470007425,17.2
354000,707.9999999970818,-1941812.6759137306,-1547507.956428629,300.1094848639196,17.2
354500,708.9999999970581,-1943511.7174596153,-1548571.1222129366,300.59345661930104,17.2
355000,709.9999999970345,-1943799.068598168,-1548882.3700723834,300.5752685727394,17.2
355500,710.9999999970108,-1942498.744998755,-1547678.6767090205,300.50172227990987,17.2
356000,711.9999999969872,-1942930.3650833908,-1549770.7449901353,299.23793762742275,17.2
356500,712.9999999969635,-1942448.7875834145,-1547908.8419702668,300.28851795337056,17.2
357000,713.9999999969399,-1944525.6806007717,-1551018.78293357,299.502254255329,17.2
357500,714.9999999969162,-1943112.2239878178,-1550626.0539008682,298.7253677176889,17.2
358000,715.9999999968926,-1944430.584464876,-1548651.4779467694,301.2316564005499,17.2
358500,716.999999996869,-1944340.4742214978,-1549977.1612197114,300.15408100806826,17.2
359000,717.9999999968453,-1944519.9892926197,-1548605.8374400903,301.3344408303176,17.2
359500,718.9999999968217,-1944318.1952478234,-1550153.6568035344,300.0027915937988,17.2
360000,719.999999996798,-1943534.494694829,-1548302.1481307426,300.8155116271384,17.2
360500,720.9999999967744,-1945814.538677713,-1552975.2253887057,298.99414873707696,17.2
361000,721.9999999967507,-1946192.4291478023,-1552495.0335651487,299.6472442299571,17.2
361500,722.9999999967271,-1944714.3276464809,-1548805.5478370893,301.3303521115699,17.2
362000,723.9999999967034,-1943333.512627907,-1548013.2773506795,300.8824046545934,17.2
362500,724.9999999966798,-1945454.6741593592,-1551611.8424924281,299.75793716913915,17.2
363000,725.9999999966561,-1943420.741428351,-1549971.7967294448,299.45814563932197,17.2
363500,726.9999999966325,-1943420.731950583,-1547363.677966303,301.44320515147905,17.2
364000,727.9999999966088,-1943188.9214267898,-1548720.1067412812,300.2343794533811,17.2
364500,728.9999999965852,-1944339.5327529162,-1549536.1850548233,300.48899606108426,17.2
365000,729.9999999965615,-1942279.5602883343,-1547102.325912866,300.7735651585354,17.2
365500,730.9999999965379,-1942893.2474189997,-1548944.0850384512,299.8388665978575,17.2
366000,731.9999999965142,-1943428.8423352,-1549271.3453309124,299.9974322794738,17.2
366500,732.9999999964906,-1943205.2825323232,-1548930.0465481093,300.0870446601226,17.2
367000,733.999999996467,-1944137.127315566,-1550431.0493640022,299.65385247259854,17.2
367500,734.9999999964433,-1944716.10432267,-1550041.3471607326,300.39112444642444,17.2
368000,735.9999999964197,-1942538.0115778241,-1549640.8411373093,299.03818442591506,17.2
368500,736.999999996396,-1942681.478871094,-1547178.576342986,301.0214346277443,17.2
369000,737.9999999963724,-1940897.9055016916,-1547120.2832372396,299.70830560446547,17.2
369500,738.9999999963487,-1943959.997310575,-1547441.358753463,301.794522043031,17.2
370000,739.9999999963251,-1944700.8635966312,-1551331.2026152667,299.39780196486487,17.2
370500,740.9999999963014,-1942966.9855139405,-1548023.9315855892,300.5953279478794,17.2
371000,741.9999999962778,-1944385.9538930692,-1550753.5154574222,299.5978046595866,17.2
371500,742.9999999962541,-1941550.320092069,-1546360.6315386447,300.7830441648625,17.2
372000,743.9999999962305,-1942865.364218263,-1548994.0205543074,299.77963795108917,17.2
372500,744.9999999962068,-1942008.4292913675,-1548430.019894576,299.5566825877034,17.2
373000,745.9999999961832,-1942732.278830761,-1548014.0568448233,300.42420598284997,17.2
373500,746.9999999961595,-1943630.733400043,-1548378.5634903566,300.83059938475924,17.2
374000,747.9999999961359,-1943859.2175313123,-1550234.6037025377,299.591849268688,17.2
374500,748.9999999961123,-1946038.7845259607,-1551040.237649757,300.6375642163556,17.2
375000,749.9999999960886,-1944820.2854114678,-1551442.718279815,299.40381941931815,17.2
375500,750.999999996065,-1943806.8437741417,-1549763.3495839664,299.91066353407064,17.2
376000,751.9999999960413,-1943641.0064122751,-1550470.1752752983,299.24647047115945,17.2
376500,752.9999999960177,-1942281.8890314996,-1547272.7357764184,300.645636843296,17.2
377000,753.999999995994,-1943965.0188134946,-1550975.5109804594,299.1084633902124,17.2
377500,754.9999999959704,-1941313.372228507,-1547242.67265132,299.9313698413455,17.2
378000,755.9999999959467,-1942909.1406630967,-1547595.6592233353,300.87726423759443,17.2
378500,756.9999999959231,-1942959.7160621528,-1549388.6963250602,299.55105823969024,17.2
379000,757.9999999958994,-1943079.147461772,-1550509.7796853185,298.78869035752825,17.2
379500,758.9999999958758,-1943772.3200762495,-1548970.0457208643,300.4881791286177,17.2
380000,759.9999999958521,-1942912.1251437124,-1548532.7086833937,300.1663375203691,17.2
380500,760.9999999958285,-1943149.3507497609,-1549627.0141632594,299.51400497980404,17.2
381000,761.9999999958048,-1944053.400076341,-1550262.8332755454,299.7181578277381,17.2
381500,762.9999999957812,-1942121.3726020716,-1548093.6889191335,299.8986299900933,17.2
382000,763.9999999957575,-1944903.8167968262,-1550460.925424539,300.2146489460034,17.2
382500,764.9999999957339,-1942222.6415566336,-1549787.036898512,298.6868818359647,17.3
383000,765.9999999957103,-1941120.4423594736,-1547005.649293337,299.96492986130124,17.3
383500,766.9999999956866,-1942532.7114533503,-1548948.0681645542,299.5614272687222,17.2
384000,767.999999995663,-1943914.288431136,-1548335.8117244148,301.0789549329594,17.2
384500,768.9999999956393,-1944638.119706098,-1549478.7276836555,300.7599851552773,17.2
385000,769.9999999956157,-1945489.1992546916,-1550420.541126219,300.6909266306553,17.2
385500,770.999999995592,-1942261.9843716417,-1547914.7929433987,300.14181070824117,17.2
386000,771.9999999955684,-1943704.7631534077,-1549491.9266464016,300.03955175923846,17.2
386500,772.9999999955447,-1943583.1348791085,-1549265.7619176726,300.1191155583466,17.3
387000,773.9999999955211,-1942534.1223914418,-1548099.5753678887,300.2082979740867,17.3
387500,774.9999999954974,-1942336.9592057932,-1548590.0354617308,299.68494063649797,17.3
388000,775.9999999954738,-1942723.1640754677,-1550016.3740575376,298.89328387634856,17.3
388500,776.9999999954501,-1945016.7496429645,-1550719.8557318682,300.10352873692585,17.3
389000,777.9999999954265,-1943568.421186272,-1550028.2006176962,299.5276166673706,17.2
389500,778.9999999954028,-1945000.7623683363,-1547457.6993191887,302.57422233925934,17.3
390000,779.9999999953792,-1942265.7458590958,-1547288.6067780799,300.62127051742584,17.3
390500,780.9999999953556,-1943553.591381915,-1550837.1509780444,298.90062888697156,17.3
391000,781.9999999953319,-1944446.2282809634,-1549287.565704157,300.7594299665024,17.3
391500,782.9999999953083,-1942279.9420488868,-1548498.7605340206,299.71101458753236,17.3
392000,783.9999999952846,-1941925.5030709412,-1546988.4197471833,300.5907836576889,17.3
392500,784.999999995261,-1944344.3529045135,-1550056.192694235,300.0968814250276,17.2
393000,785.9999999952373,-1945427.793032555,-1552099.139270519,299.366590937301,17.3
393500,786.9999999952137,-1941078.6284270938,-1545267.6861839322,301.2558869069944,17.2
394000,787.99999999519,-1944629.8960152194,-1549696.558892776,300.58793238431804,17.2
394500,788.9999999951664,-1943209.1254586447,-1548509.0859752963,300.4103670881678,17.2
395000,789.9999999951427,-1942128.2947796732,-1548425.2851915853,299.65151710876285,17.2
395500,790.9999999951191,-1943866.3845409416,-1549833.9280860417,299.90226259722186,17.2
396000,791.9999999950954,-1943502.616771359,-1548506.4507403006,300.6357521299798,17.2
396500,792.9999999950718,-1943152.5428191181,-1548788.9628661382,300.1542841874399,17.2
397000,793.9999999950481,-1944743.200406257,-1549757.5070199252,300.6277812895137,17.2
397500,794.9999999950245,-1945568.959100647,-1551265.510016658,300.1085179482204,17.2
398000,795.9999999950008,-1946683.6387108583,-1553224.76895976,299.4656997013289,17.2
398500,796.9999999949772,-1943546.4477661867,-1550278.8696112302,299.3201056479482,17.2
399000,797.9999999949536,-1941860.028207818,-1547086.0831909422,300.46661736999175,17.2
399500,798.9999999949299,-1942107.7346426025,-1549484.9280590932,298.8293631977576,17.2
400000,799.9999999949063,-1945195.4040907435,-1550903.7575408078,300.09953491494764,17.2
400500,800.9999999948826,-1943073.2169088107,-1549567.8635933166,299.50107883293964,17.2
401000,801.999999994859,-1943385.6123499293,-1550135.7264674734,299.3066398725623,17.2
401500,802.9999999948353,-1945186.509426834,-1551683.5051134718,299.4992909826177,17.2
402000,803.9999999948117,-1941299.144810563,-1546995.8305555717,300.108415328447,17.2
402500,804.999999994788,-1942576.0457986258,-1547774.7014109779,300.48747132035464,17.2
403000,805.9999999947644,-1940361.7979994267,-1547437.77748967,299.05862029708413,17.2
403500,806.9999999947407,-1945390.4059932493,-1552876.3065182013,298.74662506983475,17.2
404000,807.9999999947171,-1943626.0175763033,-1549620.533605578,299.88173355475516,17.2
404500,808.9999999946934,-1944507.4134985078,-1548609.8933422212,301.32178227071836,17.2
405000,809.9999999946698,-1944589.284178771,-1549902.7441591981,300.40009250376806,17.2
405500,810.9999999946461,-1945947.734198844,-1550973.4725776277,300.6190804523935,17.3
406000,811.9999999946225,-1945569.161362892,-1553643.6943851786,298.29861066163807,17.2
406500,812.9999999945989,-1945583.835034987,-1552680.810698129,299.0426398882243,17.2
407000,813.9999999945752,-1943224.854877375,-1549656.4899587003,299.5490376293642,17.2
407500,814.9999999945516,-1942364.886806218,-1547545.7094863702,300.5010441533227,17.2
408000,815.9999999945279,-1944516.371640822,-1550305.3955217863,300.03813579831314,17.2
408500,816.9999999945043,-1943079.3057382014,-1549814.8930605522,299.3176963697503,17.2
409000,817.9999999944806,-1944272.2269512769,-1550026.2811519296,300.06475159119003,17.2
409500,818.999999994457,-1946225.2073511444,-1552282.9891662328,299.83358129724525,17.2
410000,819.9999999944333,-1944023.9935566261,-1549264.2687054605,300.4557942517406,17.2
410500,820.9999999944097,-1945247.7083042003,-1550969.8910501404,300.08900929185415,17.2
411000,821.999999994386,-1943523.9688342176,-1549430.7719198742,299.94849280217045,17.2
411500,822.9999999943624,-1944560.276398167,-1549200.966861302,300.912144486129,17.2
412000,823.9999999943387,-1945229.5634532217,-1550672.416172938,300.30161032383387,17.2
412500,824.9999999943151,-1942877.9996119533,-1546588.2170794476,301.62033730656043,17.2
413000,825.9999999942914,-1945105.8485127669,-1552821.6425519027,298.5716506890935,17.2
413500,826.9999999942678,-1944026.3278901558,-1549499.6696683755,300.2784047795193,17.2
414000,827.9999999942441,-1944904.2410903685,-1550279.42329979,300.3531150636492,17.2
414500,828.9999999942205,-1942315.3012014814,-1548946.6062109435,299.39706673904817,17.2
415000,829.9999999941969,-1944242.5301509015,-1551171.9471965057,299.1701705210289,17.2
415500,830.9999999941732,-1945205.2185187452,-1551477.725746437,299.6701515187537,17.2
416000,831.9999999941496,-1943672.8949408084,-1549086.8972307192,300.3235686905467,17.2
416500,832.9999999941259,-1942178.2913962435,-1548445.0095995665,299.67455760631816,17.2
417000,833.9999999941023,-1946079.1273043565,-1550764.4020066424,300.8782109510143,17.2
417500,834.9999999940786,-1944803.0767229684,-1552420.248496308,298.64671313679344,17.2
418000,835.999999994055,-1942405.5128475167,-1548024.4710274113,300.1675745988624,17.2
418500,836.9999999940313,-1944364.4772675354,-1550555.0721695982,299.73249585457756,17.2
419000,837.9999999940077,-1943030.6485336479,-1548289.899047898,300.44135190079066,17.2
419500,838.999999993984,-1944379.770740578,-1551045.0411369402,299.3712153244896,17.2
420000,839.9999999939604,-1943776.7073623035,-1551007.1399179664,298.94106443835835,17.2
420500,840.9999999939367,-1944837.5603731684,-1551653.1532833371,299.2568032722047,17.2
421000,841.9999999939131,-1945475.1810632553,-1552138.702618362,299.37254638603275,17.2
421500,842.9999999938894,-1943151.0249284822,-1548963.8868365216,300.019992424237,17.2
422000,843.9999999938658,-1943873.9418749772,-1549200.6556488862,300.3900049016223,17.2
422500,844.9999999938422,-1943919.2004623823,-1549544.8035129309,300.1625171176546,17.2
423000,845.9999999938185,-1943880.2233400624,-1549517.3931280316,300.15371355168827,17.2
423500,846.9999999937949,-1944547.8280978426,-1550797.107681835,299.6878303235987,17.2
424000,847.9999999937712,-1943036.9913463667,-1548611.289901428,300.20156551081624,17.2
424500,848.9999999937476,-1945484.853690993,-1550740.1850906727,300.4443347802661,17.2
425000,849.9999999937239,-1943601.3039128892,-1548911.5487636991,300.4025395728633,17.2
425500,850.9999999937003,-1943264.4481503107,-1548246.1447471706,300.65260111758585,17.2
426000,851.9999999936766,-1944865.177653065,-1551061.9817612793,299.727769962222,17.2
426500,852.999999993653,-1944441.7804381307,-1548126.0886599422,301.64005710698603,17.2
427000,853.9999999936293,-1943749.8313111272,-1548962.9487633503,300.47646426134827,17.2
427500,854.9999999936057,-1943744.8700140323,-1549983.5036907496,299.6959330360196,17.2
428000,855.999999993582,-1943767.3843114432,-1549608.0330718867,299.99884355751306,17.2
428500,856.9999999935584,-1943824.6031529661,-1549449.5875245652,300.1629880007348,17.2
429000,857.9999999935347,-1943922.2656288836,-1549735.8783676315,300.01942095905787,17.2
429500,858.9999999935111,-1941907.8733529001,-1547823.5751887192,299.94171986947356,17.2
430000,859.9999999934874,-1945444.1724162642,-1552665.223316151,298.94820491561615,17.2
430500,860.9999999934638,-1943137.8297672737,-1548595.8829252224,300.29004110981697,17.2
431000,861.9999999934402,-1944266.9254870862,-1551375.4270222764,299.0338674253242,17.2
431500,862.9999999934165,-1945409.4199969135,-1551837.349089864,299.55185829624224,17.2
432000,863.9999999933929,-1943757.3737502396,-1548010.3393242657,301.2072459926273,17.2
432500,864.9999999933692,-1942589.883797614,-1548561.140077754,299.8994367953859,17.2
433000,865.9999999933456,-1942357.5105454791,-1547597.832458601,300.4557586589476,17.2
433500,866.9999999933219,-1943321.88079926,-1549361.7994218674,299.84717716163266,17.2
434000,867.9999999932983,-1941176.2882110644,-1547753.5885947547,299.438170229876,17.2
434500,868.9999999932746,-1942797.3447287362,-1548339.3205344854,300.2261666965643,17.2
435000,869.999999993251,-1941421.3749763072,-1546736.9699441718,300.39846754228915,17.2
435500,870.9999999932273,-1943089.7486872356,-1550399.9389406613,298.8803600125509,17.2
436000,871.9999999932037,-1943720.4528359435,-1549469.240784444,300.0687597913015,17.2
436500,872.99999999318,-1944426.4510848057,-1551524.690442735,299.04167807678004,17.2
437000,873.9999999931564,-1945166.5975609478,-1551399.6962032237,299.70014580916904,17.2
437500,874.9999999931327,-1942448.8544882443,-1548435.5594025352,299.8876786768349,17.2
438000,875.9999999931091,-1942694.108704839,-1548121.0899048564,300.31369030504,17.2
438500,876.9999999930855,-1945009.7528759446,-1549586.7988281297,300.9605849953387,17.2
439000,877.9999999930618,-1946620.5948028173,-1552506.5445194133,299.9643645215214,17.2
439500,878.9999999930382,-1943895.934664484,-1549530.4998860534,300.1556959146729,17.2
440000,879.9999999930145,-1944793.3076925632,-1549966.5377595827,300.5068229713369,17.2
440500,880.9999999929909,-1942933.7308296356,-1548888.1086407523,299.91228317635364,17.2
441000,881.9999999929672,-1943109.8632154744,-1547187.900969869,301.34038540294557,17.2
441500,882.9999999929436,-1941801.0329448022,-1547736.5745827039,299.92661958664996,17.2
442000,883.9999999929199,-1945111.9448145106,-1552096.5523776468,299.1281644354627,17.2
442500,884.9999999928963,-1943992.0810004342,-1547305.4703174718,301.9223674013779,17.2
443000,885.9999999928726,-1944778.2562804446,-1550979.5052282512,299.724386947882,17.2
443500,886.999999992849,-1945487.4554635156,-1551562.5683790417,299.82039041372934,17.2
444000,887.9999999928253,-1943618.8422299474,-1549422.8294298057,300.026747058328,17.2
444500,888.9999999928017,-1944368.1167894453,-1550684.7715934007,299.6365503323724,17.2
445000,889.999999992778,-1943583.3278543167,-1548657.7518954568,300.58202528077635,17.2
445500,890.9999999927544,-1944002.6758106928,-1549718.9882650212,300.0934772327751,17.2
446000,891.9999999927307,-1941168.0047407858,-1546770.6472815394,300.1799926040647,17.2
446500,892.9999999927071,-1943822.2877471168,-1549330.8684533832,300.2515840593488,17.2
447000,893.9999999926835,-1944862.687178824,-1550887.59174183,299.858604520906,17.2
447500,894.9999999926598,-1944277.7079405617,-1551343.5146582972,299.0663629016387,17.2
448000,895.9999999926362,-1944697.92891898,-1550939.6353310803,299.6935943446794,17.2
448500,896.9999999926125,-1942686.6377894431,-1546871.3638507046,301.25918380622966,17.2
449000,897.9999999925889,-1942392.2533568852,-1547827.381354284,300.3074896915433,17.2
449500,898.9999999925652,-1944873.2673778646,-1549760.6404948453,300.7243917139401,17.2
450000,899.9999999925416,-1944244.6186241228,-1550477.859898616,299.70003725028255,17.2
450500,900.9999999925179,-1945791.2978093773,-1552940.6883561658,299.00274636691194,17.2
451000,901.9999999924943,-1945467.6033519413,-1551982.718787051,299.4854998507568,17.2
451500,902.9999999924706,-1944314.2879933808,-1549142.034851752,300.7697738888709,17.2
452000,903.999999992447,-1942781.914114654,-1548852.7011470105,299.8236828890801,17.2
452500,904.9999999924233,-1944009.1752618738,-1551010.2830957714,299.11560590518485,17.2
453000,905.9999999923997,-1940759.9316902403,-1547325.587298402,299.44703319147015,17.2
453500,906.999999992376,-1943156.2035270035,-1548236.286858071,300.57771793546476,17.2
454000,907.9999999923524,-1941533.6511147637,-1546970.2993343973,300.3063326343507,17.2
454500,908.9999999923288,-1943052.6144913211,-1548317.4057500074,300.43713478170406,17.2
455000,909.9999999923051,-1944261.243137652,-1551034.4896526358,299.28903356065126,17.2
455500,910.9999999922815,-1945380.0935226642,-1551556.0652972567,299.74362567127855,17.2
456000,911.9999999922578,-1944782.4617364965,-1550826.2914256419,299.84420040759977,17.2
456500,912.9999999922342,-1942658.2308044322,-1550204.560982068,298.70063142319214,17.2
457000,913.9999999922105,-1942162.4272219744,-1545374.5718313134,301.9994258172962,17.2
457500,914.9999999921869,-1944153.21346559,-1550414.0062495687,299.67906750553874,17.2
458000,915.9999999921632,-1941061.1846597288,-1547818.158283563,299.30141902990584,17.2
458500,916.9999999921396,-1944265.0102598835,-1549193.6968981533,300.6929475567205,17.2
459000,917.9999999921159,-1942533.5301258266,-1548472.5083453688,299.92400396808176,17.2
459500,918.9999999920923,-1942892.903836755,-1548755.5698257242,299.9820860124358,17.2
460000,919.9999999920686,-1944268.7650826462,-1549768.3630137173,300.25842094438536,17.2
460500,920.999999992045,-1942543.4672630318,-1547412.0486980244,300.7386942614941,17.2
461000,921.9999999920213,-1945764.239792943,-1553169.2580813468,298.80818539398393,17.2
461500,922.9999999919977,-1942896.4215197675,-1548715.316668579,300.0154004609895,17.2
462000,923.999999991974,-1943271.2499131225,-1548526.7399820583,300.44421401542024,17.2
462500,924.9999999919504,-1943381.5084968992,-1549432.0080371606,299.8391239134984,17.2
463000,925.9999999919268,-1944826.8551216442,-1553523.30319027,297.82526455401415,17.2
463500,926.9999999919031,-1947366.5582508687,-1553213.375976859,299.9941482927067,17.2
464000,927.9999999918795,-1944204.2226901036,-1550937.510401863,299.31944662764954,17.2
464500,928.9999999918558,-1946634.4382371325,-1553242.484592507,299.41476914622706,17.2
465000,929.9999999918322,-1944431.1144109257,-1548963.0814642655,300.99489502116927,17.2
465500,930.9999999918085,-1943014.1378482617,-1549915.9596704096,299.19117353693747,17.2
466000,931.9999999917849,-1943172.6261349432,-1548523.4050403072,300.3716886760048,17.2
466500,932.9999999917612,-1944703.3480525017,-1552074.8744230384,298.8336764462628,17.2
467000,933.9999999917376,-1942264.1428489108,-1547690.7723910115,300.313957955593,17.2
467500,934.9999999917139,-1943296.6608386133,-1548156.1174179467,300.7456392854719,17.2
468000,935.9999999916903,-1942089.309499871,-1547475.1210000666,300.3450249982225,17.2
468500,936.9999999916666,-1943641.4001060817,-1550197.9487137871,299.45396462566436,17.2
469000,937.999999991643,-1945152.646449864,-1551907.3275633706,299.30316388371926,17.2
469500,938.9999999916193,-1946945.535443753,-1551692.9556925672,300.83091131945116,17.2
470000,939.9999999915957,-1944064.8217667714,-1549886.7471461305,300.01309412052814,17.2
470500,940.999999991572,-1941946.4795166887,-1546275.3272236418,301.14949130013247,17.2
471000,941.9999999915484,-1944102.4609135017,-1550495.5047976444,299.57840979696556,17.2
471500,942.9999999915248,-1945783.3115205485,-1551839.6375280279,299.83468932778607,17.2
472000,943.9999999915011,-1940806.4074810036,-1547630.169851884,299.25058540940813,17.2
472500,944.9999999914775,-1943749.2423349693,-1549829.3295421572,299.8166044278295,17.2
473000,945.9999999914538,-1943868.4237465467,-1547639.5499959907,301.57397898957527,17.2
473500,946.9999999914302,-1943233.2988364492,-1547415.669448657,301.26097656337197,17.2
474000,947.9999999914065,-1942107.2705184035,-1548296.8020569016,299.7333051918131,17.2
474500,948.9999999913829,-1943178.0343021676,-1547015.2851749742,301.52365084062455,17.2
475000,949.9999999913592,-1945065.5686748233,-1550196.6692542145,300.53888816915196,17.2
475500,950.9999999913356,-1941649.6909675207,-1546501.1804520693,300.7517031254251,17.2
476000,951.9999999913119,-1942925.9458199348,-1550050.0836976853,299.0219664399213,17.2
476500,952.9999999912883,-1943205.6900641695,-1549356.6504974908,299.7626620671768,17.2
477000,953.9999999912646,-1947293.7649592962,-1553527.1679630405,299.6999141564422,17.2
477500,954.999999991241,-1944214.5640959498,-1549480.8621799604,300.4359879210413,17.2
478000,955.9999999912174,-1943353.0409453306,-1548998.4637736636,300.14743207553596,17.2
478500,956.9999999911937,-1941523.4294753894,-1547619.6979793338,299.8042886720345,17.2
479000,957.9999999911701,-1944771.328971751,-1549671.462592433,300.71467955985446,17.2
479500,958.9999999911464,-1943107.3015719373,-1548317.4272793112,300.47874130993824,17.2
480000,959.9999999911228,-1944249.19534708,-1549592.879357805,300.3770886752188,17.2
480500,960.9999999910991,-1944128.8026462086,-1550043.1315177314,299.94276484709445,17.2
481000,961.9999999910755,-1943439.6812427975,-1549529.8288304724,299.8089473660285,17.2
481500,962.9999999910518,-1942416.4325830135,-1548734.3397377525,299.6355971549693,17.2
482000,963.9999999910282,-1941681.697621746,-1546562.8724878475,300.72910926812233,17.2
482500,964.9999999910045,-1945602.5228457153,-1550372.8268925613,300.81349421917395,17.2
483000,965.9999999909809,-1942151.9085938092,-1548264.0590359191,299.79220076122346,17.2
483500,966.9999999909572,-1941445.9818858933,-1546705.786885057,300.44092987646883,17.2
484000,967.9999999909336,-1943620.4859276414,-1550838.8193909442,298.9502731852896,17.2
484500,968.9999999909099,-1945263.5505731143,-1550882.379887087,300.1676726800762,17.2
485000,969.9999999908863,-1943493.8955167662,-1549850.2506117579,299.6063340217296,17.2
485500,970.9999999908626,-1945936.2955353837,-1551053.501593739,300.54946343580355,17.2
486000,971.999999990839,-1943802.130685972,-1549284.5861437558,300.2714682617856,17.2
486500,972.9999999908154,-1944808.0993477926,-1549015.9635610804,301.24157311444196,17.2
487000,973.9999999907917,-1943911.8596358802,-1548006.090608105,301.3280605738955,17.2
487500,974.9999999907681,-1944634.127779005,-1549916.1641163852,300.42400937024564,17.2
488000,975.9999999907444,-1943129.1897243224,-1549705.0445474735,299.4392704612637,17.2
488500,976.9999999907208,-1940673.8270557523,-1547083.0311996976,299.56611005261817,17.2
489000,977.9999999906971,-1941233.821785396,-1547253.2404193524,299.8627799194231,17.2
489500,978.9999999906735,-1943287.499595873,-1549319.9979860904,299.85282477884385,17.2
490000,979.9999999906498,-1943014.4998275563,-1547698.6646552114,300.87905568831326,17.2
490500,980.9999999906262,-1942913.0859173238,-1549965.3686024062,299.07665618567063,17.2
491000,981.9999999906025,-1941905.523275448,-1547125.8235495165,300.4709973398093,17.2
491500,982.9999999905789,-1943832.609832283,-1547820.2209336762,301.40921008322266,17.2
492000,983.9999999905552,-1940649.6849130932,-1545940.166078741,300.41758192229497,17.2
492500,984.9999999905316,-1941499.7354853582,-1547385.6226565812,299.9644121254652,17.2
493000,985.999999990508,-1943723.8492980395,-1550028.0476227447,299.6460310902387,17.2
493500,986.9999999904843,-1942835.1224430539,-1548389.3601057967,300.21683406775225,17.2
494000,987.9999999904607,-1945017.4130690675,-1549530.1598157072,301.0095237995167,17.2
494500,988.999999990437,-1940933.07227139,-1545500.3979579718,300.9679831921108,17.2
495000,989.9999999904134,-1944123.4652473629,-1550221.2682528053,299.8031207467439,17.2
495500,990.9999999903897,-1943093.4128292296,-1548437.1481373794,300.3770496322071,17.2
496000,991.9999999903661,-1945027.565403847,-1548959.8170453995,301.45134475256367,17.2
496500,992.9999999903424,-1942337.7774139717,-1546350.3275632167,301.390228710609,17.2
497000,993.9999999903188,-1944230.093535129,-1550249.3793261228,299.86288102760454,17.2
497500,994.9999999902951,-1943457.4584833477,-1549845.6180076606,299.5821273347986,17.2
498000,995.9999999902715,-1943640.4184142947,-1549140.70580384,300.2578961902618,17.2
498500,996.9999999902478,-1942946.5590945557,-1549945.156055259,299.1175169572815,17.2
499000,997.9999999902242,-1944581.285947932,-1551154.691399882,299.4411347035439,17.2
499500,998.9999999902005,-1946470.3749197498,-1551696.034897389,300.4669180128368,17.2
500000,999.9999999901769,-1942376.3709673565,-1549158.609743067,299.2821894560763,17.2
