#"Step","Time (ps)","Potential Energy (kJ/mole)","Total Energy (kJ/mole)","Temperature (K)","Speed (ns/day)"
500,1.0000000000000007,-124715.34375,-70524.45133470173,298.69427964040483,0
1000,2.0000000000000013,-124204.28125,-71283.79712529015,291.69192791129063,75
1500,2.999999999999891,-125471.9140625,-71076.94686226081,299.81911756360336,78
2000,3.999999999999781,-124723.734375,-70845.28717942501,296.97211571815166,76.6
2500,4.999999999999671,-124444.8125,-69685.1428256795,301.82931776373954,77.5
3000,5.999999999999561,-124740.671875,-70133.51631039847,300.9886766503143,77.3
3500,6.999999999999451,-124565.609375,-70532.84353719279,297.8227032176781,76.2
4000,7.999999999999341,-125387.265625,-70792.45240483177,300.9206469959708,76.8
4500,8.999999999999675,-125016.921875,-70944.58051090967,298.0408391956564,76.9
5000,10.000000000000009,-124926.703125,-70655.24446896964,299.1383519589484,76.4
5500,11.000000000000343,-124617.0546875,-69994.42926240018,301.0739448315847,75.6
6000,12.000000000000677,-124714.3203125,-69966.13368906116,301.7660244415908,76.2
6500,13.00000000000101,-125062.140625,-70028.73196577583,303.3381371476073,76.4
7000,14.000000000001345,-124959.1640625,-70276.94335575613,301.4024275143245,76.8
7500,15.000000000001679,-125027.078125,-69879.2525726317,303.9687905646884,76.9
8000,16.00000000000201,-125306.640625,-71033.2699036873,299.14889105392695,77.3
8500,17.000000000001457,-125240.96875,-71104.1453293101,298.3962572481612,77.6
9000,18.000000000000902,-125229.421875,-70762.98071102015,300.2130742445333,77.6
9500,19.000000000000348,-124820.3125,-71530.09813934751,293.7298405856165,77.9
10000,19.999999999999794,-124982.6953125,-70299.70205978109,301.4066857033525,78.1
10500,20.99999999999924,-124769.90625,-70710.48621106101,297.96961826283797,78.1
11000,21.999999999998685,-125482.5625,-71067.66011207039,299.92899814060246,78.2
11500,22.99999999999813,-125314.484375,-71366.49040504417,297.35544994184,78.2
12000,23.999999999997577,-125671.75,-71948.46673982614,296.11686905501074,78.4
12500,24.999999999997023,-126373.875,-72017.59413510514,299.60588270895204,78.6
13000,25.99999999999647,-125658.90625,-70507.12184350216,303.9906113362189,78.6
13500,26.999999999995914,-125958.9609375,-71025.12889665831,302.789281703987,78.7
14000,27.99999999999536,-126449.9140625,-72430.20033533685,297.7507614095097,78.8
14500,28.999999999994806,-125546.703125,-70605.04617064074,302.8324117725688,78.8
15000,29.99999999999425,-125637.8671875,-71437.94765395974,298.744036130109,78.9
15500,30.999999999993697,-125555.0,-71270.34576340136,299.2110845576677,79
16000,31.999999999993143,-125517.0234375,-71725.78117185761,296.4914516698888,79
16500,32.999999999994365,-125457.5,-70997.7010384535,300.1764631502584,79.1
17000,33.99999999999559,-126338.4140625,-71924.16628995852,299.9253899720877,78.8
17500,34.99999999999681,-125403.7734375,-70546.93322645978,302.3649111480547,78.9
18000,35.99999999999803,-126042.171875,-71631.26124173473,299.90699602491793,79
18500,36.999999999999254,-125985.890625,-71025.2373514243,302.9371174090933,79
19000,38.000000000000476,-126282.859375,-71723.9460549705,300.72277066780623,79
19500,39.0000000000017,-126135.421875,-71208.45288940985,302.7514532931024,79.1
20000,40.00000000000292,-125614.140625,-70982.28677157639,301.12481092047034,79
20500,41.00000000000414,-126741.7265625,-72607.04528728756,298.3844499762792,79
21000,42.000000000005365,-125874.4609375,-71953.92038965982,297.20412967791714,78.7
21500,43.00000000000659,-125509.640625,-70917.93771041767,300.90350333132466,78.8
22000,44.00000000000781,-125779.75,-70798.66395146004,303.0497406327935,78.7
22500,45.00000000000903,-126263.34375,-72467.87826025579,296.5147296198289,78.4
23000,46.00000000001025,-125537.8359375,-70884.68426283647,301.24220218475176,78.2
23500,47.000000000011475,-126277.4375,-71564.0398863987,301.5742712194221,77.9
24000,48.0000000000127,-126507.03125,-72466.49493466539,297.86553324102823,77.6
24500,49.00000000001392,-126821.125,-72651.43902415305,298.5773920625605,77.5
25000,50.00000000001514,-126264.2734375,-72679.14005886472,295.3554019982895,77.4
25500,51.000000000016364,-126784.5078125,-72360.93176156603,299.9768064236452,77.1
26000,52.000000000017586,-125914.140625,-71513.52747414957,299.85023742665686,77
26500,53.00000000001881,-126036.375,-72094.93257699208,297.3193385306984,76.8
27000,54.00000000002003,-126732.0546875,-72058.13847487979,301.3566540498272,76.7
27500,55.00000000002125,-126305.765625,-71977.20988525986,299.45306484755633,76.6
28000,56.000000000022474,-126914.203125,-72644.82919483454,299.12686117769886,76.5
28500,57.0000000000237,-126197.078125,-72344.35115256009,296.83034865768974,76.3
29000,58.00000000002492,-125412.8125,-70905.2384068924,300.4397944568737,76.3
29500,59.00000000002614,-126463.2734375,-72010.50933814305,300.1376877582982,76.2
30000,60.00000000002736,-126296.4921875,-72116.97763221164,298.631566118851,76.1
30500,61.000000000028585,-126354.625,-71643.19692481495,301.5634153388074,75.9
31000,62.00000000002981,-126014.4609375,-71332.19437531405,301.4026802645123,75.8
31500,63.00000000003103,-126137.859375,-71069.10506915022,303.53295849094957,75.7
32000,64.00000000003224,-126574.484375,-71852.19328511728,301.6232910892375,75.7
32500,65.00000000002991,-126829.6953125,-72492.51163063524,299.5006211221041,75.6
33000,66.00000000002758,-126294.6640625,-71543.34395268885,301.7832958761995,75.5
33500,67.00000000002525,-125710.890625,-71214.29649876058,300.37927407885456,75.4
34000,68.00000000002292,-126108.015625,-71318.30137410667,301.9949201879947,75.4
34500,69.00000000002059,-125569.3359375,-71127.05036801822,300.07993124621186,75.4
35000,70.00000000001826,-127154.4140625,-72291.30558974273,302.39946112194747,75.3
35500,71.00000000001593,-126929.140625,-72830.62081969716,298.18513190410926,75.3
36000,72.0000000000136,-125640.390625,-71434.61453406233,298.77631683476295,75.2
36500,73.00000000001127,-126183.0703125,-71248.8428146285,302.7914614199389,75.2
37000,74.00000000000894,-127187.5,-72415.78205453441,301.8957265182405,75.2
37500,75.00000000000661,-126335.03125,-71840.6869642986,300.3668732035625,75.1
38000,76.00000000000428,-125797.8671875,-70761.16469897912,303.35629237490093,75.1
38500,77.00000000000195,-126857.265625,-72855.15590950428,297.6537300201116,75.1
39000,77.99999999999962,-126761.8125,-71919.65791828046,302.28396556337253,75
39500,78.99999999999729,-126220.3046875,-71689.51664293744,300.56774722159867,75
40000,79.99999999999496,-126422.734375,-71814.46366418526,300.9948232144324,74.9
40500,80.99999999999262,-126352.5,-71822.33129408746,300.564333494611,74.9
41000,81.9999999999903,-126023.375,-70995.21742545092,303.3091937424622,74.9
41500,82.99999999998796,-125754.125,-71221.91319052852,300.5755948582566,74.8
42000,83.99999999998563,-125901.875,-71490.20966051146,299.9111558831829,74.8
42500,84.9999999999833,-126685.8515625,-72600.60546764208,298.1119686620442,74.8
43000,85.99999999998097,-126142.8828125,-71613.59645516821,300.5594700856141,74.7
43500,86.99999999997864,-126502.84375,-72134.17374015087,299.674170322655,74.7
44000,87.99999999997631,-126143.296875,-70846.5927963499,304.78939273932826,74.7
44500,88.99999999997398,-125968.8359375,-71260.97018832277,301.54378018697054,74.7
45000,89.99999999997165,-126533.5859375,-72153.13204737147,299.7391217835841,74.7
45500,90.99999999996932,-126288.2734375,-71900.28680522964,299.78064143545714,74.6
46000,91.99999999996699,-127071.4765625,-72467.91802777143,300.9688502145635,74.6
46500,92.99999999996466,-126768.453125,-71962.08782464359,302.086698953816,74.6
47000,93.99999999996233,-126783.0390625,-72380.37332498637,299.86155106013723,74.5
47500,94.99999999996,-125970.125,-71652.91806335689,299.3905114845324,74.5
48000,95.99999999995767,-126525.9140625,-72298.07074977999,298.8979489507914,74.5
48500,96.99999999995534,-125225.8359375,-71301.45972338272,297.2252714514609,74.5
49000,97.999999999953,-127243.65625,-72780.84047739662,300.1930914832731,74.5
49500,98.99999999995067,-126171.3515625,-71648.13260525838,300.5260272390684,74.4
50000,99.99999999994834,-126983.265625,-72429.66891723429,300.69346608174976,74.4
