#"Step","Time (ps)","Potential Energy (kJ/mole)","Total Energy (kJ/mole)","Temperature (K)","Speed (ns/day)"
500,1.0000000000000007,-2837799.696001526,-2269556.1613018825,299.5227682362505,0
1000,2.0000000000000013,-2847293.5645211153,-2279100.290917762,299.49627547077904,12.5
1500,2.999999999999891,-2852340.023415055,-2284660.512712631,299.2254695981091,12.7
2000,3.999999999999781,-2853402.531441137,-2283739.4209411805,300.27103064042507,12.7
2500,4.999999999999671,-2854005.045730088,-2283469.8695319863,300.73069892706974,12.8
3000,5.999999999999561,-2854075.8190593086,-2286366.756350211,299.2410465440933,12.8
3500,6.999999999999451,-2857067.986292023,-2287550.63121417,300.1942025467505,12.8
4000,7.999999999999341,-2859499.8114275597,-2290961.2332993066,299.6782864587918,12.8
4500,8.999999999999675,-2857813.1645554416,-2289335.4037079373,299.6462294987487,12.8
5000,10.000000000000009,-2859552.312673755,-2291260.175346788,299.54838681805666,12.8
5500,11.000000000000343,-2862546.6555802934,-2292159.3037414076,300.6527802908136,12.8
6000,12.000000000000677,-2862015.7333496027,-2291675.83975372,300.6277649172072,12.8
6500,13.00000000000101,-2864105.8965212777,-2295349.601449307,299.7930456732695,12.7
7000,14.000000000001345,-2864379.9287544154,-2296195.104146826,299.4918219813057,12.7
7500,15.000000000001679,-2866432.549644869,-2296843.2852866994,300.23210613101827,12.7
8000,16.00000000000201,-2865918.9719036296,-2299747.6150095556,298.43051747631876,12.6
8500,17.000000000001457,-2865661.476304505,-2296582.46902496,299.9631481871635,12.6
9000,18.000000000000902,-2866671.5874794573,-2296995.4966442394,300.2778726117149,12.6
9500,19.000000000000348,-2866071.5417490117,-2296234.2129870337,300.362861577218,12.6
10000,19.999999999999794,-2866797.184802089,-2297266.051170531,300.2014652612309,12.6
10500,20.99999999999924,-2864861.1713926047,-2295508.6200219598,300.10733404832627,12.6
11000,21.999999999998685,-2864128.3945332877,-2295601.0928300843,299.6723426233755,12.6
11500,22.99999999999813,-2867928.959004771,-2299268.3725557653,299.74259738843375,12.6
12000,23.999999999997577,-2863044.2612689286,-2293459.858897689,300.22954336400846,12.5
12500,24.999999999997023,-2867370.2460388094,-2297475.4400797323,300.3931579697579,12.5
13000,25.99999999999647,-2866571.981588166,-2297661.313974113,299.87441587516486,12.5
13500,26.999999999995914,-2867483.0871042684,-2301112.713301776,298.53541984950084,12.5
14000,27.99999999999536,-2867711.2843857966,-2299009.6361371884,299.7642411787012,12.5
14500,28.999999999994806,-2867109.2370653823,-2298198.658901701,299.8743687256217,12.5
15000,29.99999999999425,-2869039.969626777,-2298635.447167874,300.6618309730051,12.5
15500,30.999999999993697,-2867279.0373898707,-2299016.5364703694,299.53276538417714,12.4
16000,31.999999999993143,-2869008.5040964,-2300233.7749932436,299.80276230304753,12.4
16500,32.999999999994365,-2869570.7381547503,-2300687.825789261,299.85978600544297,12.4
17000,33.99999999999559,-2872146.6680234894,-2301083.8125896314,301.00884013903806,12.4
17500,34.99999999999681,-2868658.0763925835,-2299920.0306848316,299.78342638197006,12.4
18000,35.99999999999803,-2867977.951483749,-2298523.0611136914,300.1612772232693,12.4
18500,36.999999999999254,-2865549.6643120497,-2296573.355208783,299.90901568908237,12.4
19000,38.000000000000476,-2868555.741327025,-2298746.8222053684,300.34788677575676,12.4
19500,39.0000000000017,-2870877.9164106324,-2301607.3842569506,300.0641014879658,12.4
20000,40.00000000000292,-2870955.3121806644,-2299723.32382536,301.09799057848534,12.4
20500,41.00000000000414,-2870243.981941115,-2298451.788771138,301.3932761147451,12.4
21000,42.000000000005365,-2867755.716324825,-2299109.8285395936,299.73484968134306,12.4
21500,43.00000000000659,-2871509.776162211,-2298509.7036589384,302.0299527146738,12.4
22000,44.00000000000781,-2869663.9998576306,-2298720.0970651084,300.94613986662625,12.4
22500,45.00000000000903,-2874162.981258549,-2309402.206137933,297.6869958490414,12.4
23000,46.00000000001025,-2872129.870163318,-2304454.4906589054,299.2232920319971,12.4
23500,47.000000000011475,-2871984.3122664317,-2301162.5401836946,300.8817644253802,12.4
24000,48.0000000000127,-2868484.1294766553,-2298379.075926575,300.50398006737413,12.4
24500,49.00000000001392,-2870160.382046342,-2300707.7930134144,300.16006418198396,12.4
25000,50.00000000001514,-2875730.055486802,-2305784.455584362,300.41993160042244,12.4
25500,51.000000000016364,-2874415.041887764,-2304073.3208723473,300.62872815519245,12.4
26000,52.000000000017586,-2874051.935178019,-2303524.9739105315,300.7263688139964,12.4
26500,53.00000000001881,-2868697.63162674,-2300747.8083910476,299.3679520960336,12.4
27000,54.00000000002003,-2872385.4245048612,-2304047.826552404,299.5723492418432,12.4
27500,55.00000000002125,-2870710.65781172,-2302574.878483664,299.4659700762727,12.4
28000,56.000000000022474,-2871664.3516536914,-2302381.5411928184,300.0705734182819,12.4
28500,57.0000000000237,-2870685.9726032093,-2301560.597692271,299.9875886963171,12.4
29000,58.00000000002492,-2870736.879264597,-2301903.6859307205,299.83357896379033,12.4
29500,59.00000000002614,-2874471.2941568233,-2305213.7569761365,300.05725180108504,12.4
30000,60.00000000002736,-2869166.7051143646,-2299192.2430770365,300.4351449130447,12.4
30500,61.000000000028585,-2871212.7312627807,-2302982.4148159246,299.5158008579623,12.4
31000,62.00000000002981,-2871413.9349176437,-2301764.683785288,300.263725328712,12.4
31500,63.00000000003103,-2870704.2689458914,-2300519.6364439093,300.54592635714516,12.4
32000,64.00000000003224,-2872929.7822113745,-2302766.660809744,300.53458779553927,12.4
32500,65.00000000002991,-2872862.4363497756,-2302324.8469531476,300.7319709308124,12.3
33000,66.00000000002758,-2871942.4567674063,-2302792.0556980786,300.0007800549186,12.3
33500,67.00000000002525,-2872713.174406685,-2305348.7434860775,299.0593901573374,12.3
34000,68.00000000002292,-2871369.593995001,-2301002.230349776,300.6422444576159,12.3
34500,69.00000000002059,-2871622.523341555,-2302676.533883843,299.893034118481,12.3
35000,70.00000000001826,-2870678.646399189,-2301296.7439078297,300.12280510675504,12.3
35500,71.00000000001593,-2872254.4988437854,-2303482.3614502917,299.801396205582,12.4
36000,72.0000000000136,-2872364.4327064827,-2303609.2707364094,299.79244841206673,12.4
36500,73.00000000001127,-2871711.3202087656,-2301915.2972136657,300.34108919111225,12.3
37000,74.00000000000894,-2870887.2764825597,-2302839.142093967,299.41977218173105,12.3
37500,75.00000000000661,-2870913.998736851,-2301779.261849958,299.99252342022146,12.3
38000,76.00000000000428,-2871664.2036960125,-2302368.4845264554,300.077377635001,12.3
38500,77.00000000000195,-2872296.12974032,-2303934.378552707,299.5850804801489,12.3
39000,77.99999999999962,-2870579.135722682,-2301796.6490527135,299.8068513383721,12.4
39500,78.99999999999729,-2872781.259021595,-2305307.791095932,299.11686386992756,12.4
40000,79.99999999999496,-2874137.277647231,-2305960.2581102303,299.48770790660666,12.3
40500,80.99999999999262,-2872656.5468696915,-2305242.7191135823,299.0854273685121,12.3
41000,81.9999999999903,-2870429.6391533576,-2301367.8337268094,299.95408104198054,12.3
41500,82.99999999998796,-2870895.2005252056,-2302151.8592575826,299.78621768649884,12.3
42000,83.99999999998563,-2871404.8775399514,-2300748.5462243482,300.7945601308741,12.3
42500,84.9999999999833,-2873372.169228751,-2304542.390589622,299.83177906856804,12.3
43000,85.99999999998097,-2871990.832697019,-2303205.362160488,299.8084241428446,12.3
43500,86.99999999997864,-2871584.349289272,-2302722.8654777757,299.84849095425574,12.3
44000,87.99999999997631,-2872088.3200057596,-2301759.4810589133,300.62193798055233,12.3
44500,88.99999999997398,-2872019.3734083883,-2303604.8358776076,299.6129043103644,12.3
45000,89.99999999997165,-2872263.951967247,-2304003.203581601,299.53184161864397,12.3
45500,90.99999999996932,-2875257.4633477703,-2306195.1348685767,299.95435674450357,12.3
46000,91.99999999996699,-2873770.0754124187,-2301576.539709851,301.6048248945056,12.3
46500,92.99999999996466,-2873127.5591644756,-2302474.089370213,300.7930518149129,12.3
47000,93.99999999996233,-2872764.722844504,-2305742.3115103766,298.87911066962135,12.3
47500,94.99999999996,-2871213.2515040003,-2303457.511997004,299.2656500157831,12.3
48000,95.99999999995767,-2875593.734064568,-2306204.409603112,300.1267172481054,12.3
48500,96.99999999995534,-2874504.687865913,-2307313.8362315455,298.96789602647954,12.3
49000,97.999999999953,-2874184.877716791,-2303705.4216435193,300.7013286922733,12.3
49500,98.99999999995067,-2871806.2710425854,-2303391.5642064,299.61299355172036,12.3
50000,99.99999999994834,-2873069.0071148984,-2306709.875150265,298.52949424509006,12.3
50500,100.99999999994601,-2871023.916780412,-2303292.3005231903,299.25293458285694,12.3
51000,101.99999999994368,-2874543.5795013793,-2303708.1315804636,300.88897299821747,12.3
51500,102.99999999994135,-2873188.430541016,-2303789.1462122803,300.1319671222119,12.3
52000,103.99999999993902,-2874686.394268375,-2305977.36778068,299.76813026931273,12.3
52500,104.99999999993669,-2873847.1149232984,-2301218.744459579,301.8340275223093,12.3
53000,105.99999999993436,-2877234.628382392,-2307266.348042923,300.4318865226855,12.3
53500,106.99999999993203,-2871036.1432126276,-2301597.047901383,300.1529516032645,12.3
54000,107.9999999999297,-2872772.6862716004,-2301990.503915428,300.8608965689589,12.3
54500,108.99999999992737,-2869390.1149626337,-2298989.2639468596,300.659895744987,12.3
55000,109.99999999992504,-2874928.0582789704,-2304071.0901828473,300.90031634320485,12.3
55500,110.99999999992271,-2875073.0879588015,-2305984.958700177,299.96795640803856,12.3
56000,111.99999999992038,-2872575.2718885466,-2304436.3383409083,299.46763267430197,12.3
56500,112.99999999991805,-2874457.0176887736,-2304668.7974097966,300.3369763574587,12.3
57000,113.99999999991572,-2875542.290850349,-2307313.8998613777,299.5147859436858,12.3
57500,114.99999999991338,-2873342.1407171115,-2302105.364503809,301.1005142719265,12.3
58000,115.99999999991105,-2870505.86496919,-2300945.941205524,300.216640620985,12.3
58500,116.99999999990872,-2872715.079626698,-2304711.570928358,299.39624985466065,12.3
59000,117.9999999999064,-2872532.3855553903,-2302525.8300839113,300.452061452613,12.3
59500,118.99999999990406,-2873858.06687665,-2306624.74134829,298.99028413567817,12.3
60000,119.99999999990173,-2875081.797126092,-2305245.3806267916,300.36238072099,12.3
60500,120.9999999998994,-2875126.3481983095,-2306068.945077789,299.9517605740692,12.3
61000,121.99999999989707,-2873056.4514662027,-2304862.6703649405,299.4965429743568,12.3
61500,122.99999999989474,-2872766.266963478,-2305121.7278817464,299.20703595830537,12.3
62000,123.99999999989241,-2873690.0036907718,-2303920.285145203,300.3272240416484,12.3
62500,124.99999999989008,-2873277.842531543,-2303409.09682065,300.37942153951207,12.3
63000,125.99999999988775,-2876214.3715887554,-2306749.900922185,300.1663270245549,12.3
63500,126.99999999988542,-2877577.722593654,-2307240.368594059,300.6264262888484,12.3
64000,127.99999999988309,-2874704.44732213,-2304406.6040056753,300.605600096439,12.3
64500,128.99999999988785,-2873359.842647873,-2305292.387453608,299.4299562328395,12.3
65000,129.99999999989262,-2873157.586199183,-2303226.60685256,300.4122250642564,12.3
65500,130.9999999998974,-2875926.4447756186,-2307350.8542767977,299.697795783605,12.3
66000,131.99999999990217,-2872245.816540137,-2301836.293158895,300.66446697326074,12.3
66500,132.99999999990695,-2874347.2336823754,-2306069.939196564,299.5405631146621,12.3
67000,133.99999999991172,-2872942.249991376,-2303848.196369264,299.9710791567254,12.3
67500,134.9999999999165,-2872466.144746933,-2303167.7728911485,300.0787758733859,12.3
68000,135.99999999992127,-2874555.864101205,-2306848.91655073,299.2399316380235,12.3
68500,136.99999999992605,-2877151.938231319,-2309197.1312811538,299.37057902597456,12.3
69000,137.99999999993082,-2876180.6181176864,-2308563.24675435,299.19271577739073,12.3
69500,138.9999999999356,-2872887.517930504,-2304648.71564224,299.5202737688783,12.3
70000,139.99999999994037,-2873318.346083984,-2301907.461463326,301.19228730401517,12.3
70500,140.99999999994515,-2872810.800004348,-2305085.458489361,299.24962714854485,12.3
71000,141.99999999994992,-2872444.09729838,-2304274.9484261405,299.4835592570345,12.3
71500,142.9999999999547,-2876231.7982007302,-2310288.9971689815,298.310045037303,12.3
72000,143.99999999995947,-2876628.272715356,-2307754.6736737425,299.8548769261869,12.3
72500,144.99999999996425,-2873070.500557296,-2303367.387289631,300.29211621199664,12.3
73000,145.99999999996902,-2872780.7231170274,-2304741.882350618,299.4148734872923,12.3
73500,146.9999999999738,-2872571.881354265,-2303444.369192789,299.98871524709773,12.3
74000,147.99999999997857,-2872573.302164741,-2302587.088832715,300.44133905359064,12.2
74500,148.99999999998334,-2874240.4213159196,-2306656.849388766,299.17489999934475,12.2
75000,149.99999999998812,-2873060.118216388,-2303822.2416860666,300.04688861688123,12.2
75500,150.9999999999929,-2873110.072352968,-2303636.504683245,300.1711220805488,12.2
76000,151.99999999999767,-2872953.9549185373,-2304453.0623112014,299.65842231453274,12.2
76500,153.00000000000244,-2874574.0905583203,-2304212.666752625,300.63911355146354,12.2
77000,154.00000000000722,-2872121.0411953405,-2303980.2441966073,299.4686149046245,12.2
77500,155.000000000012,-2873923.1826430894,-2304164.767144574,300.321266173699,12.2
78000,156.00000000001677,-2873478.1992639005,-2304811.1950297747,299.74598022105357,12.2
78500,157.00000000002154,-2875377.5978533886,-2305451.046179678,300.4098912253887,12.2
79000,158.00000000002632,-2874653.603881214,-2305122.6020318153,300.20139579848336,12.2
79500,159.0000000000311,-2874194.167887863,-2305268.5368386055,299.88230314402233,12.2
80000,160.00000000003587,-2876676.657573305,-2307075.4994716262,300.2383753567343,12.2
80500,161.00000000004064,-2873383.9011025913,-2304984.3792127855,299.60498952369824,12.2
81000,162.00000000004542,-2873519.428835433,-2305004.295920464,299.6659284208098,12.2
81500,163.0000000000502,-2873239.7134665214,-2304027.1360937036,300.03355335967757,12.2
82000,164.00000000005497,-2874053.7529048733,-2305454.858013992,299.7100795943229,12.2
82500,165.00000000005974,-2873878.24488537,-2305841.2315295804,299.4139102540057,12.2
83000,166.00000000006452,-2874825.0206312723,-2303324.894975896,301.239326504863,12.2
83500,167.0000000000693,-2874322.2610293776,-2305239.245213326,299.96526109805046,12.2
84000,168.00000000007407,-2872298.3506096117,-2303878.6309286132,299.6156358363457,12.2
84500,169.00000000007884,-2872460.2245057896,-2305236.157188412,298.9854041065833,12.2
85000,170.00000000008362,-2874233.2901125588,-2305383.3782468364,299.84239134903305,12.2
85500,171.0000000000884,-2873557.0679429807,-2302799.925571984,300.8476979222195,12.2
86000,172.00000000009317,-2873760.7433940135,-2303622.023905566,300.5217254783454,12.2
86500,173.00000000009794,-2873985.5932995565,-2305038.685552099,299.8935181515935,12.2
87000,174.00000000010272,-2872026.9180730805,-2304230.9074559575,299.28687703139974,12.2
87500,175.0000000001075,-2875091.844003685,-2304461.048256983,300.78110026055646,12.2
88000,176.00000000011227,-2878572.6476624757,-2311115.773113926,299.1081174540972,12.2
88500,177.00000000011704,-2874860.691144526,-2306315.706298388,299.6816634578406,12.2
89000,178.00000000012182,-2876302.8227921426,-2305888.0010635126,300.6672597470975,12.2
89500,179.0000000001266,-2876370.4562550783,-2305236.11387083,301.046521112012,12.2
90000,180.00000000013137,-2875824.1806584224,-2305521.805141476,300.60798903208826,12.2
90500,181.00000000013614,-2873272.1376622245,-2304218.6469696276,299.94969832228674,12.2
91000,182.00000000014091,-2873766.132944934,-2304777.9007128556,299.9153004038738,12.2
91500,183.0000000001457,-2875463.3947519325,-2304345.634386182,301.03778068334003,12.2
92000,184.00000000015046,-2876299.596635185,-2307912.0745210773,299.5986644081169,12.2
92500,185.00000000015524,-2872937.9394872896,-2303026.7647645203,300.40178599122095,12.2
93000,186.00000000016001,-2876553.193922177,-2308172.00689325,299.595325166868,12.2
93500,187.0000000001648,-2872667.1156554148,-2303338.810201429,300.0945539573395,12.2
94000,188.00000000016956,-2872776.417631924,-2304033.12019696,299.78619458218094,12.2
94500,189.00000000017434,-2874266.683977831,-2305654.329763335,299.7171740417237,12.2
95000,190.0000000001791,-2876352.8004020527,-2306047.159304515,300.60971032881895,12.2
95500,191.0000000001839,-2875497.1035775878,-2307382.5501805516,299.45478182822546,12.2
96000,192.00000000018866,-2876138.0887810476,-2307696.602344723,299.6271091544085,12.2
96500,193.00000000019344,-2874983.566622678,-2306940.928637319,299.4168750121002,12.2
97000,194.0000000001982,-2876537.3613774516,-2306738.9344221633,300.342356325301,12.2
97500,195.000000000203,-2876289.2081127055,-2307350.4804292503,299.88920641680943,12.2
98000,196.00000000020776,-2876047.879518673,-2308791.752377273,299.00230293015795,12.2
98500,197.00000000021254,-2873223.8764055036,-2304190.1543836105,299.9392782002582,12.2
99000,198.0000000002173,-2875656.221516788,-2306504.805659926,300.0013149522872,12.2
99500,199.0000000002221,-2875600.4297731146,-2307101.2820958076,299.65750255699805,12.2
100000,200.00000000022686,-2873433.801565338,-2303644.2096610363,300.33769934503215,12.2
100500,201.00000000023164,-2871833.7110754363,-2301563.618330567,300.5909726919655,12.2
101000,202.0000000002364,-2876236.673682086,-2307176.6746267555,299.953128898622,12.2
101500,203.0000000002412,-2871271.7040659674,-2302387.0306410836,299.8607142648119,12.2
102000,204.00000000024596,-2873066.6196879223,-2302540.108955864,300.72613133550215,12.2
102500,205.00000000025074,-2873930.290631946,-2306049.9670027383,299.33131865763204,12.2
103000,206.0000000002555,-2875621.7736207433,-2307468.731847579,299.4750691597282,12.2
103500,207.0000000002603,-2877184.0773746483,-2306930.5281680776,300.582252546315,12.2
104000,208.00000000026506,-2878857.0793001316,-2310055.926732146,299.81669018581033,12.2
104500,209.00000000026984,-2875186.305204246,-2306048.081822362,299.99436116155505,12.2
105000,210.0000000002746,-2874914.1145908386,-2307667.215335761,298.99743888527684,12.2
105500,211.00000000027939,-2875720.725744158,-2304949.0019127987,300.8553838510617,12.2
106000,212.00000000028416,-2873309.166809134,-2306550.6872224975,298.7399915018589,12.2
106500,213.00000000028894,-2873942.3629301116,-2304971.867646018,299.9059512086151,12.2
107000,214.0000000002937,-2874785.387500439,-2303610.212016375,301.06804435397714,12.2
107500,215.00000000029848,-2875191.9102636203,-2304142.077953825,301.00197561365025,12.2
108000,216.00000000030326,-2875463.1689161398,-2308088.246568558,299.06492021805656,12.2
108500,217.00000000030803,-2871470.6928023137,-2300748.8906591027,300.8290699885782,12.2
109000,218.0000000003128,-2871193.3726548553,-2301077.542503096,300.50966044448336,12.2
109500,219.00000000031758,-2874757.3545896336,-2305184.365321678,300.22352748510957,12.2
110000,220.00000000032236,-2874728.909268938,-2307383.198998482,299.04952244989494,12.2
110500,221.00000000032713,-2873906.271285154,-2304107.201050038,300.34269539991067,12.2
111000,222.0000000003319,-2873852.7685800493,-2304292.12810263,300.2170184028237,12.2
111500,223.00000000033668,-2874977.19958099,-2306842.847482699,299.4652177794419,12.2
112000,224.00000000034146,-2873772.9749046527,-2304908.9260661947,299.8498429871947,12.2
112500,225.00000000034623,-2874342.271223739,-2303813.080155627,300.72754414818803,12.2
113000,226.000000000351,-2873687.825527303,-2303494.588001271,300.55046208956753,12.2
113500,227.00000000035578,-2875615.1660336405,-2307838.3742398676,299.2767467354604,12.2
114000,228.00000000036056,-2874475.5418774337,-2303515.5930447336,300.9545977796154,12.2
114500,229.00000000036533,-2876001.9003224336,-2307358.971264622,299.7332901277834,12.2
115000,230.0000000003701,-2875902.239173755,-2304402.9296679418,301.23889631012867,12.2
115500,231.00000000037488,-2875116.840843644,-2307095.5037693363,299.4056472418667,12.2
116000,232.00000000037966,-2874656.537853487,-2304768.613938663,300.38953042484076,12.2
116500,233.00000000038443,-2875475.9105272554,-2305810.1953937393,300.2724035501129,12.2
117000,234.0000000003892,-2869737.596073728,-2300604.166781408,299.99183418343785,12.2
117500,235.00000000039398,-2874487.07551891,-2304866.6321785566,300.2485406603781,12.2
118000,236.00000000039876,-2873980.302878827,-2307053.915981837,298.8284959182457,12.2
118500,237.00000000040353,-2871915.6692419574,-2300996.9711685916,300.9328543881412,12.2
119000,238.0000000004083,-2873416.656015821,-2302753.691532558,300.79805649223744,12.2
119500,239.00000000041308,-2874093.810354732,-2302990.8012343207,301.030005260358,12.2
120000,240.00000000041786,-2879839.308557149,-2310083.184478879,300.3200583596311,12.2
120500,241.00000000042263,-2876575.5899424106,-2308202.021260336,299.5913095147765,12.2
121000,242.0000000004274,-2874063.7348364107,-2305521.155610505,299.68039544863797,12.2
121500,243.00000000043218,-2877452.919589199,-2308268.504120172,300.01870914084,12.2
122000,244.00000000043696,-2871052.3826914057,-2302298.981967832,299.79152005407434,12.2
122500,245.00000000044173,-2877559.0769447573,-2308760.5027085273,299.81533113987734,12.2
123000,246.0000000004465,-2876029.930268772,-2308317.0073377937,299.24308127792295,12.2
123500,247.00000000045128,-2876837.535858039,-2305818.3775840877,300.9858072429288,12.2
124000,248.00000000045605,-2877622.9367591813,-2310003.26352028,299.1939291024868,12.2
124500,249.00000000046083,-2877893.916517563,-2308884.7047500894,299.9263587760931,12.2
125000,250.0000000004656,-2876435.3394839726,-2307922.0445658695,299.664959607483,12.2
125500,251.00000000047038,-2876325.523594763,-2307647.8060353003,299.7516272450249,12.2
126000,252.00000000047515,-2876464.458480779,-2307721.4443496973,299.78604525190633,12.2
126500,253.00000000047993,-2875387.992723305,-2306918.5803100625,299.64182901552675,12.2
127000,254.0000000004847,-2876790.2004821897,-2310721.236290217,298.3765459945373,12.2
127500,255.00000000048948,-2878077.1023970693,-2310718.093276454,299.0565323112849,12.2
128000,256.00000000049425,-2874464.3108967096,-2303695.5822863434,300.8538050616369,12.2
128500,257.000000000499,-2877841.358853396,-2308972.959263041,299.85213628077815,12.2
129000,258.0000000005038,-2876911.588666979,-2306083.143589082,300.8852817799309,12.2
129500,259.0000000005086,-2875550.1573264673,-2306841.6916908445,299.76783464260546,12.2
130000,260.00000000051335,-2876461.613113221,-2308631.485763005,299.3048600575409,12.2
130500,261.0000000005181,-2876205.5788793713,-2305978.6728383903,300.5682088586623,12.2
131000,262.0000000005229,-2873844.4729057327,-2304290.0218854896,300.21375592250644,12.2
131500,263.0000000005277,-2877593.5943123437,-2309743.383808209,299.3154459445585,12.2
132000,264.00000000053245,-2875500.7773644403,-2304754.8836909104,300.8417687020903,12.2
132500,265.0000000005372,-2876201.05916515,-2304890.149774399,301.13959007863866,12.2
133000,266.000000000542,-2874411.8059294857,-2305310.765553898,299.9747618941684,12.2
133500,267.0000000005468,-2876032.7870276496,-2306892.6172538684,299.99538711020807,12.2
134000,268.00000000055155,-2875916.0629728325,-2306879.3077943744,299.9408769856299,12.2
134500,269.0000000005563,-2878927.904069878,-2311002.5114174956,299.35507466673494,12.2
135000,270.0000000005611,-2874316.191197742,-2305750.627567405,299.69251059297517,12.2
135500,271.0000000005659,-2874168.967622254,-2303374.9546995396,300.8671324939172,12.2
136000,272.00000000057065,-2876195.4632626213,-2308363.2061715815,299.3059826499302,12.2
136500,273.0000000005754,-2875300.416891735,-2306208.3988707834,299.9700061856182,12.2
137000,274.0000000005802,-2880528.4842442796,-2313239.0014137425,299.01988480788583,12.2
137500,275.000000000585,-2874519.304167576,-2305194.3746307194,300.0927745019085,12.2
138000,276.00000000058975,-2876685.0734877624,-2308151.3101509637,299.6757485686498,12.2
138500,277.0000000005945,-2874363.137707241,-2304380.72859992,300.43933383602973,12.2
139000,278.0000000005993,-2873201.8381622285,-2303404.477757144,300.34179414368344,12.2
139500,279.0000000006041,-2877862.3336141817,-2309005.294064159,299.8461483715107,12.2
140000,280.00000000060885,-2874486.162450563,-2305696.580753883,299.8105911469431,12.2
140500,281.0000000006136,-2879151.080608554,-2310161.226092886,299.9161555141249,12.2
141000,282.0000000006184,-2873889.517547164,-2302513.34133643,301.17399240334913,12.2
141500,283.0000000006232,-2874943.6232138276,-2304139.937703047,300.8722309423408,12.2
142000,284.00000000062795,-2875253.9461626485,-2306312.3180366782,299.8907352482313,12.2
142500,285.0000000006327,-2875251.600479003,-2308163.024659928,298.91398615606414,12.2
143000,286.0000000006375,-2874576.0169104934,-2303153.168448769,301.1985934783509,12.2
143500,287.0000000006423,-2872995.643384151,-2302713.877373243,300.5971257033854,12.2
144000,288.00000000064705,-2874170.720165424,-2306830.037231108,299.0468725268502,12.2
144500,289.0000000006518,-2871529.5154573545,-2299771.7915135454,301.3751072885107,12.2
145000,290.0000000006566,-2873757.2831215747,-2303930.6682837903,300.3572142375876,12.2
145500,291.0000000006614,-2873128.054037083,-2302651.8706531185,300.6996036485184,12.2
146000,292.00000000066615,-2874828.660050839,-2304993.8658169066,300.36152562034374,12.2
146500,293.0000000006709,-2875009.3735190257,-2306677.2320971917,299.56947308917756,12.2
147000,294.0000000006757,-2876072.23093934,-2304925.3461286253,301.0531322603421,12.2
147500,295.0000000006805,-2877919.4052619375,-2309220.7163575413,299.76268130002853,12.2
148000,296.00000000068525,-2872975.498735346,-2301631.297304743,301.1571384066492,12.2
148500,297.00000000069,-2874143.6473729126,-2305019.603449155,299.986887129224,12.2
149000,298.0000000006948,-2875498.863305241,-2305948.5517186797,300.2115740153494,12.2
149500,299.0000000006996,-2876675.153869763,-2309236.694551376,299.09841073439117,12.2
150000,300.00000000070435,-2876131.593519684,-2306219.525180488,300.4022570189574,12.2
150500,301.0000000007091,-2877009.3525929376,-2306958.354355679,300.4754873596784,12.2
151000,302.0000000007139,-2875115.911732983,-2305216.9430118585,300.3953521733622,12.2
151500,303.00000000071867,-2877832.9273717664,-2309260.436624081,299.69616189604756,12.2
152000,304.00000000072345,-2872834.233321734,-2304145.170709419,299.75760725434907,12.2
152500,305.0000000007282,-2873457.4616862573,-2303895.537835534,300.2176948725081,12.2
153000,306.000000000733,-2875913.9281591773,-2308682.600770345,298.98923091070316,12.2
153500,307.00000000073777,-2873300.020511292,-2305007.949467144,299.5483518801958,12.2
154000,308.00000000074255,-2875447.225907095,-2306142.904599013,300.0819118464551,12.2
154500,309.0000000007473,-2876614.394919075,-2305985.916474227,300.7798788042202,12.2
155000,310.0000000007521,-2875481.147924956,-2308259.6293910304,298.98406063564437,12.2
155500,311.00000000075687,-2878386.549015019,-2308956.4761332357,300.1481958552736,12.2
156000,312.00000000076164,-2876850.974345684,-2306438.168826954,300.6661969971784,12.2
156500,313.0000000007664,-2875106.767378282,-2305901.025439874,300.02995038294046,12.2
157000,314.0000000007712,-2872031.9768716656,-2302881.3510483066,300.00089852340164,12.2
157500,315.00000000077597,-2872351.673810523,-2304319.8230738076,299.41118902294534,12.2
158000,316.00000000078074,-2876267.7470850646,-2308333.7088129767,299.3596317972416,12.2
158500,317.0000000007855,-2873327.6564932987,-2304595.6598172355,299.7802379203231,12.2
159000,318.0000000007903,-2875623.322512109,-2306222.595815015,300.13272739863726,12.2
159500,319.00000000079507,-2874953.7145064436,-2303931.2477406585,300.9875511582967,12.2
160000,320.00000000079984,-2875016.3988527767,-2306959.491471892,299.4243964506873,12.2
160500,321.0000000008046,-2875363.6220263727,-2305747.588105553,300.24621644291807,12.2
161000,322.0000000008094,-2873237.7774566747,-2302900.438401274,300.6264184117215,12.2
161500,323.00000000081417,-2872828.102409836,-2302764.7018735465,300.4820246464423,12.2
162000,324.00000000081894,-2875423.772841137,-2306271.849460601,300.0015824694459,12.2
162500,325.0000000008237,-2874813.8652400076,-2305000.612118009,300.3501712395487,12.2
163000,326.0000000008285,-2875513.25721794,-2304337.1193508655,301.06855162877366,12.2
163500,327.00000000083327,-2876950.4747289196,-2308422.4472340425,299.6727251902116,12.2
164000,328.00000000083804,-2876192.013501808,-2305144.1788397008,301.0009226479252,12.2
164500,329.0000000008428,-2875913.9217198864,-2308908.1031550863,298.870364574157,12.2
165000,330.0000000008476,-2874090.279264871,-2305776.149631219,299.55997902487627,12.2
165500,331.00000000085237,-2875163.161673352,-2305942.798364458,300.0376573485212,12.2
166000,332.00000000085714,-2875157.6662762053,-2305323.8418190903,300.3610144482508,12.2
166500,333.0000000008619,-2876434.370975163,-2305733.5042001777,300.8180348969984,12.2
167000,334.0000000008667,-2881052.9963700883,-2313157.880223466,299.33911583524076,12.2
167500,335.00000000087147,-2874601.3853343315,-2306907.0686795055,299.2332738573378,12.2
168000,336.00000000087624,-2877790.9402632155,-2306868.3807359966,300.93488977134734,12.2
168500,337.000000000881,-2875437.4052913636,-2304705.9138403083,300.83417725004387,12.2
169000,338.0000000008858,-2873924.8815711625,-2305944.006605164,299.38431955056996,12.2
169500,339.00000000089057,-2876446.078836415,-2308183.6482790513,299.532728296096,12.2
170000,340.00000000089534,-2876559.929799121,-2306237.4379061507,300.6185924305705,12.2
170500,341.0000000009001,-2876600.955966674,-2306893.567906968,300.29436946692624,12.2
171000,342.0000000009049,-2875768.190168962,-2306200.4607825144,300.2207549867463,12.2
171500,343.00000000090967,-2870849.5180605315,-2300929.875831352,300.406249237708,12.2
172000,344.00000000091444,-2872813.0502379946,-2301467.605827965,301.1577935846074,12.2
172500,345.0000000009192,-2875785.145699933,-2308073.2805730957,299.2425237063799,12.2
173000,346.000000000924,-2875420.612913627,-2305374.3167649833,300.47300887552075,12.2
173500,347.00000000092876,-2874941.4826563075,-2306259.6915789293,299.75377440779556,12.2
174000,348.00000000093354,-2876582.0983349644,-2307969.1722710156,299.71747546518145,12.2
174500,349.0000000009383,-2878442.8135629296,-2310397.513860274,299.41827801078654,12.2
175000,350.0000000009431,-2874516.2032775246,-2304748.1621479844,300.3263398709334,12.2
175500,351.00000000094786,-2875710.9060986973,-2307455.673571335,299.5289341942012,12.2
176000,352.00000000095264,-2875334.3486586697,-2305291.9574803836,300.4709505546424,12.2
176500,353.0000000009574,-2874069.4712426215,-2304457.7786876094,300.24392809676834,12.2
177000,354.0000000009622,-2875093.6100003533,-2305926.8110502576,300.0094234240743,12.2
177500,355.00000000096696,-2874388.5088182464,-2303551.7690759655,300.889653920899,12.2
178000,356.00000000097174,-2875335.075850684,-2304352.9150415454,300.96630577498144,12.2
178500,357.0000000009765,-2873980.8316333108,-2304127.5123099578,300.371290247174,12.2
179000,358.0000000009813,-2875014.4202129766,-2303889.650160265,301.04147550908755,12.2
179500,359.00000000098606,-2874308.9775843807,-2305618.710899492,299.75824192439563,12.2
180000,360.00000000099084,-2874913.63418724,-2304441.2184099336,300.6976177324333,12.2
180500,361.0000000009956,-2873768.9976996146,-2304173.528911468,300.235376503541,12.2
181000,362.0000000010004,-2878005.831311032,-2309658.512970828,299.57747288561313,12.2
181500,363.00000000100516,-2876938.9706785753,-2307511.875043892,300.1466265399386,12.2
182000,364.00000000100994,-2874254.4099395685,-2305224.0466893427,299.9375077822486,12.2
182500,365.0000000010147,-2877478.7104566656,-2309123.6978149693,299.58152857360915,12.2
183000,366.0000000010195,-2875011.7898168527,-2305625.4522212874,300.12514286267844,12.2
183500,367.00000000102426,-2877204.320972353,-2307210.2930143415,300.4454581649664,12.2
184000,368.00000000102904,-2878284.7023412995,-2309985.22986769,299.55225319451955,12.2
184500,369.0000000010338,-2877066.5372019,-2307947.7926769434,299.98409380118426,12.2
185000,370.0000000010386,-2874523.6423463337,-2305904.590126216,299.7207045793592,12.2
185500,371.00000000104336,-2875251.144038949,-2305776.928479546,300.17146358502436,12.2
186000,372.00000000104814,-2876310.023880791,-2305176.728771951,301.0459690901933,12.2
186500,373.0000000010529,-2874140.637918737,-2305644.5272604246,299.6559017357285,12.2
187000,374.0000000010577,-2876199.1305277795,-2307043.015461079,300.00379191903363,12.2
187500,375.00000000106246,-2875047.2326606065,-2305954.5471593784,299.9703580163526,12.2
188000,376.00000000106724,-2875954.1920854487,-2306694.135312865,300.0585798850732,12.2
188500,377.000000001072,-2880223.1050103717,-2309917.6865959866,300.6095929519018,12.2
189000,378.0000000010768,-2875735.386252098,-2303210.852092525,301.7792951138218,12.2
189500,379.00000000108156,-2876351.7869008034,-2308302.7921263287,299.42022569355396,12.2
190000,380.00000000108633,-2875814.8864278942,-2306817.3069687793,299.92022735358165,12.2
190500,381.0000000010911,-2876180.0143713728,-2308261.1055571856,299.351657017353,12.2
191000,382.0000000010959,-2876570.027209338,-2306465.1392026283,300.50389280899674,12.2
191500,383.00000000110066,-2876059.87189845,-2307278.617892155,299.8062015978768,12.2
192000,384.00000000110543,-2875078.6061899103,-2306986.83047383,299.44277564841474,12.2
192500,385.0000000011102,-2875909.691200301,-2306176.0897855726,300.30818660021805,12.2
193000,386.000000001115,-2876828.1546335593,-2309081.2139838017,299.2610121133408,12.2
193500,387.00000000111976,-2870967.7476378866,-2303264.0896350727,299.23819770818255,12.2
194000,388.00000000112453,-2875608.336871732,-2306058.525050002,300.2113105878987,12.2
194500,389.0000000011293,-2877698.491681803,-2308755.776465813,299.8913082564437,12.2
195000,390.0000000011341,-2877793.512462452,-2308342.9552073614,300.15899322616116,12.2
195500,391.00000000113886,-2875343.668298669,-2303886.3412510995,301.2167672380976,12.2
196000,392.00000000114363,-2874790.9349395446,-2304829.2312219525,300.42841996676384,12.2
196500,393.0000000011484,-2875706.7100107446,-2307408.874797812,299.55139018980344,12.2
197000,394.0000000011532,-2873817.8642119505,-2302709.484519533,301.03283610399495,12.2
197500,395.00000000115796,-2876095.8800627217,-2307622.8704857957,299.64372509063963,12.2
198000,396.00000000116273,-2873586.761735227,-2305570.8944509216,299.4027641001449,12.2
198500,397.0000000011675,-2877343.759324193,-2306452.921048286,300.91816941040247,12.2
199000,398.0000000011723,-2878007.432593398,-2310952.004229728,298.89651403892276,12.2
199500,399.00000000117706,-2874606.8712075986,-2307812.553178277,298.7588820459777,12.2
200000,400.00000000118183,-2877763.75207866,-2310062.7212327123,299.236812926396,12.2
200500,401.0000000011866,-2873841.9247055985,-2304623.8654981917,300.0364428501353,12.2
201000,402.0000000011914,-2876494.9738937505,-2307463.9924608557,299.9378336280752,12.2
201500,403.00000000119616,-2873127.820846867,-2304680.5329877674,299.6301671006992,12.2
202000,404.00000000120093,-2878857.5911358073,-2309144.633495729,300.2973052084335,12.2
202500,405.0000000012057,-2874770.96248867,-2304879.182244014,300.3915631071611,12.2
203000,406.0000000012105,-2874445.3173766397,-2305019.226000335,300.14609719251735,12.2
203500,407.00000000121526,-2874657.741612952,-2304631.7512665153,300.4623056299632,12.2
204000,408.00000000122003,-2874887.512683075,-2306088.378094462,299.8156265031972,12.2
204500,409.0000000012248,-2874028.5971256085,-2305481.812275413,299.68261224505113,12.2
205000,410.0000000012296,-2873929.696287092,-2304434.736839738,300.1823977468116,12.2
205500,411.00000000123435,-2874428.8777409904,-2304967.221066201,300.1648437615585,12.2
206000,412.00000000123913,-2875185.4251907393,-2307061.5089567467,299.45971700596624,12.2
206500,413.0000000012439,-2877013.2198612615,-2306871.8513317485,300.523121795355,12.2
207000,414.0000000012487,-2877215.5394238792,-2308700.1171936113,299.6660809197192,12.2
207500,415.00000000125345,-2875770.6859294623,-2305648.258742563,300.5131377602937,12.2
208000,416.00000000125823,-2872615.174443461,-2303051.569540261,300.21858096000534,12.2
208500,417.000000001263,-2875722.814239364,-2308000.700968083,299.2479255321918,12.2
209000,418.0000000012678,-2875217.488139149,-2304647.805646833,300.7488872919757,12.2
209500,419.00000000127255,-2874392.6803327985,-2305855.911534516,299.67733275586613,12.2
210000,420.00000000127733,-2876776.8315128647,-2306464.4754178547,300.61324982290694,12.2
210500,421.0000000012821,-2874171.214935757,-2304948.858106907,300.03870813850716,12.2
211000,422.0000000012869,-2875242.6273868456,-2306029.764924578,300.0337036311299,12.2
211500,423.00000000129165,-2874120.2641676217,-2305665.6135585,299.6340480269813,12.2
212000,424.0000000012964,-2874365.2261085026,-2305236.2838351773,299.9894690630829,12.2
212500,425.0000000013012,-2877498.4535755925,-2310047.0833085943,299.1052161317823,12.2
213000,426.000000001306,-2876753.911295507,-2307597.030616439,300.0041954754699,12.2
213500,427.00000000131075,-2874661.6434456855,-2306509.8322927654,299.47442049633014,12.2
214000,428.0000000013155,-2871924.0700366423,-2304206.4783737734,299.2455421796572,12.2
214500,429.0000000013203,-2875788.1253010817,-2306436.9495593347,300.106608950458,12.2
215000,430.0000000013251,-2876477.7660291344,-2308131.3409620086,299.5770020388568,12.2
215500,431.00000000132985,-2878137.380735468,-2307271.097308608,300.9052264802837,12.2
216000,432.0000000013346,-2874344.902142316,-2305578.736944972,299.79824824416414,12.2
216500,433.0000000013394,-2876838.150716264,-2308340.169115098,299.6568879149783,12.2
217000,434.0000000013442,-2869729.1094849817,-2301075.450274066,299.73894602171816,12.2
217500,435.00000000134895,-2873190.9316072837,-2305226.5769856228,299.3756116305216,12.2
218000,436.0000000013537,-2872223.1411725245,-2304489.1542194085,299.2541841833424,12.2
218500,437.0000000013585,-2873207.888099082,-2306023.308692107,298.9645899177479,12.2
219000,438.0000000013633,-2878624.1821755655,-2309854.1953801163,299.8002626192931,12.2
219500,439.00000000136805,-2875768.1821755655,-2307938.159281955,299.3048049981699,12.2
220000,440.0000000013728,-2873747.743297372,-2304826.8603481837,299.8798004070976,12.2
220500,441.0000000013776,-2873529.222227156,-2306165.758852508,299.05888016113624,12.2
221000,442.0000000013824,-2875396.6080541126,-2305868.049179932,300.20010809936275,12.2
221500,443.00000000138715,-2877977.250814963,-2309475.9498527083,299.65863755956104,12.2
222000,444.0000000013919,-2876852.764786955,-2307524.101628598,300.09474250432146,12.2
222500,445.0000000013967,-2876098.426621869,-2310404.3493553754,298.1789420398274,12.2
223000,446.0000000014015,-2874414.7992524765,-2304115.683782283,300.606270652259,12.2
223500,447.00000000140625,-2873577.707949139,-2304504.5544285597,299.9600626543189,12.2
224000,448.000000001411,-2878429.8195697144,-2308607.5440147617,300.35492698938054,12.2
224500,449.0000000014158,-2876880.12687622,-2306921.0053061745,300.4270589095165,12.2
225000,450.0000000014206,-2878077.172767613,-2309753.3717954317,299.56507681466536,12.2
225500,451.00000000142535,-2880728.8107392043,-2310397.1702926885,300.6234146589218,12.2
226000,452.0000000014301,-2874382.544615645,-2303042.632885227,301.15487729359495,12.2
226500,453.0000000014349,-2876336.95879665,-2305840.1151628722,300.71049372440785,12.2
227000,454.0000000014397,-2879196.277788691,-2309727.590826995,300.16854944559566,12.2
227500,455.00000000144445,-2876607.786096357,-2307093.4550276524,300.1926085830076,12.2
228000,456.0000000014492,-2878162.493680276,-2309651.729462646,299.6636256681333,12.2
228500,457.000000001454,-2875225.1187074557,-2306460.2928585755,299.797542269815,12.2
229000,458.0000000014588,-2879567.1679200344,-2309944.41941728,300.2497557179748,12.2
229500,459.00000000146355,-2875825.8511838093,-2306264.0091108205,300.21765176723403,12.2
230000,460.0000000014683,-2876837.367248278,-2308297.77692574,299.67881998925156,12.2
230500,461.0000000014731,-2875154.817047447,-2305336.132666984,300.3530340711883,12.2
231000,462.0000000014779,-2877522.463377375,-2309340.163944116,299.4904909548013,12.2
231500,463.00000000148265,-2877173.1840965375,-2306453.741301246,300.8278263696423,12.2
232000,464.0000000014874,-2877151.7904466093,-2308123.6822813563,299.9363191206056,12.2
232500,465.0000000014922,-2876604.3345813416,-2306124.7643137393,300.7013888844269,12.2
233000,466.00000000149697,-2876367.9209332503,-2307065.18995851,300.08107357726993,12.2
233500,467.00000000150175,-2878366.973523002,-2310041.776573697,299.5658126381405,12.2
234000,468.0000000015065,-2873843.77322679,-2304090.5020208196,300.3185546026038,12.2
234500,469.0000000015113,-2875064.668367807,-2306893.320666611,299.48471826597273,12.2
235000,470.00000000151607,-2876844.547370326,-2307624.8272301042,300.0373183325017,12.2
235500,471.00000000152085,-2873406.2034262978,-2304697.3239408964,299.76805278398956,12.2
236000,472.0000000015256,-2874296.1695283763,-2304191.342762808,300.5038605286189,12.2
236500,473.0000000015304,-2874906.6584293097,-2305172.085995441,300.308698427143,12.2
237000,474.00000000153517,-2877225.594903495,-2308041.9849428246,300.01828455511566,12.2
237500,475.00000000153995,-2875204.2947192565,-2307253.8576539997,299.3682756473266,12.2
238000,476.0000000015447,-2873798.5523515455,-2303951.221552864,300.3681336789461,12.2
238500,477.0000000015495,-2876830.692940749,-2307287.639828323,300.20774805318126,12.2
239000,478.00000000155427,-2875065.5998778827,-2306579.0359705803,299.6508696163721,12.2
239500,479.00000000155904,-2874096.0011654124,-2304398.3936821916,300.289214097503,12.2
240000,480.0000000015638,-2875418.671156153,-2305912.38916766,300.18836589014893,12.2
240500,481.0000000015686,-2875766.1630241834,-2305562.081069647,300.5561782183877,12.2
241000,482.00000000157337,-2875391.0963514447,-2307050.883126977,299.57372775908914,12.2
241500,483.00000000157814,-2876506.003513936,-2305518.6491475445,300.9690433136428,12.2
242000,484.0000000015829,-2874637.073179066,-2307014.4247341375,299.1954973419668,12.2
242500,485.0000000015877,-2876045.68447645,-2306520.7412404167,300.19820228630766,12.2
243000,486.00000000159247,-2875031.6168203056,-2303111.077732139,301.4609276098533,12.2
243500,487.00000000159724,-2878003.1237250827,-2308399.438717678,300.2397072958621,12.2
244000,488.000000001602,-2876373.630591102,-2306817.662482911,300.2145555838385,12.2
244500,489.0000000016068,-2873773.2672047764,-2302614.772303776,301.05925197164464,12.2
245000,490.00000000161157,-2873031.354402285,-2303310.2587753404,300.30159476424063,12.2
245500,491.00000000161634,-2874583.5150764436,-2306162.031314372,299.6165656884498,12.2
246000,492.0000000016211,-2875590.383637242,-2306562.9352075765,299.93597137211856,12.2
246500,493.0000000016259,-2878347.109152343,-2309343.3383422354,299.923490832135,12.2
247000,494.00000000163067,-2874290.02403963,-2305749.869595998,299.6791173390693,12.2
247500,495.00000000163544,-2874242.2714110054,-2306237.0293005244,299.3971635410843,12.2
248000,496.0000000016402,-2876500.1668368056,-2308965.271045625,299.14924267092243,12.2
248500,497.000000001645,-2874981.1184241027,-2306620.8734719194,299.58428653920964,12.2
249000,498.00000000164977,-2875826.772977352,-2306516.1565481885,300.0852300225145,12.2
249500,499.00000000165454,-2877200.79060987,-2306830.0387026267,300.64403042007257,12.2
250000,500.0000000016593,-2875999.8193761706,-2306243.274959906,300.32027992097244,12.2
250500,501.0000000016641,-2877641.275501564,-2308498.56087571,299.99672850890613,12.2
251000,502.00000000166887,-2876432.338807475,-2307417.589268681,299.92927775095933,12.2
251500,503.00000000167364,-2876868.3655371517,-2305833.554268087,300.99405798075765,12.2
252000,504.0000000016784,-2877747.504157897,-2307859.9017747575,300.3893609445843,12.2
252500,505.0000000016832,-2877829.776344333,-2309875.909850402,299.3700833088436,12.2
253000,506.00000000168797,-2875352.4307666533,-2307478.9439125676,299.3277149742015,12.2
253500,507.00000000169274,-2875546.484786283,-2305671.3203275357,300.38280487959173,12.2
254000,508.0000000016975,-2876124.018907156,-2306781.1783651253,300.1022154432021,12.2
254500,509.0000000017023,-2875467.255780533,-2306713.8427876756,299.7915265212483,12.2
255000,510.00000000170706,-2878027.0751711577,-2308646.5575964567,300.12207511328234,12.2
255500,511.00000000171184,-2875942.5450751297,-2308063.444192053,299.3306741447011,12.2
256000,512.0000000017166,-2874291.0100003257,-2305186.97062492,299.9763426754224,12.2
256500,513.0000000016929,-2875320.5894717127,-2305747.8678409704,300.2233864127804,12.2
257000,514.0000000016693,-2875671.4873178825,-2307738.9898492494,299.35881963539924,12.2
257500,515.0000000016456,-2876090.047698632,-2306777.7008883366,300.0861421112845,12.2
258000,516.000000001622,-2877160.5788064636,-2307686.3600668553,300.17146526131955,12.2
258500,517.0000000015983,-2876859.820476778,-2306209.195982545,300.79155204925013,12.2
259000,518.0000000015747,-2879443.8480095267,-2309577.113587159,300.3783613836632,12.2
259500,519.000000001551,-2879034.896488078,-2310128.235846656,299.87230378860085,12.2
260000,520.0000000015274,-2876476.896488078,-2307479.750054717,299.9199991044867,12.2
260500,521.0000000015037,-2875573.0835227966,-2306499.92305719,299.96006631506236,12.2
261000,522.0000000014801,-2877728.8113477826,-2309844.754060321,299.3332866794176,12.2
261500,523.0000000014564,-2875724.7768663876,-2306993.413086935,299.7799043187364,12.2
262000,524.0000000014328,-2876844.534189485,-2308517.6696029566,299.5666916544196,12.2
262500,525.0000000014091,-2876421.6938460246,-2307510.9830142953,299.8744386553237,12.2
263000,526.0000000013855,-2874233.813627951,-2306411.366733711,299.30081166755525,12.2
263500,527.0000000013619,-2875679.3083688393,-2304088.9737384026,301.28687590979223,12.2
264000,528.0000000013382,-2873964.6130027734,-2304737.4286186984,300.04125275646817,12.2
264500,529.0000000013146,-2876906.644001495,-2309560.610856192,299.04969263813643,12.2
265000,530.0000000012909,-2878564.574335832,-2309460.5756795583,299.9763212122535,12.2
265500,531.0000000012673,-2875234.1897835657,-2307164.0391839957,299.4313769885707,12.2
266000,532.0000000012436,-2878388.1897835657,-2312251.4726627064,298.4122587542556,12.2
266500,533.00000000122,-2877897.746278126,-2309703.167631544,299.4969633627417,12.2
267000,534.0000000011963,-2878719.827637505,-2309105.708107088,300.24520736234234,12.2
267500,535.0000000011727,-2876365.5316034853,-2307639.4799525375,299.77710428083395,12.2
268000,536.000000001149,-2876843.7006416135,-2307733.7781073544,299.97944370503063,12.2
268500,537.0000000011254,-2878968.779062655,-2309659.4107552255,300.08457213403176,12.2
269000,538.0000000011017,-2877546.0376266353,-2310184.2122793617,299.0580167522918,12.2
269500,539.0000000010781,-2877359.8321993947,-2309511.5250977315,299.31444265575266,12.2
270000,540.0000000010544,-2876283.10340216,-2306889.1004514107,300.12918329299407,12.2
270500,541.0000000010308,-2874317.599954214,-2304297.206625445,300.45935542618037,12.2
271000,542.0000000010072,-2875085.895704899,-2308627.972518707,298.58156737632993,12.2
271500,543.0000000009835,-2873802.1266212314,-2305220.9547060514,299.70073776389415,12.2
272000,544.0000000009599,-2873513.9043234847,-2304319.7215841524,300.0238574965381,12.2
272500,545.0000000009362,-2876408.6327949427,-2306220.318248715,300.54786717304154,12.2
273000,546.0000000009126,-2874990.4130293764,-2305616.1533002094,300.11877658526913,12.2
273500,547.0000000008889,-2877349.8380914405,-2309782.4136461206,299.1663886161728,12.2
274000,548.0000000008653,-2876032.0936867744,-2308593.028710284,299.0987299784842,12.2
274500,549.0000000008416,-2875372.64754894,-2304856.9167719157,300.7204491908299,12.2
275000,550.000000000818,-2874450.474291321,-2304465.569553254,300.4406492900275,12.2
275500,551.0000000007943,-2874718.396448992,-2305175.189942038,300.2078289078691,12.2
276000,552.0000000007707,-2875928.4328811727,-2308578.34894876,299.05182781943563,12.2
276500,553.000000000747,-2875414.9315501153,-2306820.5774741173,299.70768611800383,12.2
277000,554.0000000007234,-2876702.461713463,-2309172.53920185,299.1466212412493,12.2
277500,555.0000000006997,-2875940.525575392,-2307363.1756950654,299.6987231585539,12.2
278000,556.0000000006761,-2877321.677496627,-2307811.0668669026,300.1906475291384,12.2
278500,557.0000000006524,-2877496.592296295,-2307609.603140266,300.3890377108463,12.2
279000,558.0000000006288,-2878223.2784947567,-2306863.898176198,301.1651392412592,12.2
279500,559.0000000006052,-2875099.969616253,-2304799.942125108,300.6067513810722,12.2
280000,560.0000000005815,-2877795.7485603727,-2308608.422444852,300.0202433508076,12.2
280500,561.0000000005579,-2876316.5703445785,-2307426.3137569623,299.8636571656192,12.2
281000,562.0000000005342,-2874495.811199203,-2306579.8786780396,299.3500882049142,12.2
281500,563.0000000005106,-2875246.3787971586,-2305044.7735129436,300.5548727584828,12.2
282000,564.0000000004869,-2875273.513470959,-2306842.5849972055,299.62154402258875,12.2
282500,565.0000000004633,-2875894.9720868543,-2308575.6356143104,299.0356207467042,12.2
283000,566.0000000004396,-2876930.6361501925,-2308017.153128326,299.87589988455596,12.2
283500,567.000000000416,-2878733.8247358873,-2310704.0227559707,299.4101091174642,12.2
284000,568.0000000003923,-2877759.7293957286,-2307457.370596722,300.6079802200151,12.2
284500,569.0000000003687,-2877103.3243514523,-2306487.8482008968,300.7730252582631,12.2
285000,570.000000000345,-2876684.8479375094,-2309080.678815377,299.18575683885337,12.2
285500,571.0000000003214,-2878820.5597400665,-2309454.81535561,300.1142881230791,12.2
286000,572.0000000002977,-2875563.2765703313,-2306800.9958384307,299.79620073148385,12.2
286500,573.0000000002741,-2876669.7138984986,-2308585.094995954,299.4390032718348,12.2
287000,574.0000000002505,-2877382.268602323,-2306401.5499753826,300.96554559668095,12.2
287500,575.0000000002268,-2877143.2021129243,-2310482.38621581,298.6885126959322,12.2
288000,576.0000000002032,-2880758.467413813,-2310820.4408402517,300.41593967743177,12.2
288500,577.0000000001795,-2876422.8567205034,-2305621.9616470514,300.8707600949626,12.2
289000,578.0000000001559,-2877969.5163368993,-2308396.4069798053,300.22359078443276,12.2
289500,579.0000000001322,-2878083.6325743645,-2310765.978446519,299.03473397807323,12.2
290000,580.0000000001086,-2880779.8833468147,-2311879.3304234613,299.86908439319774,12.2
290500,581.0000000000849,-2876086.5455695353,-2307060.813080052,299.9350668952136,12.2
291000,582.0000000000613,-2876462.9704048783,-2307910.9987483667,299.68534622527466,12.2
291500,583.0000000000376,-2880069.7240461074,-2309688.0297938096,300.6497981609821,12.2
292000,584.000000000014,-2876725.2139265276,-2308357.326756721,299.5883147736519,12.2
292500,584.9999999999903,-2876843.023867119,-2306089.515039795,300.84578267111164,12.2
293000,585.9999999999667,-2877526.1137660034,-2307708.8850108692,300.3522668069763,12.2
293500,586.999999999943,-2874725.2640084177,-2304481.2856343333,300.5772077335444,12.2
294000,587.9999999999194,-2874692.672021415,-2303698.590087517,300.9725894334313,12.2
294500,588.9999999998957,-2873213.641811818,-2305667.8924921723,299.15496359635733,12.2
295000,589.9999999998721,-2879210.4280114584,-2308259.6100442307,300.9497848746978,12.2
295500,590.9999999998485,-2877698.6434077024,-2307489.6446207403,300.5587698946131,12.2
296000,591.9999999998248,-2876077.0028490126,-2307400.8538476597,299.7508004536255,12.2
296500,592.9999999998012,-2874943.131443396,-2305314.3544330075,300.2529333613349,12.2
297000,593.9999999997775,-2874951.54850363,-2304367.843930673,300.7562783701905,12.2
297500,594.9999999997539,-2877309.084366124,-2308448.6204902083,299.8479533433374,12.2
298000,595.9999999997302,-2876050.6058149002,-2307764.358202307,299.54528233301517,12.2
298500,596.9999999997066,-2875486.1196018457,-2306288.5122544095,300.02566261711905,12.2
299000,597.9999999996829,-2877429.7125886865,-2308402.8379805386,299.9356689091797,12.2
299500,598.9999999996593,-2874873.7071421333,-2305111.761643038,300.32312684695063,12.2
300000,599.9999999996356,-2876628.6004494466,-2306057.6316442834,300.7495653111019,12.2
300500,600.999999999612,-2879989.187307354,-2312182.2194831218,299.2926526061403,12.2
301000,601.9999999995883,-2874262.272151541,-2305228.949886526,299.93906748728153,12.2
301500,602.9999999995647,-2876921.7687947154,-2307322.6912525618,300.2372786879463,12.2
302000,603.999999999541,-2875858.8128827587,-2307166.266483494,299.7594435682665,12.2
302500,604.9999999995174,-2877772.1101187505,-2307937.606914196,300.36137221793854,12.2
303000,605.9999999994938,-2875200.641323589,-2305190.834739607,300.45377512317367,12.2
303500,606.9999999994701,-2874701.888195753,-2304766.2576970747,300.41467669960997,12.2
304000,607.9999999994465,-2878266.8952255026,-2307617.4544564956,300.7909281043482,12.2
304500,608.9999999994228,-2877718.518961545,-2308360.33336238,300.1103038660543,12.2
305000,609.9999999993992,-2879439.3404684886,-2309860.877005707,300.2264129486266,12.2
305500,610.9999999993755,-2877614.775193587,-2306766.553503045,300.89570608817917,12.2
306000,611.9999999993519,-2876759.004756056,-2307836.460512245,299.88067608017377,12.2
306500,612.9999999993282,-2876781.3200777136,-2309928.625477991,298.78965250071894,12.2
307000,613.9999999993046,-2875507.247315008,-2306592.9489609636,299.87632964844425,12.2
307500,614.9999999992809,-2880656.3620274477,-2312490.963317071,299.4815825361501,12.2
308000,615.9999999992573,-2878455.7269812524,-2311330.286623585,298.93341755822655,12.2
308500,616.9999999992336,-2876616.925185792,-2308782.519736897,299.30711505540904,12.2
309000,617.99999999921,-2880211.8495795317,-2312524.6474913573,299.2295237492094,12.2
309500,618.9999999991863,-2873763.347732719,-2305318.0158459926,299.6291361021502,12.2
310000,619.9999999991627,-2876141.342188243,-2308423.8543382934,299.2454874595749,12.2
310500,620.999999999139,-2876503.019207325,-2306283.60183632,300.56426155961753,12.2
311000,621.9999999991154,-2877770.0111059584,-2306522.0777184246,301.1063952499002,12.2
311500,622.9999999990918,-2875263.242017556,-2305668.857551624,300.2348049542464,12.2
312000,623.9999999990681,-2878282.63177713,-2309953.48106253,299.5678966789677,12.2
312500,624.9999999990445,-2878586.5470605083,-2309340.7351890253,300.0510713575662,12.2
313000,625.9999999990208,-2879144.680372726,-2307990.7103574937,301.05686689160694,12.2
313500,626.9999999989972,-2873860.598012902,-2303216.465290892,300.7881302178199,12.2
314000,627.9999999989735,-2877180.3141936325,-2308149.0636883983,299.9379754568634,12.2
314500,628.9999999989499,-2876338.863413051,-2307556.9136697943,299.8065683227895,12.2
315000,629.9999999989262,-2876139.6407032683,-2307987.4409087216,299.4746253504268,12.2
315500,630.9999999989026,-2877132.6086409576,-2308308.7737813704,299.828646085624,12.2
316000,631.9999999988789,-2875348.360588394,-2306202.174818605,299.9985581586547,12.2
316500,632.9999999988553,-2875280.1666390374,-2306397.745087348,299.8595272961062,12.2
317000,633.9999999988316,-2875408.613699399,-2307367.5274964133,299.4160570632385,12.2
317500,634.999999998808,-2877211.128246434,-2311806.009356358,298.02663126544167,12.2
318000,635.9999999987843,-2874332.560887385,-2304803.66642295,300.2002849899313,12.2
318500,636.9999999987607,-2876389.7888622098,-2306502.7435810375,300.38906729456744,12.2
319000,637.999999998737,-2876183.818137236,-2306389.316726219,300.34028715985505,12.2
319500,638.9999999987134,-2877398.6544927955,-2307925.918493208,300.17068370487686,12.2
320000,639.9999999986898,-2875778.7986919433,-2306882.6453073295,299.8667653839318,12.2
320500,640.9999999986661,-2876760.625546135,-2308259.8769824626,299.65834638871183,12.2
321000,641.9999999986425,-2875910.512986943,-2307428.120213078,299.6486710001848,12.2
321500,642.9999999986188,-2875952.146929767,-2305479.07316636,300.6979645587607,12.2
322000,643.9999999985952,-2876332.9859560654,-2305569.1037473627,300.85125050966474,12.2
322500,644.9999999985715,-2877772.1735180803,-2308120.3432799694,300.2650847826225,12.2
323000,645.9999999985479,-2876611.1708065383,-2307234.6709812107,300.1199573462671,12.2
323500,646.9999999985242,-2876704.197563894,-2307158.750115863,300.20901011422495,12.2
324000,647.9999999985006,-2878507.3507584296,-2308270.0869241967,300.57366848066965,12.2
324500,648.9999999984769,-2872152.357757788,-2303975.6300058765,299.4875541058643,12.2
325000,649.9999999984533,-2877011.815604396,-2307848.0720282434,300.0078129278602,12.2
325500,650.9999999984296,-2876386.3748910986,-2305898.515819982,300.7057579361139,12.2
326000,651.999999998406,-2875604.277409211,-2306871.7844399847,299.78049951784755,12.2
326500,652.9999999983823,-2878152.1021883674,-2310262.4111976624,299.3362562202709,12.2
327000,653.9999999983587,-2878957.1663701385,-2306342.402115061,301.82685565139695,12.2
327500,654.999999998335,-2876710.2092335373,-2307222.994812116,300.1783153218201,12.2
328000,655.9999999983114,-2876502.812672578,-2306804.135261222,300.28977805963785,12.2
328500,656.9999999982878,-2878399.9007896148,-2310273.907685792,299.4608117299053,12.2
329000,657.9999999982641,-2875878.454778306,-2306749.1452217754,299.98966265909553,12.2
329500,658.9999999982405,-2875226.0005555265,-2307495.91977934,299.2521252264768,12.2
330000,659.9999999982168,-2876844.572460521,-2306673.7135158405,300.5386662762828,12.2
330500,660.9999999981932,-2875696.9739393927,-2307293.015304561,299.60732814450233,12.2
331000,661.9999999981695,-2875345.445584547,-2307126.8600848094,299.50961744268244,12.2
331500,662.9999999981459,-2873454.9925664067,-2302490.59270011,300.95694393196595,12.2
332000,663.9999999981222,-2878002.370387677,-2308840.979860514,300.00657262910784,12.2
332500,664.9999999980986,-2880860.623115603,-2310909.1861342723,300.4230083411525,12.2
333000,665.9999999980749,-2878984.6759859324,-2310903.62529621,299.43712245680223,12.2
333500,666.9999999980513,-2876575.1557974555,-2308176.6350371847,299.60446182549947,12.2
334000,667.9999999980276,-2876415.1555947587,-2308791.3589559807,299.19610255818,12.2
334500,668.999999998004,-2877052.537963018,-2308031.9718524897,299.93234368230935,12.2
335000,669.9999999979804,-2875585.0446264558,-2307271.47149433,299.55968569135354,12.2
335500,670.9999999979567,-2877377.8500291966,-2308637.0912509104,299.78485644909307,12.2
336000,671.9999999979331,-2879767.660709787,-2311430.649111148,299.5720401730938,12.2
336500,672.9999999979094,-2878031.929023199,-2306826.705324909,301.08388285235986,12.2
337000,673.9999999978858,-2877530.7053454034,-2307024.880576111,300.71522770624307,12.2
337500,674.9999999978621,-2877169.1701444685,-2307940.2138998597,300.04218670914815,12.2
338000,675.9999999978385,-2879109.2177678496,-2311132.637692921,299.3820557013859,12.2
338500,676.9999999978148,-2876428.3576345704,-2307407.9757948928,299.9322465526248,12.2
339000,677.9999999977912,-2876610.7672537044,-2308171.097709906,299.6261514652387,12.2
339500,678.9999999977675,-2877307.075048901,-2309341.7699963627,299.3761126053152,12.2
340000,679.9999999977439,-2876754.950446412,-2306727.269897649,300.4631965403718,12.2
340500,680.9999999977202,-2874730.1960865,-2304110.5375959277,300.77522978146993,12.2
341000,681.9999999976966,-2875602.452005077,-2305465.6598811494,300.52070955907635,12.2
341500,682.999999997673,-2877094.5431918763,-2307945.517845577,300.00005490743405,12.2
342000,683.9999999976493,-2878935.9841740318,-2311183.080300559,299.2641553453632,12.2
342500,684.9999999976257,-2877409.8158747107,-2306122.792719454,301.1269995766072,12.2
343000,685.999999997602,-2877553.205019802,-2307244.6174157504,300.6112634407044,12.2
343500,686.9999999975784,-2879670.3911723457,-2310342.9291324588,300.09410939139144,12.2
344000,687.9999999975547,-2874271.473477632,-2306793.315075718,299.11933623317543,12.2
344500,688.9999999975311,-2873685.6117520444,-2302660.791216507,300.98879183696516,12.2
345000,689.9999999975074,-2873603.787437074,-2305639.98873353,299.37531860451566,12.2
345500,690.9999999974838,-2877926.435642712,-2308160.601068418,300.3251767894459,12.2
346000,691.9999999974601,-2877656.365785066,-2307927.6737002237,300.3055988786024,12.2
346500,692.9999999974365,-2877324.552645657,-2307640.202000512,300.28222638080075,12.2
347000,693.9999999974128,-2875264.8714752495,-2307117.0444895523,299.472320430561,12.2
347500,694.9999999973892,-2874086.7730247714,-2304817.7017179504,300.06333147146916,12.2
348000,695.9999999973655,-2876611.1527763866,-2308706.442107212,299.34417313511204,12.2
348500,696.9999999973419,-2877137.060212247,-2308454.194862695,299.7543406596854,12.2
349000,697.9999999973182,-2876533.955150552,-2306334.2887829975,300.55385075004807,12.2
349500,698.9999999972946,-2877670.800912317,-2307991.3046423346,300.27966762597435,12.2
350000,699.999999997271,-2879070.1686344557,-2309914.9204822555,300.003334965958,12.2
350500,700.9999999972473,-2877570.6503521577,-2309408.542769976,299.4798477732054,12.2
351000,701.9999999972237,-2874601.9430060275,-2304187.279174504,300.6671765190879,12.2
351500,702.9999999972,-2872677.469852995,-2303390.9633784685,300.0725215974925,12.2
352000,703.9999999971764,-2876931.4046509676,-2308496.3825700134,299.62370177447866,12.2
352500,704.9999999971527,-2879284.26423781,-2310093.751798611,300.02192287099626,12.2
353000,705.9999999971291,-2877195.745446462,-2309381.6186075956,299.2964261429253,12.2
353500,706.9999999971054,-2878468.341645334,-2308387.7623256017,300.4910796315983,12.2
354000,707.9999999970818,-2875007.824410092,-2306771.7988711633,299.5188101364799,12.2
354500,708.9999999970581,-2877920.636078693,-2305959.083588279,301.48254588973816,12.2
355000,709.9999999970345,-2878172.1310948096,-2308872.624181273,300.07937416552517,12.2
355500,710.9999999970108,-2876457.528241597,-2307830.0502158343,299.72514584525544,12.2
356000,711.9999999969872,-2878462.6831879653,-2309940.5467790095,299.6696199822234,12.2
356500,712.9999999969635,-2878058.194914311,-2307526.82778647,300.72869115540277,12.2
357000,713.9999999969399,-2877256.138626557,-2306092.834841153,301.06178674816323,12.2
357500,714.9999999969162,-2877221.2768019997,-2307065.295834008,300.5308240528494,12.2
358000,715.9999999968926,-2877249.3170634285,-2307574.904663155,300.2769879039267,12.2
358500,716.999999996869,-2876239.171054732,-2308266.5826548995,299.3799516781956,12.2
359000,717.9999999968453,-2876311.3907151073,-2306172.505652988,300.5218127526944,12.2
359500,718.9999999968217,-2875536.1657570973,-2305328.5224229917,300.55805543159323,12.2
360000,719.999999996798,-2877269.7143049017,-2307190.9992168457,300.49009698982917,12.2
360500,720.9999999967744,-2877929.854052577,-2307255.6436998453,300.8039842217209,12.2
361000,721.9999999967507,-2873233.5841310695,-2304709.5337085486,299.6706288641667,12.2
361500,722.9999999967271,-2873818.881999448,-2305389.7630713633,299.6205902059681,12.2
362000,723.9999999967034,-2874728.3524587974,-2307451.172994046,299.01339966911405,12.2
362500,724.9999999966798,-2878876.8662133478,-2310343.3495216314,299.675618561332,12.2
363000,725.9999999966561,-2877629.8566461764,-2307268.8061255612,300.638916791846,12.2
363500,726.9999999966325,-2879020.7985515893,-2310080.72765162,299.8899144300187,12.2
364000,727.9999999966088,-2876953.166760329,-2307471.004476024,300.17565232611145,12.2
364500,728.9999999965852,-2880275.2245372646,-2310533.2335162633,300.3126087853232,12.2
365000,729.9999999965615,-2876742.527185321,-2306660.9146430185,300.49162424612643,12.2
365500,730.9999999965379,-2880103.670612611,-2311048.0191689925,299.9508372602386,12.2
366000,731.9999999965142,-2877214.7743800916,-2310450.8763379855,298.7428475850041,12.2
366500,732.9999999964906,-2876629.322355978,-2307011.12502278,300.24735678367813,12.2
367000,733.999999996467,-2874223.6547674984,-2305174.0821006303,299.9476331198858,12.2
367500,734.9999999964433,-2877768.8146768063,-2307356.0523726903,300.66617421863344,12.2
368000,735.9999999964197,-2874834.5545753837,-2307507.177795126,299.0398588155546,12.2
368500,736.999999996396,-2876915.795103483,-2306591.749213497,300.6194115467761,12.2
369000,737.9999999963724,-2877544.134273164,-2306770.056263173,300.8566247452516,12.2
369500,738.9999999963487,-2877084.278376512,-2309043.9002136793,299.41568385327895,12.2
370000,739.9999999963251,-2876336.296924647,-2306310.492527588,300.46220761552246,12.2
370500,740.9999999963014,-2875091.5203891285,-2305770.4389092447,300.0907461802358,12.2
371000,741.9999999962778,-2877480.2475969866,-2309036.9351028986,299.62807167460073,12.2
371500,742.9999999962541,-2877162.1059001237,-2308722.963066216,299.6258738349711,12.2
372000,743.9999999962305,-2878365.5439844206,-2309880.3429745524,299.65015122929447,12.2
372500,744.9999999962068,-2876683.6789169163,-2307384.9684296194,300.07895436701006,12.2
373000,745.9999999961832,-2876724.120166756,-2306657.8007065644,300.4835632194558,12.2
373500,746.9999999961595,-2876873.331647299,-2306453.7713369327,300.66975746688246,12.2
374000,747.9999999961359,-2879496.913258001,-2308250.4929851065,301.1055976829106,12.2
374500,748.9999999961123,-2880047.484347813,-2310454.445291888,300.2340957848409,12.2
375000,749.9999999960886,-2878095.325087197,-2308149.7100961274,300.4199395536818,12.2
375500,750.999999996065,-2877813.5452742167,-2309085.804150545,299.77799480666687,12.2
376000,751.9999999960413,-2879580.4170794114,-2308707.3609329164,300.9087963998861,12.2
376500,752.9999999960177,-2880114.949893318,-2311334.362811372,299.80585006017327,12.2
377000,753.999999995994,-2878107.080183763,-2306091.428161601,301.51106190535455,12.2
377500,754.9999999959704,-2878089.6665101685,-2309473.6333060456,299.71911324752193,12.2
378000,755.9999999959467,-2877537.162351705,-2308573.993745774,299.9020892959117,12.2
378500,756.9999999959231,-2874840.8965504244,-2305695.251420888,299.998273185654,12.2
379000,757.9999999958994,-2875754.70056428,-2305350.836115923,300.6614841337925,12.2
379500,758.9999999958758,-2877262.2713755593,-2306282.0362936547,300.9652907187304,12.2
380000,759.9999999958521,-2875447.061859399,-2305312.574161816,300.51949488945723,12.2
380500,760.9999999958285,-2876425.8462981842,-2307435.7934267316,299.916260068018,12.2
381000,761.9999999958048,-2876353.8598859906,-2308114.381718266,299.5206300268463,12.2
381500,762.9999999957812,-2875435.496110741,-2308349.317344866,298.9127226625683,12.2
382000,763.9999999957575,-2877349.2372947223,-2307568.1697882693,300.3332061109076,12.2
382500,764.9999999957339,-2878253.8764522895,-2309840.10153777,299.6125023331844,12.2
383000,765.9999999957103,-2877787.6990181096,-2308279.9899340053,300.1891181162666,12.2
383500,766.9999999956866,-2875435.149544202,-2307279.9208541117,299.4762218898018,12.2
384000,767.999999995663,-2877573.6405590326,-2310273.173738011,299.025674500219,12.2
384500,768.9999999956393,-2876379.5836333632,-2305617.243820333,300.85043750856,12.2
385000,769.9999999956157,-2871422.704137098,-2303681.3544751457,299.25806508791527,12.2
385500,770.999999995592,-2876888.523722764,-2306344.9307013797,300.73513545833754,12.2
386000,771.9999999955684,-2875088.8675021343,-2306125.987080871,299.90193739296143,12.2
386500,772.9999999955447,-2876512.1855997927,-2308846.895689282,299.21797377862276,12.2
387000,773.9999999955211,-2877105.167978354,-2307947.9407321983,300.0043781519581,12.2
387500,774.9999999954974,-2873812.627684839,-2305549.3604398994,299.53316931647504,12.2
388000,775.9999999954738,-2877642.456937425,-2309295.427275057,299.5773207227122,12.2
388500,776.9999999954501,-2877966.251255259,-2311271.404774838,298.7064503122787,12.2
389000,777.9999999954265,-2875329.9728184976,-2305399.2871575654,300.41207026170105,12.2
389500,778.9999999954028,-2877655.3255412057,-2309651.383456585,299.3964782937904,12.2
390000,779.9999999953792,-2875074.181445375,-2307449.2725787987,299.19668881658635,12.2
390500,780.9999999953556,-2878304.2972975895,-2308877.2761231326,300.14658729174334,12.2
391000,781.9999999953319,-2875823.6418650635,-2305035.179105566,300.8642069872474,12.2
391500,782.9999999953083,-2872170.618290581,-2304231.736038696,299.36218507264095,12.2
392000,783.9999999952846,-2879311.517507322,-2309137.350894222,300.54040975762643,12.2
392500,784.999999995261,-2875607.494223427,-2305651.8051360524,300.4252496382292,12.2
393000,785.9999999952373,-2876573.93108866,-2307825.4816815015,299.78891020124075,12.2
393500,786.9999999952137,-2876771.3923651725,-2306890.6168334875,300.3857624919471,12.2
394000,787.99999999519,-2876012.4359587803,-2307297.4460254894,299.7712736182892,12.2
394500,788.9999999951664,-2879295.967552375,-2309787.52918069,300.18950252580515,12.2
395000,789.9999999951427,-2877326.3164211065,-2307275.492769384,300.4753953351503,12.2
395500,790.9999999951191,-2877663.957294382,-2309701.653492027,299.3745306378872,12.2
396000,791.9999999950954,-2878083.690110173,-2308098.561138461,300.440767484214,12.2
396500,792.9999999950718,-2875306.3382786736,-2305063.630452446,300.57653802418906,12.2
397000,793.9999999950481,-2876449.757634118,-2309023.8221549746,299.09180938343854,12.2
397500,794.9999999950245,-2875874.3699411526,-2308719.667978318,298.9488414327584,12.2
398000,795.9999999950008,-2875423.8536892273,-2306381.3054354484,299.9439305319542,12.2
398500,796.9999999949772,-2875703.070626855,-2305477.970721176,300.5672568396556,12.2
399000,797.9999999949536,-2875631.828529738,-2307696.5167565458,299.36030306326205,12.2
399500,798.9999999949299,-2873341.7114820667,-2305195.3161348174,299.47156580990145,12.2
400000,799.9999999949063,-2876764.980584707,-2306121.270464326,300.787907463311,12.2
400500,800.9999999948826,-2875425.9897859283,-2306620.6674585547,299.81888807773265,12.2
401000,801.999999994859,-2873509.971007902,-2304404.863822369,299.97690552114943,12.2
401500,802.9999999948353,-2875477.793432556,-2306593.370465099,299.8605822479965,12.2
402000,803.9999999948117,-2879876.500437487,-2312163.9924439136,299.2428625632477,12.2
402500,804.999999994788,-2880117.7599529736,-2310664.000814867,300.1606809477204,12.2
403000,805.9999999947644,-2881133.325940769,-2311912.551378514,300.03787412132647,12.2
403500,806.9999999947407,-2877172.385307826,-2308252.4271492353,299.8793129473679,12.2
404000,807.9999999947171,-2875690.376243569,-2305118.995146667,300.7497826312389,12.2
404500,808.9999999946934,-2877212.4805759117,-2306064.1144364565,301.0539130728952,12.2
405000,809.9999999946698,-2877274.891097579,-2308697.578526335,299.69870349283144,12.2
405500,810.9999999946461,-2876624.7475073487,-2308904.194276986,299.2471032302278,12.2
406000,811.9999999946225,-2876104.883721661,-2304410.7055399097,301.341612138282,12.2
406500,812.9999999945989,-2877224.455506686,-2306295.08854104,300.93847799132305,12.2
407000,813.9999999945752,-2878108.256991226,-2309844.4015036114,299.53347938084664,12.2
407500,814.9999999945516,-2878890.432875134,-2309189.7790340814,300.2908198412997,12.2
408000,815.9999999945279,-2880689.358401276,-2311784.5826775674,299.87131024316335,12.2
408500,816.9999999945043,-2878573.460544206,-2310540.038039973,299.4120175060329,12.2
409000,817.9999999944806,-2877705.8603068627,-2308558.815997862,299.99901069709216,12.2
409500,818.999999994457,-2878839.0481998436,-2307933.200718147,300.92608080506443,12.2
410000,819.9999999944333,-2876192.43130365,-2306962.1960844644,300.0428608602513,12.2
410500,820.9999999944097,-2875037.854693424,-2305565.4667637125,300.1705002362645,12.2
411000,821.999999994386,-2875599.4692254663,-2305448.9954102617,300.52792121709814,12.2
411500,822.9999999943624,-2874534.6252558604,-2305232.331222967,300.08084326399126,12.2
412000,823.9999999943387,-2876582.5353313424,-2306489.720570732,300.4975289669601,12.2
412500,824.9999999943151,-2873279.410589032,-2303550.027724138,300.305962990714,12.2
413000,825.9999999942914,-2877201.2364547364,-2307344.488753222,300.3730973549628,12.2
413500,826.9999999942678,-2874359.0740036108,-2303787.651028895,300.7498047051529,12.2
414000,827.9999999942441,-2878795.35845932,-2307436.9574439097,301.1646230478101,12.2
414500,828.9999999942205,-2878667.740165554,-2310583.5985838436,299.43875167467826,12.2
415000,829.9999999941969,-2877797.4724759124,-2309754.457636404,299.41707365298413,12.2
415500,830.9999999941732,-2878134.617049344,-2309273.6432189844,299.84822214176154,12.2
416000,831.9999999941496,-2876371.617049344,-2308839.3995943908,299.14783091235034,12.2
416500,832.9999999941259,-2875973.1484086737,-2304196.1123555065,301.3852867557676,12.2
417000,833.9999999941023,-2877450.727032136,-2310222.266297187,298.9877198893642,12.2
417500,834.9999999940786,-2876228.4557121247,-2307554.0191058544,299.74989784535245,12.2
418000,835.999999994055,-2874836.0292113423,-2305638.7171333292,300.0255069797742,12.2
418500,836.9999999940313,-2874430.3355348296,-2304332.815585932,300.5000090849637,12.2
419000,837.9999999940077,-2876231.403767884,-2306947.799895163,300.07099162790223,12.2
419500,838.999999993984,-2874935.6135311574,-2303239.675418373,301.34253980288827,12.2
420000,839.9999999939604,-2875201.3925607167,-2304694.2068514647,300.71594506153025,12.2
420500,840.9999999939367,-2878081.169888787,-2310013.8083544713,299.42990686441664,12.2
421000,841.9999999939131,-2876976.1629780643,-2306220.8991535553,300.8467077350729,12.2
421500,842.9999999938894,-2876358.078993086,-2305891.5648983098,300.69450693894277,12.2
422000,843.9999999938658,-2874052.0002587102,-2306332.450085385,299.2465745160374,12.2
422500,844.9999999938422,-2873852.7099256255,-2307459.432603202,298.5474923593902,12.2
423000,845.9999999938185,-2876314.6650171094,-2307792.367232687,299.6697050436869,12.2
423500,846.9999999937949,-2875537.6817665584,-2305687.1974390075,300.3697959128989,12.2
424000,847.9999999937712,-2876051.7290470786,-2306871.108444661,300.01670885595775,12.2
424500,848.9999999937476,-2875011.285857696,-2305604.959082255,300.1356792157131,12.2
425000,849.9999999937239,-2875660.9519163184,-2306963.645160633,299.7619527655488,12.2
425500,850.9999999937003,-2878749.195433367,-2308206.4412410627,300.73469330916583,12.2
426000,851.9999999936766,-2879999.379669942,-2310677.238414062,300.0913047911492,12.2
426500,852.999999993653,-2878048.3155267052,-2308198.386700853,300.3695031063882,12.2
427000,853.9999999936293,-2880134.992632732,-2309134.646336804,300.9758913963076,12.2
427500,854.9999999936057,-2875554.121278152,-2307378.9005043725,299.4867597734446,12.2
428000,855.999999993582,-2876141.9253627323,-2305360.4828560404,300.86050659221314,12.2
428500,856.9999999935584,-2876875.8449112102,-2309534.3743884005,299.04728766696473,12.2
429000,857.9999999935347,-2875816.5111292675,-2307932.4197095837,299.3333046706079,12.2
429500,858.9999999935111,-2876381.8955188952,-2306309.2162969825,300.4869154677783,12.2
430000,859.9999999934874,-2878015.927462574,-2310234.1441065166,299.27937780200506,12.2
430500,860.9999999934638,-2881337.4138742574,-2310188.711953001,301.05409006442846,12.2
431000,861.9999999934402,-2876875.626908455,-2308051.364959839,299.8288712054546,12.2
431500,862.9999999934165,-2875608.2334885746,-2306973.266761883,299.7290931606152,12.2
432000,863.9999999933929,-2877357.1092140153,-2308058.377359105,300.07896562993943,12.2
432500,864.9999999933692,-2880687.733195115,-2313548.3626053454,298.9407602228177,12.2
433000,865.9999999933456,-2879873.332321547,-2311687.662467229,299.492267513238,12.2
433500,866.9999999933219,-2874593.3910420164,-2305114.0078301937,300.1741874691753,12.2
434000,867.9999999932983,-2874291.1247302443,-2304470.8605137067,300.3538668072348,12.2
434500,868.9999999932746,-2876564.5183654875,-2308689.8395734816,299.3283432480377,12.2
435000,869.999999993251,-2876198.9483069256,-2305645.421659676,300.74037150052027,12.2
435500,870.9999999932273,-2875041.2842379846,-2308413.0649667745,298.67133092257336,12.2
436000,871.9999999932037,-2876747.939489953,-2308126.808655618,299.72180022276984,12.2
436500,872.99999999318,-2876983.6822816767,-2308287.352057508,299.7614380330348,12.2
437000,873.9999999931564,-2877542.030851338,-2308932.660013835,299.71560149530455,12.2
437500,874.9999999931327,-2877117.183554817,-2306515.395420869,300.76581026614156,12.2
438000,875.9999999931091,-2876998.589086186,-2307569.585476314,300.14763223903634,12.2
438500,876.9999999930855,-2877983.3807132207,-2309649.070367557,299.57061633503935,12.2
439000,877.9999999930618,-2877767.5168633386,-2308652.7805432756,299.9819810650914,12.2
439500,878.9999999930382,-2881218.6021876074,-2309701.32285423,301.2483682568699,12.2
440000,879.9999999930145,-2879605.760363888,-2310682.9844328077,299.88079820318654,12.2
440500,880.9999999929909,-2876760.106749356,-2307767.9112093966,299.9173894746248,12.2
441000,881.9999999929672,-2878183.5699310564,-2311205.044667319,298.85597819826467,12.2
441500,882.9999999929436,-2876749.188575987,-2308050.08467111,299.7629000479514,12.2
442000,883.9999999929199,-2877636.963582054,-2310197.5106918663,299.09893444888695,12.2
442500,884.9999999928963,-2878387.987294156,-2311161.8513887376,298.98649446516833,12.2
443000,885.9999999928726,-2877494.86433132,-2309172.3209366514,299.5644139420149,12.2
443500,886.999999992849,-2875080.105380971,-2305969.8798253997,299.9796034284181,12.2
444000,887.9999999928253,-2874133.503670972,-2303270.35575946,300.9035737413088,12.2
444500,888.9999999928017,-2877288.233779587,-2306938.2680868115,300.63307394785863,12.2
445000,889.999999992778,-2876079.436900489,-2307584.8670849325,299.65508955317057,12.2
445500,890.9999999927544,-2876641.1795035936,-2308844.7343872776,299.28710605714855,12.2
446000,891.9999999927307,-2875180.715678472,-2303402.723967541,301.3857904856677,12.2
446500,892.9999999927071,-2877323.061238788,-2307249.1524485713,300.48756357669595,12.2
447000,893.9999999926835,-2879369.8448922,-2310658.3445430696,299.76943424864595,12.2
447500,894.9999999926598,-2877359.4593966827,-2310486.2474375702,298.8004672586635,12.2
448000,895.9999999926362,-2878147.2885319293,-2309171.318841193,299.90883678378117,12.2
448500,896.9999999926125,-2878674.9821264334,-2308869.933013509,300.34584688324986,12.2
449000,897.9999999925889,-2872118.3297524005,-2301820.400732734,300.6056452708434,12.2
449500,898.9999999925652,-2873126.7966578156,-2302065.0935550854,301.0082327420536,12.2
450000,899.9999999925416,-2877494.6409333274,-2307006.233858049,300.7060467906519,12.2
450500,900.9999999925179,-2876992.2765257545,-2307783.094624749,300.0317635969182,12.2
451000,901.9999999924943,-2879468.677189067,-2310497.5928772907,299.9062616867663,12.2
451500,902.9999999924706,-2878533.8933816142,-2307767.998072772,300.85231162042055,12.2
452000,903.999999992447,-2879983.8933816142,-2309470.4576835027,300.71923944826835,12.2
452500,904.9999999924233,-2880682.05577974,-2312837.77890196,299.3123183133884,12.2
453000,905.9999999923997,-2876314.340105392,-2309049.823060329,299.0067252720185,12.2
453500,906.999999992376,-2877177.790937029,-2306693.951991936,300.7036389163596,12.2
454000,907.9999999923524,-2874526.0470084995,-2305858.0858104867,299.7464846394148,12.2
454500,908.9999999923288,-2877924.5007123575,-2309396.286189678,299.67282377309317,12.2
455000,909.9999999923051,-2879256.835707456,-2309407.594296906,300.36914076784547,12.2
455500,910.9999999922815,-2877422.11200957,-2307107.389184679,300.6144973328958,12.2
456000,911.9999999922578,-2877309.3750833757,-2307786.699614154,300.1970069400316,12.2
456500,912.9999999922342,-2877148.119140815,-2309293.9349197643,299.3175405019413,12.2
457000,913.9999999922105,-2875567.5032694563,-2305018.752157759,300.7378543022749,12.2
457500,914.9999999921869,-2881659.1362889856,-2311908.939593725,300.3169340193457,12.2
458000,915.9999999921632,-2873879.9175611883,-2304356.7658874234,300.19725794878815,12.2
458500,916.9999999921396,-2879164.3303400874,-2310534.699592973,299.72628055074557,12.2
459000,917.9999999921159,-2882559.638158262,-2313063.305802825,300.1831214105306,12.2
459500,918.9999999920923,-2877245.784781337,-2307667.1141541377,300.2265221455746,12.2
460000,919.9999999920686,-2879258.8904473297,-2310410.526899523,299.8415752262968,12.2
460500,920.999999992045,-2879276.46650853,-2309752.290274432,300.19779799742656,12.2
461000,921.9999999920213,-2877185.2002317645,-2307878.2659104727,300.0832891730805,12.2
461500,922.9999999919977,-2879134.7273303606,-2310103.1295041926,299.9381585307062,12.2
462000,923.999999991974,-2874886.454860706,-2306009.6712811664,299.85655550510035,12.2
462500,924.9999999919504,-2875982.3898320645,-2306484.2136163265,300.1840933144909,12.2
463000,925.9999999919268,-2872621.816835776,-2302207.8962767506,300.66678473805985,12.2
463500,926.9999999919031,-2873816.3890346475,-2304198.115719713,300.2473968338657,12.2
464000,927.9999999918795,-2878675.053475037,-2309318.1500599966,300.10962802318954,12.2
464500,928.9999999918558,-2877109.1181709506,-2306501.8003635136,300.768724972618,12.2
465000,929.9999999918322,-2877222.550970178,-2306973.9159902907,300.5796622435837,12.2
465500,930.9999999918085,-2872920.6400094368,-2305607.024907154,299.03260499631875,12.2
466000,931.9999999917849,-2876223.2433653437,-2307622.2495690947,299.71118593325633,12.2
466500,932.9999999917612,-2877258.811555825,-2307526.6291966364,300.30743861204456,12.2
467000,933.9999999917376,-2873982.1510024555,-2302663.448283146,301.14369796408045,12.2
467500,934.9999999917139,-2874383.689915061,-2305162.1022730726,300.0383026979449,12.2
468000,935.9999999916903,-2875775.553212356,-2306939.4606994884,299.8351071292052,12.2
468500,936.9999999916666,-2875414.1955606677,-2304503.8755714213,300.92843827639587,12.2
469000,937.999999991643,-2873515.867140919,-2303934.096689597,300.2281560716041,12.2
469500,938.9999999916193,-2875754.1529300176,-2303626.5982790645,301.5700460962896,12.2
470000,939.9999999915957,-2875224.8009622954,-2307299.142084793,299.3552149947456,12.2
470500,940.999999991572,-2880599.2010872625,-2313204.1396761336,299.0755355751965,12.2
471000,941.9999999915484,-2877816.6135081537,-2306712.3347789706,301.0306744747191,12.2
471500,942.9999999915248,-2878798.057909094,-2310416.3667584658,299.5955908908371,12.2
472000,943.9999999915011,-2874013.6852117404,-2304256.591444862,300.3205694852289,12.2
472500,944.9999999914775,-2874742.62749381,-2307454.2580540124,299.0192979364899,12.2
473000,945.9999999914538,-2876043.498430129,-2308766.2157756235,299.0134540607242,12.2
473500,946.9999999914302,-2879131.6068458557,-2310321.083229864,299.8216296916187,12.2
474000,947.9999999914065,-2877594.735471487,-2309672.306603354,299.3535124477061,12.2
474500,948.9999999913829,-2878729.4927307703,-2308078.035573134,300.7919909484761,12.2
475000,949.9999999913592,-2877227.4987066165,-2308728.615142078,299.65736334241336,12.2
475500,950.9999999913356,-2875020.613281153,-2306518.39172097,299.65912280932304,12.2
476000,951.9999999913119,-2873517.2180440947,-2305136.5055204667,299.595075053788,12.2
476500,952.9999999912883,-2875948.9027940407,-2305103.84628026,300.89403771458996,12.2
477000,953.9999999912646,-2875528.4725731798,-2306624.6721591637,299.8707961546761,12.2
477500,954.999999991241,-2876468.8585675806,-2308577.6722079297,299.3370444334555,12.2
478000,955.9999999912174,-2874307.937254019,-2303909.1639098227,300.6588005984442,12.2
478500,956.9999999911937,-2876195.4927408434,-2304954.7483068937,301.1026059322105,12.2
479000,957.9999999911701,-2877911.0209625736,-2310495.82032085,299.0861510203879,12.2
479500,958.9999999911464,-2876591.9907925725,-2306416.9623178225,300.5408640473304,12.2
480000,959.9999999911228,-2879917.6938097216,-2309789.533775549,300.51615956024455,12.2
480500,960.9999999910991,-2874944.8822976314,-2306080.287190724,299.8501309268331,12.2
481000,961.9999999910755,-2876850.0360269435,-2309045.927018607,299.2911457162266,12.2
481500,962.9999999910518,-2875690.820379451,-2308576.034793673,298.9278013979423,12.2
482000,963.9999999910282,-2876560.2481745407,-2306312.5919009466,300.5791463647389,12.2
482500,964.9999999910045,-2876728.290358212,-2307793.0610269736,299.8873624254988,12.2
483000,965.9999999909809,-2878988.1169656254,-2309061.7242315365,300.40980744786606,12.2
483500,966.9999999909572,-2880852.787575096,-2310901.690813067,300.42282901059997,12.2
484000,967.9999999909336,-2877184.338243112,-2307161.489048994,300.4606499197255,12.2
484500,968.9999999909099,-2878092.4270975627,-2311055.5910857227,298.8867139578872,12.2
485000,969.9999999908863,-2877483.1442469396,-2308759.566537601,299.7758002592411,12.2
485500,970.9999999908626,-2876489.8503441215,-2305299.6728722327,301.07595194402944,12.2
486000,971.999999990839,-2877119.128455408,-2308580.9635193534,299.67806866401963,12.2
486500,972.9999999908154,-2877008.610175099,-2306397.1892306334,300.77088774770715,12.2
487000,973.9999999907917,-2877871.6472208314,-2308810.5118775074,299.9537278392248,12.2
487500,974.9999999907681,-2876378.71984677,-2307617.529533357,299.7956259688268,12.2
488000,975.9999999907444,-2874595.842205595,-2303346.526692258,301.1071237723055,12.2
488500,976.9999999907208,-2875856.4128646925,-2307101.9301973893,299.79209034966266,12.2
489000,977.9999999906971,-2873639.139883388,-2304372.430034465,300.0620867403573,12.2
489500,978.9999999906735,-2877126.806453936,-2306182.067326505,300.94658070111274,12.2
490000,979.9999999906498,-2878827.674583193,-2309212.524869184,300.2457503750165,12.2
490500,980.9999999906262,-2876511.7555556595,-2306079.843968767,300.6762678595405,12.2
491000,981.9999999906025,-2878276.481822327,-2310987.2752213418,299.0197392065108,12.2
491500,982.9999999905789,-2874672.1193679944,-2307717.911591519,298.84316038221135,12.2
492000,983.9999999905552,-2876650.342401162,-2304860.9670745167,301.3917908215851,12.2
492500,984.9999999905316,-2877502.3202121817,-2307133.772619965,300.642868519411,12.2
493000,985.999999990508,-2876457.7706405036,-2306595.0582164032,300.3762413770442,12.2
493500,986.9999999904843,-2876326.892507326,-2307383.571021839,299.89162782280397,12.2
494000,987.9999999904607,-2875930.5907197,-2307938.0901219947,299.39044745379937,12.2
494500,988.999999990437,-2876198.9013684206,-2308349.4198035286,299.31506171862975,12.2
495000,989.9999999904134,-2877744.1971704476,-2306995.20185427,300.843403586669,12.2
495500,990.9999999903897,-2876435.967274245,-2307547.095397379,299.86292728068133,12.2
496000,991.9999999903661,-2879690.5080525354,-2309462.9053562307,300.5685760676462,12.2
496500,992.9999999903424,-2878342.6455336623,-2307735.981171561,300.7683805397405,12.2
497000,993.9999999903188,-2876747.7006172948,-2308562.590316118,299.4919725712006,12.2
497500,994.9999999902951,-2876901.8862187304,-2307856.775748723,299.94528108334754,12.2
498000,995.9999999902715,-2876189.020918481,-2306599.6623531547,300.23215578787625,12.2
498500,996.9999999902478,-2879361.941401981,-2309083.3633554894,300.59544531835894,12.2
499000,997.9999999902242,-2879193.4248510897,-2308561.355597646,300.7817715295485,12.2
499500,998.9999999902005,-2876061.243711911,-2307756.3467732146,299.5551124453511,12.2
500000,999.9999999901769,-2874970.497849606,-2306526.3148220167,299.62853053526203,12.2
