#"Step","Time (ps)","Potential Energy (kJ/mole)","Total Energy (kJ/mole)","Temperature (K)","Speed (ns/day)"
500,1.0000000000000007,-2701959.28875109,-2159591.395614521,299.1789727570939,0
1000,2.0000000000000013,-2714553.74167921,-2171557.6701645292,299.5254861924394,13
1500,2.999999999999891,-2712877.619956579,-2168358.534008058,300.3656057857573,13
2000,3.999999999999781,-2718364.1394574232,-2174971.9543223875,299.7439889237634,13
2500,4.999999999999671,-2721537.8375284076,-2177077.8567501553,300.3330024101713,13.1
3000,5.999999999999561,-2721470.5275325943,-2177605.972817936,300.00455568551587,13.2
3500,6.999999999999451,-2727368.550111493,-2182580.969121719,300.5137120281231,13.1
4000,7.999999999999341,-2724767.2203801963,-2180336.8785960753,300.3166530577668,13.2
4500,8.999999999999675,-2722705.9273384847,-2177119.6684607333,300.9542757729772,13.2
5000,10.000000000000009,-2724726.1926118005,-2179819.4365766365,300.5794509262202,13.2
5500,11.000000000000343,-2728281.3148801196,-2183989.2595232544,300.24037200983565,13.2
6000,12.000000000000677,-2726938.8616471738,-2183754.9624536643,299.62909500247105,13.2
6500,13.00000000000101,-2729790.3100801464,-2185110.0926333494,300.4544885473347,13.2
7000,14.000000000001345,-2730627.5722822286,-2188089.7470770017,299.27271005678097,13.2
7500,15.000000000001679,-2729407.2043793015,-2185314.599025547,300.1303521362365,13.2
8000,16.00000000000201,-2730799.2390303332,-2184336.254916511,301.4378917075433,13.2
8500,17.000000000001457,-2733005.0421907976,-2188128.8985515637,300.5625646295128,13.2
9000,18.000000000000902,-2727592.568372499,-2183946.368026401,299.8841078557135,13.2
9500,19.000000000000348,-2726774.599948317,-2184166.4826508122,299.3114843209413,13.2
10000,19.999999999999794,-2729882.5023222286,-2187387.065307153,299.24932803998587,13.2
10500,20.99999999999924,-2733327.760213904,-2190062.1677756608,299.6741583282134,13.2
11000,21.999999999998685,-2731798.935124265,-2187193.753695659,300.41309745629434,13.2
11500,22.99999999999813,-2729885.7060792837,-2187257.2178845303,299.3227212399962,13.2
12000,23.999999999997577,-2731603.0001585595,-2188277.2004213855,299.7073696559385,13.2
12500,24.999999999997023,-2733014.417875141,-2189976.162677918,299.5487553995028,13.2
13000,25.99999999999647,-2730796.220512951,-2190163.417215384,298.2218689125579,13.1
13500,26.999999999995914,-2732767.011803247,-2188152.3877322422,300.4183061717967,13.1
14000,27.99999999999536,-2735126.2785397563,-2189381.3142254283,301.0418202793664,13.1
14500,28.999999999994806,-2733086.956896482,-2188838.135679223,300.2165233535285,13.1
15000,29.99999999999425,-2731672.465874687,-2188214.037594741,299.7805297225408,13.1
15500,30.999999999993697,-2733882.212904768,-2191941.3759291815,298.9434016158646,13.1
16000,31.999999999993143,-2735018.3006179743,-2190711.0337903043,300.2487629051432,13.1
16500,32.999999999994365,-2732630.711874185,-2189293.347960571,299.71374864420835,13.1
17000,33.99999999999559,-2732789.3009232134,-2190676.5284688333,299.0382440292467,13.1
17500,34.99999999999681,-2732280.576542916,-2189690.657991741,299.301445595749,13.1
18000,35.99999999999803,-2733900.1034219526,-2189146.316535367,300.49507064981674,13.1
18500,36.999999999999254,-2736546.8414237704,-2192940.5935055846,299.86206944508274,13.1
19000,38.000000000000476,-2737314.269176403,-2193773.4236061955,299.82599244360154,13.1
19500,39.0000000000017,-2734895.3147948515,-2191368.7381347152,299.8181214801621,13
20000,40.00000000000292,-2737521.209959617,-2194659.6669156724,299.45127809459495,13
20500,41.00000000000414,-2737288.356647866,-2194309.3851843895,299.51605352539116,13
21000,42.000000000005365,-2735229.339760212,-2192524.680491917,299.3647384460744,13
21500,43.00000000000659,-2731982.9855023697,-2187550.268070028,300.31796350405824,13
22000,44.00000000000781,-2734972.7095411476,-2191497.3573176223,299.7898652457514,12.9
22500,45.00000000000903,-2733998.95768898,-2190501.6194583056,299.80199308576,12.9
23000,46.00000000001025,-2737148.805633234,-2193925.8115869425,299.6506603606777,12.9
23500,47.000000000011475,-2734808.6621411815,-2190750.408097847,300.1114033933366,12.9
24000,48.0000000000127,-2736185.641185114,-2191968.994648334,300.1987752751922,12.9
24500,49.00000000001392,-2737260.823491199,-2191499.5445267498,301.0508197063713,12.9
25000,50.00000000001514,-2736270.6641868334,-2192955.1159174624,299.70171477915585,12.9
25500,51.000000000016364,-2735496.9982329495,-2190628.9020681013,300.5581255114337,12.9
26000,52.000000000017586,-2736484.675686827,-2191349.125821062,300.705657333492,12.9
26500,53.00000000001881,-2735494.110946955,-2191953.6602106057,299.82577464680776,12.9
27000,54.00000000002003,-2737331.1451036036,-2192637.3000903414,300.4620057351841,12.9
27500,55.00000000002125,-2737638.8912286647,-2191686.820086026,301.15606378258445,12.9
28000,56.000000000022474,-2735432.280125076,-2191095.238408567,300.2651872192842,12.9
28500,57.0000000000237,-2736013.78026353,-2192444.1797537734,299.84185413708445,12.9
29000,58.00000000002492,-2738181.821992915,-2195467.066292244,299.3703078027876,12.9
29500,59.00000000002614,-2738215.2653342187,-2194127.4391768267,300.1277158536018,12.9
30000,60.00000000002736,-2738189.1616538186,-2194424.5429092264,299.9494293750464,12.9
30500,61.000000000028585,-2737268.47191911,-2194538.9394863355,299.37845888913927,12.9
31000,62.00000000002981,-2738830.638423698,-2194510.0136810374,300.2561313488428,12.9
31500,63.00000000003103,-2735531.4397841636,-2192599.2876098095,299.4902272421579,12.8
32000,64.00000000003224,-2737559.4851411097,-2194308.763333892,299.66595544568514,12.8
32500,65.00000000002991,-2736514.646193832,-2192327.663696374,300.1824121074523,12.8
33000,66.00000000002758,-2737388.549976144,-2193551.3214722075,299.9894821021484,12.8
33500,67.00000000002525,-2739191.403433034,-2195500.8580645937,299.9085692930498,12.8
34000,68.00000000002292,-2734793.1286441498,-2191441.846063857,299.72142640768175,12.8
34500,69.00000000002059,-2735190.2949440815,-2191473.1966186664,299.92321633704324,12.8
35000,70.00000000001826,-2737614.4623664357,-2193070.773218795,300.3791773115281,12.9
35500,71.00000000001593,-2737862.9416891243,-2195714.0877940934,299.0581471401906,12.9
36000,72.0000000000136,-2739263.3805658463,-2196535.944481927,299.3773025089314,12.8
36500,73.00000000001127,-2735199.419452777,-2191481.015952657,299.9239362926903,12.8
37000,74.00000000000894,-2740801.8915139344,-2197944.6254236465,299.4489188572255,12.9
37500,75.00000000000661,-2737047.568227172,-2192128.522453936,300.58623014611584,12.9
38000,76.00000000000428,-2739043.0119977947,-2193348.2976715756,301.014101566637,12.9
38500,77.00000000000195,-2739577.7660115305,-2193588.755209006,301.1764403012511,12.9
39000,77.99999999999962,-2740007.9038440343,-2195523.5019084355,300.34647351873224,12.9
39500,78.99999999999729,-2736974.4715881627,-2192426.7878329656,300.38138080218545,12.9
40000,79.99999999999496,-2738889.102575522,-2194150.82668815,300.48651452975537,12.9
40500,80.99999999999262,-2737372.638219204,-2192255.4103794983,300.69555060519076,12.9
41000,81.9999999999903,-2738761.6460934523,-2194175.2217328176,300.4027507517816,12.9
41500,82.99999999998796,-2739024.2905572914,-2195151.139693587,300.00929746148364,12.9
42000,83.99999999998563,-2738341.285478268,-2194451.371317801,300.0185443692909,12.9
42500,84.9999999999833,-2739419.828446027,-2194872.0670464886,300.38142363207,12.9
43000,85.99999999998097,-2738733.0562621094,-2192918.7379912515,301.08007705255267,12.9
43500,86.99999999997864,-2741176.32616294,-2197505.834554592,299.8975073120214,12.9
44000,87.99999999997631,-2738601.3663093615,-2196390.749103468,299.092216789467,12.9
44500,88.99999999997398,-2737821.441645693,-2193897.7287688525,300.03718829230513,12.9
45000,89.99999999997165,-2736661.6081829984,-2193946.4605737953,299.37052398592346,12.9
45500,90.99999999996932,-2740023.5514309127,-2194500.0080509037,300.9196808818932,12.9
46000,91.99999999996699,-2735781.1647624504,-2191497.540383248,300.235721345096,12.9
46500,92.99999999996466,-2735533.19723789,-2190540.118275182,300.6270680604845,12.8
47000,93.99999999996233,-2736950.411188524,-2192132.6326183747,300.5303695058072,12.8
47500,94.99999999996,-2739702.815296801,-2196583.069318005,299.59370704326466,12.8
48000,95.99999999995767,-2737885.490358051,-2192738.521919066,300.7119560046514,12.8
48500,96.99999999995534,-2737489.3663733248,-2192613.329040966,300.5625059889072,12.8
49000,97.999999999953,-2737819.9969379622,-2194340.029940902,299.7924108300739,12.8
49500,98.99999999995067,-2737965.0920292716,-2193123.442432128,300.5435371534964,12.8
50000,99.99999999994834,-2739153.2202122845,-2195837.6550798467,299.70172408109846,12.8
50500,100.99999999994601,-2736443.1428531334,-2190366.3371275505,301.2248694122405,12.8
51000,101.99999999994368,-2738670.0136729237,-2195329.109850914,299.71570131539465,12.8
51500,102.99999999994135,-2738125.3417080026,-2192627.623771022,300.905435146454,12.8
52000,103.99999999993902,-2738606.510632023,-2195810.180419123,299.4153056337444,12.8
52500,104.99999999993669,-2741313.2946029343,-2197440.389973161,300.0091616348326,12.8
53000,105.99999999993436,-2740302.528085863,-2196455.913140432,299.9946598163157,12.8
53500,106.99999999993203,-2739734.405329775,-2195832.437986001,300.02519310172124,12.8
54000,107.9999999999297,-2738144.294415487,-2195550.980132228,299.3033187369313,12.8
54500,108.99999999992737,-2736982.5486598928,-2195905.3692725454,298.46699400890077,12.8
55000,109.99999999992504,-2739734.002345415,-2194280.6522978866,300.880961095247,12.8
55500,110.99999999992271,-2737143.2526893932,-2193497.106677826,299.88407788390043,12.8
56000,111.99999999992038,-2740412.48700675,-2195923.334758836,300.3490938684557,12.8
56500,112.99999999991805,-2735952.163815994,-2190550.828649991,300.85226883853363,12.8
57000,113.99999999991572,-2740092.2598194834,-2195555.906582172,300.37513070378407,12.8
57500,114.99999999991338,-2738265.4045505747,-2195035.2000237536,299.65463777929943,12.8
58000,115.99999999991105,-2736901.1130472757,-2191472.6632435466,300.86722571478754,12.8
58500,116.99999999990872,-2739586.183924228,-2195552.758971897,300.0977072619193,12.8
59000,117.9999999999064,-2737808.2954736855,-2195689.305897703,299.04167349488796,12.8
59500,118.99999999990406,-2739969.1827085894,-2196751.5516744805,299.6477020357181,12.8
60000,119.99999999990173,-2739808.1477822047,-2195774.85885798,300.09763222659785,12.8
60500,120.9999999998994,-2739215.454954192,-2195533.9514883147,299.9035816321747,12.8
61000,121.99999999989707,-2737595.6825082116,-2193505.709483761,300.12890010047454,12.8
61500,122.99999999989474,-2738150.062982565,-2193036.4431227553,300.69356038465475,12.8
62000,123.99999999989241,-2737542.47466027,-2195080.767568726,299.2307220642244,12.8
62500,124.99999999989008,-2739429.6544394325,-2195130.5076825097,300.24428374172743,12.8
63000,125.99999999988775,-2735925.9208070505,-2195376.0656228075,298.1761133808417,12.8
63500,126.99999999988542,-2738351.420147881,-2193289.319203609,300.6651417108667,12.8
64000,127.99999999988309,-2738974.3180084694,-2195636.858593792,299.71380132415163,12.8
64500,128.99999999988785,-2741600.8946106136,-2197700.3304590336,300.02441907802887,12.8
65000,129.99999999989262,-2740940.7957804613,-2195165.6507604616,301.0584684486888,12.8
65500,130.9999999998974,-2739341.364416903,-2194681.1594298193,300.4434493482686,12.8
66000,131.99999999990217,-2739139.842667531,-2195335.538770077,299.9713203524017,12.8
66500,132.99999999990695,-2736846.7481949776,-2192171.085606981,300.4519760129567,12.8
67000,133.99999999991172,-2740923.0934904534,-2197180.642308037,299.9372013863247,12.8
67500,134.9999999999165,-2739398.0694361106,-2196192.9917456997,299.6407774066614,12.8
68000,135.99999999992127,-2737933.8403787725,-2195275.2743546357,299.33931266108044,12.8
68500,136.99999999992605,-2740288.5892026015,-2196892.068389979,299.74638055420996,12.8
69000,137.99999999993082,-2739976.2959365174,-2198001.798133132,298.9619694772931,12.8
69500,138.9999999999356,-2741438.949646957,-2198017.403794405,299.76018477424986,12.8
70000,139.99999999994037,-2739761.7581171803,-2195429.942925329,300.26230418306847,12.8
70500,140.99999999994515,-2741128.9383863937,-2197139.757927073,300.07330127820137,12.8
71000,141.99999999994992,-2738714.9011112005,-2193861.8802824453,300.5498097102527,12.8
71500,142.9999999999547,-2740290.288010139,-2196828.6295053456,299.7823115672332,12.8
72000,143.99999999995947,-2736433.834383808,-2192826.332837891,299.86276096657883,12.8
72500,144.99999999996425,-2738354.4971203543,-2193679.203962065,300.45177222950707,12.8
73000,145.99999999996902,-2737929.922313189,-2194787.256672629,299.6063499023818,12.8
73500,146.9999999999738,-2738145.1415566914,-2194261.498745535,300.0150849907614,12.8
74000,147.99999999997857,-2741216.6968124565,-2198977.0290915803,299.10824152717834,12.8
74500,148.99999999998334,-2739903.1337291263,-2196711.9321562154,299.6331231140086,12.8
75000,149.99999999998812,-2739862.1465443876,-2198648.7139156554,298.5421535183557,12.8
75500,150.9999999999929,-2738744.2438764796,-2195915.2050937098,299.4333482141733,12.8
76000,151.99999999999767,-2742143.944224762,-2198898.452708602,299.66307033186155,12.8
76500,153.00000000000244,-2739921.4200674966,-2197267.6493023015,299.33666751806516,12.8
77000,154.00000000000722,-2741392.313381076,-2198278.4701847676,299.5904509722042,12.8
77500,155.000000000012,-2738478.385864049,-2193721.0950832083,300.4970034550164,12.8
78000,156.00000000001677,-2738465.3583831713,-2194470.9527682727,300.0761835592104,12.8
78500,157.00000000002154,-2738014.610001635,-2195039.4619874037,299.5139444484492,12.8
79000,158.00000000002632,-2739145.7918695584,-2194983.421589682,300.1688356069504,12.8
79500,159.0000000000311,-2741699.0590874255,-2197598.526885191,300.1347247150996,12.8
80000,160.00000000003587,-2742183.3272890598,-2198454.7180374614,299.92956595160297,12.8
80500,161.00000000004064,-2739670.790984573,-2195085.8284298745,300.4019443957933,12.8
81000,162.00000000004542,-2740016.322293034,-2197164.2767053586,299.44603914286785,12.8
81500,163.0000000000502,-2739511.6207623314,-2196122.8857279196,299.7420857920079,12.8
82000,164.00000000005497,-2740712.4435769264,-2197253.5202144054,299.78080281816125,12.8
82500,165.00000000005974,-2737782.2155888863,-2194167.385916916,299.8668032803891,12.8
83000,166.00000000006452,-2738355.232752735,-2194279.308134869,300.1211507703533,12.8
83500,167.0000000000693,-2739359.042761866,-2194368.7915980816,300.6255082004928,12.8
84000,168.00000000007407,-2739308.6828764454,-2195052.986846143,300.22031561249196,12.8
84500,169.00000000007884,-2737077.245908005,-2191944.153544602,300.7043017351216,12.8
85000,170.00000000008362,-2736094.338631818,-2194244.4212076403,298.89324890893215,12.8
85500,171.0000000000884,-2741456.199364584,-2198563.670559817,299.4683703454644,12.8
86000,172.00000000009317,-2736374.013822943,-2192275.114705087,300.13382387913003,12.8
86500,173.00000000009794,-2739804.7398078516,-2195527.6942868596,300.232092339644,12.8
87000,174.00000000010272,-2741279.1246985197,-2197003.7884966726,300.2311494513344,12.8
87500,175.0000000001075,-2738921.6274281945,-2195384.4846747485,299.8239499095041,12.8
88000,176.00000000011227,-2740001.00402968,-2197021.6097553545,299.5162867547492,12.8
88500,177.00000000011704,-2739294.019549718,-2195551.3728112103,299.937309258253,12.8
89000,178.00000000012182,-2736876.1854561903,-2192971.083498422,300.0269222059078,12.8
89500,179.0000000001266,-2737248.905864097,-2194880.686974951,299.1791524475266,12.8
90000,180.00000000013137,-2737465.624731159,-2192152.524761249,300.8035968657602,12.8
90500,181.00000000013614,-2741188.006280018,-2197929.2576352484,299.6703831801504,12.8
91000,182.00000000014091,-2743627.879628783,-2200784.4377478226,299.441293197967,12.8
91500,183.0000000001457,-2741127.0086422935,-2195247.0000388757,301.11631291102435,12.8
92000,184.00000000015046,-2740300.5626215227,-2196435.573331126,300.0047954045789,12.8
92500,185.00000000015524,-2741707.445488427,-2197440.5009813076,300.22652045570203,12.8
93000,186.00000000016001,-2739843.0321516413,-2194109.128346736,301.0357191220354,12.8
93500,187.0000000001648,-2740803.98991522,-2193613.5570135615,301.8391643194224,12.8
94000,188.00000000016956,-2742132.3417708017,-2198363.842532716,299.95156991852565,12.8
94500,189.00000000017434,-2741038.0619525034,-2194815.1640145164,301.3054562585269,12.8
95000,190.0000000001791,-2742228.8269719873,-2197957.7185574844,300.2288173349043,12.8
95500,191.0000000001839,-2739941.3066645525,-2196717.459614286,299.651130891578,12.8
96000,192.00000000018866,-2740569.418460127,-2196149.21383225,300.31106123710384,12.8
96500,193.00000000019344,-2741793.981512854,-2197661.6813638257,300.15224843250354,12.8
97000,194.0000000001982,-2742504.927887991,-2198730.63005298,299.95476851913156,12.8
97500,195.000000000203,-2740453.0714373905,-2197430.675194799,299.5400073415599,12.8
98000,196.00000000020776,-2740286.960061725,-2196656.116014995,299.8756370706091,12.8
98500,197.00000000021254,-2740708.77266228,-2194737.8164824275,301.1664810770181,12.8
99000,198.0000000002173,-2739745.9573640022,-2198323.604871244,298.6573971216348,12.8
99500,199.0000000002221,-2742144.451948749,-2196662.5922765117,300.8966874690646,12.8
100000,200.00000000022686,-2737019.656702606,-2192196.806078026,300.53316733372696,12.8
100500,201.00000000023164,-2742582.0553696435,-2197965.6813892378,300.4192714503532,12.8
101000,202.0000000002364,-2737093.8846665192,-2192985.2405327437,300.13919938879656,12.8
101500,203.0000000002412,-2740329.121246703,-2195376.934541184,300.6045112247012,12.8
102000,204.00000000024596,-2739654.418809762,-2197252.6568273026,299.1976553646934,12.8
102500,205.00000000025074,-2740740.844037993,-2196789.938842274,300.05218801874923,12.8
103000,206.0000000002555,-2740105.420782922,-2196220.143948803,300.01598634446896,12.8
103500,207.0000000002603,-2741886.3046908174,-2196557.339099193,300.81234860137477,12.8
104000,208.00000000026506,-2739211.4314391725,-2193723.906918195,300.8998122919909,12.8
104500,209.00000000026984,-2739028.0587556735,-2195159.4885418215,300.0067707003409,12.8
105000,210.0000000002746,-2739712.5754981954,-2196466.4924858413,299.66339661080633,12.8
105500,211.00000000027939,-2743146.6058216095,-2198082.857475704,300.66605044446743,12.8
106000,212.00000000028416,-2742415.103675533,-2198999.13087425,299.7571105883056,12.8
106500,213.00000000028894,-2739977.201580448,-2195807.5963620036,300.1728265170248,12.8
107000,214.0000000002937,-2738489.4300656784,-2196356.177085479,299.04954142120823,12.8
107500,215.00000000029848,-2740316.5151892193,-2196537.0190695915,299.9576359776803,12.8
108000,216.00000000030326,-2740240.6282636877,-2195751.1201840416,300.3492901510405,12.8
108500,217.00000000030803,-2741379.78276412,-2197088.1903284863,300.24011665493686,12.8
109000,218.0000000003128,-2740043.043447759,-2195439.65167463,300.412110253154,12.8
109500,219.00000000031758,-2738814.251441693,-2195125.5933997734,299.90752821296945,12.8
110000,220.00000000032236,-2740827.46215949,-2194855.3758363663,301.16710448247267,12.8
110500,221.00000000032713,-2736522.324774649,-2192070.6277299044,300.32843296770835,12.8
111000,222.0000000003319,-2737354.2164699994,-2192177.999828881,300.7280897898183,12.8
111500,223.00000000033668,-2741269.454387963,-2197251.646251388,300.0890927717275,12.8
112000,224.00000000034146,-2741850.8719791844,-2196165.385780963,301.0090111807757,12.8
112500,225.00000000034623,-2744217.620940134,-2201867.6336389976,299.1690956063279,12.8
113000,226.000000000351,-2745212.4520574305,-2202127.2071840228,299.574675671018,12.8
113500,227.00000000035578,-2742168.0199413393,-2200047.4199684397,299.0425618160838,12.8
114000,228.00000000036056,-2743715.0380086508,-2198977.4578136876,300.4861307744798,12.8
114500,229.00000000036533,-2742506.315334378,-2197559.72287009,300.60142535002797,12.8
115000,230.0000000003701,-2739166.016363751,-2197380.3563910825,298.85780345101,12.8
115500,231.00000000037488,-2741831.472317932,-2198884.9191055885,299.49817108951106,12.8
116000,232.00000000037966,-2739631.5502536837,-2195967.163001568,299.8941400495968,12.8
116500,233.00000000038443,-2740231.986875979,-2194046.191976623,301.28498961748085,12.8
117000,234.0000000003892,-2741007.5766841583,-2198909.983520837,299.02987088481166,12.8
117500,235.00000000039398,-2741947.9260319024,-2196529.530127343,300.8616798200845,12.8
118000,236.00000000039876,-2741492.379268728,-2196460.021020263,300.6487351549273,12.8
118500,237.00000000040353,-2741162.3501342703,-2196721.749831263,300.32231182404183,12.8
119000,238.0000000004083,-2740209.242758766,-2196818.826415397,299.7430132294411,12.8
119500,239.00000000041308,-2741105.38640113,-2198200.3668436036,299.4752604483388,12.8
120000,240.00000000041786,-2741612.284487482,-2199284.9148570034,299.15661933042924,12.8
120500,241.00000000042263,-2740402.571782479,-2195230.6118852785,300.7257417004702,12.8
121000,242.0000000004274,-2741149.898927374,-2198565.5950516774,299.29834844921197,12.8
121500,243.00000000043218,-2740377.404693436,-2198344.7567608072,298.99404603667807,12.8
122000,244.00000000043696,-2738883.676349679,-2194589.630766539,300.2414698510981,12.8
122500,245.00000000044173,-2743704.77283659,-2199462.958514238,300.21265823605586,12.8
123000,246.0000000004465,-2741882.124964148,-2198708.8958350467,299.6232092209758,12.7
123500,247.00000000045128,-2741497.3954445533,-2196909.844857203,300.40337199680005,12.7
124000,248.00000000045605,-2739007.7324647233,-2193700.1210997715,300.8005692617775,12.7
124500,249.00000000046083,-2739495.91757052,-2194601.2966258014,300.5727570124771,12.7
125000,250.0000000004656,-2740272.700301269,-2197221.681043554,299.5557962633786,12.7
125500,251.00000000047038,-2741753.587226143,-2196862.3520993944,300.57088934008146,12.7
126000,252.00000000047515,-2740490.622380629,-2197164.3018344035,299.70765694270295,12.7
126500,253.00000000047993,-2738811.3852635045,-2194973.7845837343,299.9896874004063,12.7
127000,254.0000000004847,-2740755.3177151904,-2195119.484002617,300.98162206014564,12.7
127500,255.00000000048948,-2741457.1262903176,-2196980.322144976,300.3422824537501,12.7
128000,256.00000000049425,-2742693.095304854,-2197337.271363725,300.82716410486705,12.7
128500,257.000000000499,-2741583.7370846123,-2198533.515733231,299.55535612523585,12.7
129000,258.0000000005038,-2743133.2811460253,-2200212.278540277,299.48407695832964,12.7
129500,259.0000000005086,-2740166.4093158506,-2197327.057966975,299.4390367937758,12.7
130000,260.00000000051335,-2740424.9246562384,-2194717.2150067296,301.02126999884257,12.7
130500,261.0000000005181,-2739806.90832109,-2195323.701206449,300.34581443601127,12.7
131000,262.0000000005229,-2742001.746816337,-2199416.6705465917,299.2987745143627,12.8
131500,263.0000000005277,-2742842.0291068107,-2200161.280957415,299.35154868303647,12.7
132000,264.00000000053245,-2738822.514471939,-2195510.421828624,299.69980859948214,12.7
132500,265.0000000005372,-2743804.748864934,-2199726.0766730155,300.12266637699804,12.7
133000,266.000000000542,-2740978.3968800902,-2197183.677264177,299.9660335064393,12.7
133500,267.0000000005468,-2738114.2066275347,-2195365.2124093953,299.3891943272564,12.7
134000,268.00000000055155,-2741361.1192815043,-2194788.9341750536,301.4981287555178,12.7
134500,269.0000000005563,-2742053.2563301604,-2199330.0433598855,299.37497297059036,12.7
135000,270.0000000005611,-2743184.3976819254,-2198518.449552959,300.4466173589689,12.7
135500,271.0000000005659,-2738789.7651310395,-2194279.081146815,300.3609711252633,12.7
136000,272.00000000057065,-2743035.598918719,-2200281.547469946,299.3919839781284,12.7
136500,273.0000000005754,-2742704.9832679965,-2196803.5194115615,301.1281479784005,12.7
137000,274.0000000005802,-2741454.810289949,-2198215.320503156,299.6597596800891,12.7
137500,275.000000000585,-2743639.797352519,-2199877.6454675538,299.9480686150556,12.7
138000,276.00000000058975,-2740001.50855775,-2193933.8362190905,301.21983128710053,12.7
138500,277.0000000005945,-2740256.94408283,-2196277.038200522,300.0681852703061,12.7
139000,278.0000000005993,-2742876.45008133,-2201382.378080463,298.6969587716405,12.7
139500,279.0000000006041,-2743855.786263127,-2200257.3699763985,299.85774938948174,12.7
140000,280.00000000060885,-2742416.1780931223,-2196197.928279151,301.30289227753565,12.7
140500,281.0000000006136,-2739774.123387892,-2196333.0262714303,299.7709695701911,12.7
141000,282.0000000006184,-2738660.9634938743,-2193984.688526774,300.45231381125495,12.7
141500,283.0000000006232,-2740332.2015052624,-2196685.0366292875,299.88463990611956,12.7
142000,284.00000000062795,-2738879.3689124994,-2194593.1890955493,300.2371309662223,12.7
142500,285.0000000006327,-2739255.5756043512,-2196189.1963830106,299.5642690697473,12.7
143000,286.0000000006375,-2741381.024137087,-2197088.2294626725,300.24077982945005,12.7
143500,287.0000000006423,-2741103.2117316164,-2197571.82777796,299.8207732616473,12.7
144000,288.00000000064705,-2740745.4637835957,-2197672.107709219,299.56811761563426,12.7
144500,289.0000000006518,-2743791.983505994,-2199222.293874954,300.3935196020898,12.7
145000,290.0000000006566,-2742586.5328812785,-2198152.082882352,300.31891921603466,12.7
145500,291.0000000006614,-2741228.0499197543,-2198876.7036190885,299.1698452526259,12.7
146000,292.00000000066615,-2737877.93833532,-2192636.126950398,300.76427291997373,12.7
146500,293.0000000006709,-2741473.149273485,-2196027.1716507906,300.87689434550686,12.7
147000,294.0000000006757,-2739476.6695851926,-2196180.6278805956,299.6909546399865,12.7
147500,295.0000000006805,-2744290.369960014,-2202448.4413528205,298.888842147232,12.7
148000,296.00000000068525,-2741805.2904242985,-2197746.0687133735,300.11193717455666,12.7
148500,297.00000000069,-2740599.432851188,-2200419.8646243876,297.9718570578642,12.7
149000,298.0000000006948,-2741676.118859224,-2198649.145229523,299.5425323029203,12.7
149500,299.0000000006996,-2740210.2074642815,-2198082.428497003,299.0465218664314,12.7
150000,300.00000000070435,-2740447.9658448175,-2195402.2435695743,300.65610696998857,12.7
150500,301.0000000007091,-2742303.874038618,-2198222.9408060117,300.12391360390615,12.7
151000,302.0000000007139,-2740351.6419237517,-2197813.3406190034,299.27297268103956,12.7
151500,303.00000000071867,-2743236.071931256,-2199538.9813806787,299.91217972223086,12.7
152000,304.00000000072345,-2741382.049273791,-2197785.664013071,299.85662904242116,12.7
152500,305.0000000007282,-2741818.293881016,-2197214.415076969,300.41237890734897,12.7
153000,306.000000000733,-2743903.806271637,-2200436.352414007,299.78550837834655,12.7
153500,307.00000000073777,-2740862.62979427,-2196340.455453522,300.3673093932632,12.7
154000,308.00000000074255,-2741040.808503652,-2198217.067072559,299.4304261086188,12.7
154500,309.0000000007473,-2741511.9683967363,-2196621.081148058,300.57069744486586,12.7
155000,310.0000000007521,-2740716.227622496,-2196967.6240751413,299.94059513113416,12.7
155500,311.00000000075687,-2741386.9004639294,-2195637.3217597073,301.0443656520662,12.7
156000,312.00000000076164,-2738795.612158317,-2195052.8121923693,299.9373937810071,12.7
156500,313.0000000007664,-2739538.351901183,-2195469.352951381,300.11733045893163,12.7
157000,314.0000000007712,-2741581.7120442465,-2199424.790336164,299.0625974774094,12.7
157500,315.00000000077597,-2740205.609954063,-2196221.104784094,300.0707223123679,12.7
158000,316.00000000078074,-2737866.0921047106,-2191487.5101519963,301.39133409936215,12.7
158500,317.0000000007855,-2739731.357409589,-2195257.978929003,300.34039280121823,12.7
159000,318.0000000007903,-2741761.6919325534,-2196298.0722544934,300.88662599088707,12.7
159500,319.00000000079507,-2739086.0689286403,-2193666.9124142933,300.86209938484427,12.7
160000,320.00000000079984,-2739515.377622163,-2198110.927435728,298.64752191758333,12.7
160500,321.0000000008046,-2740980.648700591,-2196398.5748732993,300.4003509266573,12.7
161000,322.0000000008094,-2738494.777341908,-2193831.9563842043,300.44489236031404,12.7
161500,323.00000000081417,-2740857.836397169,-2196196.5076290546,300.44406924420764,12.7
162000,324.00000000081894,-2741274.728736995,-2196972.6057742317,300.24592546539367,12.7
162500,325.0000000008237,-2743285.209048124,-2200646.448043857,299.3283878892143,12.7
163000,326.0000000008285,-2739630.1972182356,-2194862.5638427422,300.50270859885495,12.7
163500,327.00000000083327,-2739452.5836467,-2194631.2516393764,300.5323296396884,12.7
164000,328.00000000083804,-2739567.404042706,-2197554.365360296,298.9832292545434,12.7
164500,329.0000000008428,-2739512.846091956,-2193278.1024599886,301.31199053646185,12.7
165000,330.0000000008476,-2739065.3757485673,-2194817.2060528304,300.21616396363436,12.7
165500,331.00000000085237,-2740478.2765525114,-2199586.886344456,298.36450966844956,12.7
166000,332.00000000085714,-2738695.5670014154,-2192266.997827115,301.41890786579313,12.7
166500,333.0000000008619,-2738070.1484479923,-2194503.272803273,299.8403510571029,12.7
167000,334.0000000008667,-2738355.7928403895,-2194622.768645043,299.9320013065568,12.7
167500,335.00000000087147,-2740100.164017344,-2195911.4681761498,300.1833572157917,12.7
168000,336.00000000087624,-2741131.9036118165,-2197655.700631763,299.7903345369233,12.7
168500,337.000000000881,-2741050.931668466,-2196582.2627665196,300.3377949208543,12.7
169000,338.0000000008858,-2738924.7044997215,-2196988.955408277,298.94059505601774,12.7
169500,339.00000000089057,-2741818.1464968696,-2199993.066971559,298.87954791895373,12.7
170000,340.00000000089534,-2741064.743617585,-2196664.389857349,300.3001111748596,12.7
170500,341.0000000009001,-2738412.345706787,-2194944.8782699397,299.78551586886437,12.7
171000,342.0000000009049,-2742185.4533417355,-2199064.056202628,299.59461785021347,12.7
171500,343.00000000090967,-2741372.2295057047,-2194978.955859129,301.39943827723323,12.7
172000,344.00000000091444,-2740208.7868537325,-2195879.804359246,300.260741621017,12.7
172500,345.0000000009192,-2740728.4100562055,-2195556.7015054906,300.72560305365073,12.7
173000,346.000000000924,-2739737.7869423386,-2194528.3206715602,300.74643082764925,12.7
173500,347.00000000092876,-2740258.8999209814,-2195114.088985094,300.7107658907665,12.7
174000,348.00000000093354,-2737619.219890015,-2192854.041075597,300.50135462294617,12.7
174500,349.0000000009383,-2740678.1659991667,-2195954.7672045142,300.4783080828513,12.7
175000,350.0000000009431,-2742973.38509907,-2199274.809129262,299.9129991036973,12.7
175500,351.00000000094786,-2744615.4252457116,-2201082.114748743,299.821835974349,12.7
176000,352.00000000095264,-2739839.0827321205,-2195708.4249982135,300.1513424495443,12.7
176500,353.0000000009574,-2740489.2645588517,-2198445.551222668,299.0001498936921,12.7
177000,354.0000000009622,-2739482.0150192287,-2195620.2172769182,300.0030348946185,12.7
177500,355.00000000096696,-2740888.8397744186,-2195093.3254438816,301.0697044924876,12.7
178000,356.00000000097174,-2740135.491435349,-2194394.023657286,301.03989153295413,12.7
178500,357.0000000009765,-2740727.256714776,-2195350.8031669944,300.8385437322468,12.7
179000,358.0000000009813,-2741656.0972023197,-2198182.0347684575,299.7891537767443,12.7
179500,359.00000000098606,-2741632.719694443,-2198141.559085847,299.79858540870043,12.7
180000,360.00000000099084,-2739684.4261346757,-2197104.013356097,299.2962020566005,12.7
180500,361.0000000009956,-2742280.756116355,-2198732.991479032,299.82980911383237,12.7
181000,362.0000000010004,-2742451.3916970287,-2197639.4582965835,300.52714521489713,12.7
181500,363.00000000100516,-2738800.572111273,-2196185.3267176664,299.3154162949697,12.7
182000,364.00000000100994,-2740398.643526634,-2194778.0816786117,300.97319785066304,12.7
182500,365.0000000010147,-2738562.0322578605,-2193282.1232165066,300.78528820841535,12.7
183000,366.0000000010195,-2740976.500965314,-2196995.744775931,300.0686543135524,12.7
183500,367.00000000102426,-2739503.6020503845,-2194248.8904832928,300.7713888707862,12.7
184000,368.00000000102904,-2738872.011196384,-2195186.8028179565,299.90562532234316,12.7
184500,369.0000000010338,-2742780.0290227924,-2200028.644752571,299.39051271895283,12.7
185000,370.0000000010386,-2743182.1463632956,-2198501.621571987,300.4546580835782,12.7
185500,371.00000000104336,-2745073.166691769,-2201043.8359083147,300.09544885161444,12.7
186000,372.00000000104814,-2741236.633242853,-2197265.1272907592,300.06355173184534,12.7
186500,373.0000000010529,-2741211.7701137606,-2197224.3464307636,300.0723322117383,12.7
187000,374.0000000010577,-2737771.0158141144,-2195085.2086684983,299.35433930783466,12.7
187500,375.00000000106246,-2739293.4596620034,-2196874.6031800574,299.2070849693232,12.7
188000,376.00000000106724,-2739861.095111128,-2193803.6297634123,301.2142009444785,12.7
188500,377.000000001072,-2741358.491673598,-2195626.106645265,301.03488134011565,12.7
189000,378.0000000010768,-2741085.095372919,-2197755.699050553,299.7093535909702,12.7
189500,379.00000000108156,-2741061.4492731225,-2198082.9706030795,299.51578169249876,12.7
190000,380.00000000108633,-2738459.149165537,-2196582.1415137593,298.9081923201624,12.7
190500,381.0000000010911,-2741546.572280176,-2197893.53909545,299.8878769609047,12.7
191000,382.0000000010959,-2743112.451026913,-2198516.1170994365,300.40821703041934,12.7
191500,383.00000000110066,-2744156.4759627413,-2200530.434924566,299.8729876527806,12.7
192000,384.00000000110543,-2742724.6646838486,-2199820.9599976665,299.47453514386723,12.7
192500,385.0000000011102,-2740148.7663960177,-2196584.504244781,299.838909411487,12.7
193000,386.000000001115,-2741606.489813691,-2196769.4964474686,300.5409687006039,12.7
193500,387.00000000111976,-2741623.243881723,-2197540.496936269,300.1249140774841,12.7
194000,388.00000000112453,-2740274.5640912484,-2197547.7432303578,299.3769631418779,12.7
194500,389.0000000011293,-2744227.539119862,-2200593.9492056244,299.8771517358956,12.7
195000,390.0000000011341,-2740901.839135917,-2197199.8348954814,299.91489019367094,12.7
195500,391.00000000113886,-2744528.9373368416,-2201162.597615031,299.7297321724382,12.7
196000,392.00000000114363,-2741878.148367062,-2196794.001115324,300.67730281351373,12.7
196500,393.0000000011484,-2742004.908421114,-2199753.350348496,299.1148004390626,12.7
197000,394.0000000011532,-2740778.0707983356,-2195857.4620054364,300.5870923332458,12.7
197500,395.00000000115796,-2742486.3297186363,-2198479.9533589,300.0827868172369,12.7
198000,396.00000000116273,-2741310.3307286743,-2197589.581092623,299.92523045952214,12.7
198500,397.0000000011675,-2741368.0397898704,-2197627.745245833,299.93601174943245,12.7
199000,398.0000000011723,-2743999.704614142,-2199475.964210333,300.3681732591814,12.7
199500,399.00000000117706,-2743336.270065151,-2198968.2040632875,300.28230072091355,12.7
200000,400.00000000118183,-2742142.7679898497,-2199293.0907060886,299.4447327478153,12.7
200500,401.0000000011866,-2743044.398330305,-2199272.040461369,299.95369840221474,12.7
201000,402.0000000011914,-2741783.3087971136,-2199678.9526227685,299.0336014719583,12.7
201500,403.00000000119616,-2741408.428081505,-2197708.9729436664,299.9134840671171,12.7
202000,404.00000000120093,-2739952.031517923,-2195986.544877266,300.06023138151636,12.7
202500,405.0000000012057,-2742212.5367552023,-2198710.8654299797,299.8043832913609,12.7
203000,406.0000000012105,-2740291.3559461217,-2197753.2598181902,299.272859502162,12.7
203500,407.00000000121526,-2741443.0079425443,-2198309.8703484125,299.6010940766244,12.7
204000,408.00000000122003,-2740500.248429576,-2197544.818465272,299.50306765062123,12.7
204500,409.0000000012248,-2742729.929823149,-2199239.151364464,299.79837460857885,12.7
205000,410.0000000012296,-2742400.233082665,-2199311.2008812353,299.5767648229043,12.7
205500,411.00000000123435,-2738820.630784815,-2194397.366167293,300.312749177283,12.7
206000,412.00000000123913,-2740868.374517711,-2197743.360095294,299.5966132026641,12.7
206500,413.0000000012439,-2738815.701238634,-2193978.528268023,300.5410677733131,12.7
207000,414.0000000012487,-2741372.8003257923,-2196696.7382487683,300.45219637761784,12.7
207500,415.00000000125345,-2741458.1146702487,-2196985.206226735,300.3401335211054,12.7
208000,416.00000000125823,-2741234.7288907394,-2197359.8965088883,300.0102250143091,12.7
208500,417.000000001263,-2742332.9913304336,-2199322.3527508182,299.5335216229623,12.7
209000,418.0000000012678,-2738158.395186294,-2194764.3444480724,299.74501802089793,12.7
209500,419.00000000127255,-2743032.73524018,-2198532.596586398,300.3551541490577,12.7
210000,420.00000000127733,-2739306.5013323743,-2196204.7729141857,299.583768263071,12.7
210500,421.0000000012821,-2744573.2951576933,-2200282.461687066,300.23969799746476,12.7
211000,422.0000000012869,-2740525.858225275,-2197449.9934858223,299.5695014361923,12.7
211500,423.00000000129165,-2741829.364758095,-2198918.1088077743,299.4787005442836,12.7
212000,424.0000000012964,-2738506.328896554,-2197511.750302201,298.42143006474083,12.7
212500,425.0000000013012,-2740863.1992577743,-2195508.710416074,300.8264276422544,12.7
213000,426.000000001306,-2739718.674503483,-2196936.140576812,299.40769537732217,12.7
213500,427.00000000131075,-2739033.408593964,-2195237.5592892217,299.9666566612159,12.7
214000,428.0000000013155,-2739016.2952968366,-2193115.9027697365,301.12755701567227,12.7
214500,429.0000000013203,-2739964.919733336,-2194950.9369924525,300.63859892534634,12.7
215000,430.0000000013251,-2738409.545468563,-2193761.610395401,300.43668106369796,12.7
215500,431.00000000132985,-2739750.8516158815,-2196349.353333514,299.7491262076753,12.7
216000,432.0000000013346,-2738607.297949314,-2196350.0559813273,299.11793576841944,12.7
216500,433.0000000013394,-2738648.6451171655,-2195019.5460056625,299.874674535888,12.7
217000,434.0000000013442,-2740024.359202059,-2194656.2135274364,300.83396097395865,12.7
217500,435.00000000134895,-2739333.3970087133,-2194200.7810648633,300.70403893432837,12.7
218000,436.0000000013537,-2739107.027743701,-2193744.6611809162,300.8307731216448,12.7
218500,437.0000000013585,-2741351.99342796,-2197176.1357879485,300.1762754547024,12.7
219000,438.0000000013633,-2740961.465840701,-2197837.015334101,299.59630213750535,12.7
219500,439.00000000136805,-2741874.5230271723,-2199484.607887048,299.1911204533075,12.7
220000,440.0000000013728,-2739857.2845338266,-2194895.9157375596,300.6095762156649,12.7
220500,441.0000000013776,-2737853.4201502446,-2194666.766491864,299.63061441020346,12.7
221000,442.0000000013824,-2738640.843319284,-2193702.5245494563,300.5968614452674,12.7
221500,443.00000000138715,-2741671.026306547,-2197140.8072804892,300.3717469728429,12.7
222000,444.0000000013919,-2741393.302439118,-2197815.522167935,299.84636622685184,12.7
222500,445.0000000013967,-2743203.9270297065,-2199967.62071435,299.65800362534077,12.7
223000,446.0000000014015,-2741903.0473969374,-2199816.2538427333,299.0239136443429,12.7
223500,447.00000000140625,-2742263.7108763047,-2197518.8944900455,300.49012237557946,12.7
224000,448.000000001411,-2743027.1199856773,-2199927.7926838472,299.582443768139,12.7
224500,449.0000000014158,-2740089.05587741,-2194683.6226327154,300.85452940555626,12.7
225000,450.0000000014206,-2739981.9193386957,-2197427.431823977,299.2819012583633,12.7
225500,451.00000000142535,-2736351.2911404334,-2190837.1051980034,300.91451916675874,12.7
226000,452.0000000014301,-2741853.7529495526,-2197240.697561346,300.41744086078893,12.7
226500,453.0000000014349,-2740879.3251677137,-2195751.673809642,300.7013003878691,12.7
227000,454.0000000014397,-2739973.5680308565,-2197007.945219616,299.5086901911782,12.7
227500,455.00000000144445,-2740806.8379446995,-2198695.7194586117,299.03733167336975,12.7
228000,456.0000000014492,-2739034.3793916386,-2193761.6456850856,300.78133017675066,12.7
228500,457.000000001454,-2741026.933746163,-2198611.3450173573,299.20528242341254,12.7
229000,458.0000000014588,-2740502.7247440144,-2196653.688230087,299.99599559298025,12.7
229500,459.00000000146355,-2740254.4310698044,-2196499.252385463,299.94422208389864,12.7
230000,460.0000000014683,-2738387.9681837447,-2194677.5436677523,299.91953495495426,12.7
230500,461.0000000014731,-2741972.1040829606,-2197424.006095822,300.38160929927807,12.7
231000,462.0000000014779,-2742630.1171254516,-2201374.6306233713,298.5653511205515,12.7
231500,463.00000000148265,-2740541.4176536724,-2196668.497906009,300.0091699741071,12.7
232000,464.0000000014874,-2740397.8127469476,-2197666.5507548363,299.3794129422686,12.7
232500,465.0000000014922,-2739579.3710018545,-2196091.1605712124,299.7969580424405,12.7
233000,466.00000000149697,-2742430.6182317473,-2198373.8499199646,300.11058383958874,12.7
233500,467.00000000150175,-2739660.3825635165,-2194094.907507753,300.94281107790414,12.7
234000,468.0000000015065,-2743115.008089669,-2199146.371635334,300.0619688700966,12.7
234500,469.0000000015113,-2741205.2000780385,-2196221.1394247254,300.62209341398517,12.7
235000,470.00000000151607,-2738988.1426820457,-2195230.92042937,299.9453493495109,12.7
235500,471.00000000152085,-2740386.234450834,-2193892.0850119865,301.45508300895455,12.7
236000,472.0000000015256,-2739171.7320591975,-2195119.825126699,300.10790222351454,12.7
236500,473.0000000015304,-2740493.925169017,-2196061.684587106,300.3177004655862,12.7
237000,474.00000000153517,-2738940.276167957,-2195277.607625824,299.8931919811481,12.7
237500,475.00000000153995,-2742191.420555882,-2196438.9415695015,301.0459654949917,12.7
238000,476.0000000015447,-2738882.198338425,-2196446.8260031817,299.2161953832806,12.7
238500,477.0000000015495,-2741446.560435975,-2198351.8268445395,299.5799098025886,12.7
239000,478.00000000155427,-2743118.895793438,-2200268.701647528,299.44501785740374,12.7
239500,479.00000000155904,-2744042.007959623,-2200826.0418536086,299.64678363423553,12.7
240000,480.0000000015638,-2740301.552273063,-2194902.1752925958,300.85118867146554,12.7
240500,481.0000000015686,-2739633.1076098755,-2197383.5445443233,299.11369996063775,12.7
241000,482.00000000157337,-2739940.494848311,-2196710.616914201,299.6544576254351,12.7
241500,483.00000000157814,-2740618.343353927,-2196159.5354282456,300.3323554455707,12.7
242000,484.0000000015829,-2741528.651225902,-2197698.601717932,299.9855220509253,12.7
242500,485.0000000015877,-2741999.099836247,-2200781.898070715,298.5442326356675,12.7
243000,486.00000000159247,-2741401.4029235467,-2196050.8862540824,300.82423652728556,12.7
243500,487.00000000159724,-2742111.220134083,-2199776.529819898,299.16065753892,12.7
244000,488.000000001602,-2740281.1069269683,-2197256.249365448,299.54136504521085,12.7
244500,489.0000000016068,-2744169.6492696647,-2198287.7232505684,301.1173705887747,12.7
245000,490.00000000161157,-2744454.1550206803,-2200321.4578287434,300.1524674478454,12.7
245500,491.00000000161634,-2739610.230182858,-2196243.8197969664,299.72977115189764,12.7
246000,492.0000000016211,-2741197.793125991,-2199793.834905969,298.64725054088854,12.7
246500,493.0000000016259,-2742359.950571172,-2200358.736430978,298.9767066442667,12.7
247000,494.00000000163067,-2742569.226922486,-2200045.0979427244,299.26515499550754,12.7
247500,495.00000000163544,-2739541.3284701314,-2195151.150355077,300.2944981230711,12.7
248000,496.0000000016402,-2741077.885906283,-2195947.7789072893,300.702654959439,12.7
248500,497.000000001645,-2741416.089730544,-2196927.591181898,300.3487332772813,12.7
249000,498.00000000164977,-2740012.581365809,-2195264.3816040414,300.4919887006731,12.7
249500,499.00000000165454,-2739664.7718748804,-2195041.030247556,300.4233355645175,12.7
250000,500.0000000016593,-2739230.2804715578,-2195379.672939219,299.99686219235014,12.7
250500,501.0000000016641,-2740314.2860202454,-2195135.9936668305,300.7292347865642,12.7
251000,502.00000000166887,-2741991.1587600913,-2199727.919196933,299.1212441397023,12.7
251500,503.00000000167364,-2743470.664007608,-2199952.910665027,299.813254394341,12.7
252000,504.0000000016784,-2743577.562625937,-2201010.412432102,299.28888619861937,12.7
252500,505.0000000016832,-2742384.386298891,-2197556.3707131,300.5360164105421,12.7
253000,506.00000000168797,-2742332.2196913753,-2197476.216938041,300.55145458846863,12.7
253500,507.00000000169274,-2744039.6207460966,-2201586.734265128,299.2258564716176,12.7
254000,508.0000000016975,-2741936.849487284,-2200351.279153434,298.7474307439259,12.7
254500,509.0000000017023,-2743344.1473600306,-2198517.247983683,300.535400691214,12.7
255000,510.00000000170706,-2740855.5899917316,-2197869.4506928762,299.5200074202527,12.7
255500,511.00000000171184,-2740724.00934821,-2198337.400726424,299.18929652388164,12.7
256000,512.0000000017166,-2741406.6560805254,-2199298.534756333,299.0356783900018,12.7
256500,513.0000000016929,-2739864.252894135,-2196938.276182359,299.48682075631376,12.7
257000,514.0000000016693,-2741232.9232739806,-2196185.5173895294,300.6570356762776,12.7
257500,515.0000000016456,-2740301.719295107,-2196095.6481516026,300.19294171583726,12.7
258000,516.000000001622,-2742111.5869312063,-2198886.2970289625,299.6519267922534,12.7
258500,517.0000000015983,-2740931.439578453,-2196590.5872529205,300.2672892133507,12.7
259000,518.0000000015747,-2740739.279144872,-2196666.8951267316,300.1191977178181,12.7
259500,519.000000001551,-2741965.6926476564,-2199085.147826541,299.46175978469216,12.7
260000,520.0000000015274,-2740835.7415307593,-2198017.277920905,299.4275147763728,12.7
260500,521.0000000015037,-2740660.0365819987,-2197682.615821824,299.51519813216703,12.7
261000,522.0000000014801,-2742441.483677719,-2200230.8578236103,299.0922215599633,12.7
261500,523.0000000014564,-2743479.6858757865,-2199833.185663884,299.88427326658024,12.7
262000,524.0000000014328,-2739572.7353648804,-2194972.0403341404,300.41062268608414,12.7
262500,525.0000000014091,-2738128.3657870684,-2194104.704005325,300.0923217378419,12.7
263000,526.0000000013855,-2739558.5127895046,-2195614.4057638543,300.0484380373003,12.7
263500,527.0000000013619,-2742052.045331858,-2197367.97318491,300.45661486278584,12.7
264000,528.0000000013382,-2738813.9879489504,-2193441.4365251944,300.8363912570131,12.7
264500,529.0000000013146,-2741650.017739909,-2196345.890316197,300.79864746298637,12.7
265000,530.0000000012909,-2739807.8400301207,-2197930.144400178,298.9085718201351,12.7
265500,531.0000000012673,-2742975.3858622145,-2197667.8716250854,300.80051568448687,12.7
266000,532.0000000012436,-2744537.3360141125,-2200128.4919057363,300.30479458932234,12.7
266500,533.00000000122,-2739575.4208080973,-2198022.9467987926,298.7291742716958,12.7
267000,534.0000000011963,-2738475.6168529857,-2194429.0169431255,300.1049747833002,12.7
267500,535.0000000011727,-2743706.5885166246,-2201005.0949655157,299.3629921848594,12.7
268000,536.000000001149,-2738932.161488265,-2194455.1075398857,300.34242024917853,12.7
268500,537.0000000011254,-2739610.816913601,-2195102.5917096045,300.35961482200116,12.7
269000,538.0000000011017,-2742079.507605564,-2197610.278544393,300.3381039138155,12.7
269500,539.0000000010781,-2741909.733852446,-2198826.575078558,299.5735249445103,12.7
270000,540.0000000010544,-2742803.5039391294,-2197884.4341541016,300.58624339141164,12.7
270500,541.0000000010308,-2740863.6888216026,-2196040.4963550577,300.5333558993284,12.7
271000,542.0000000010072,-2739807.2223545276,-2195012.3199471254,300.51775064145716,12.7
271500,543.0000000009835,-2739600.6670944653,-2195966.0006299377,299.87774557858796,12.7
272000,544.0000000009599,-2740615.9608834777,-2195834.106126707,300.5105533446364,12.7
272500,545.0000000009362,-2741161.638972236,-2198104.1591550577,299.5593600133133,12.7
273000,546.0000000009126,-2741400.423586061,-2197734.9052615655,299.8947639675628,12.7
273500,547.0000000008889,-2741359.3012309615,-2197230.774241457,300.15016709619164,12.7
274000,548.0000000008653,-2742836.8904679194,-2199195.354229112,299.8815350580869,12.7
274500,549.0000000008416,-2744181.0945873167,-2200453.5950301676,299.92895382605207,12.7
275000,550.000000000818,-2739491.5481647644,-2195731.12030514,299.94711761456875,12.7
275500,551.0000000007943,-2738996.6412296295,-2194349.5188419763,300.43623277312076,12.7
276000,552.0000000007707,-2741317.30504206,-2197038.461533168,300.23308413908444,12.7
276500,553.000000000747,-2740528.7418803945,-2193869.3250306128,301.54624720738735,12.7
277000,554.0000000007234,-2739965.5718812738,-2197328.6485166913,299.3273742172029,12.7
277500,555.0000000006997,-2743931.1738270763,-2201045.339550374,299.46467753463435,12.7
278000,556.0000000006761,-2740078.7117547095,-2196627.429952428,299.776587608943,12.7
278500,557.0000000006524,-2737099.9795744047,-2194655.1161773377,299.22143080772713,12.7
279000,558.0000000006288,-2741848.6374194305,-2195882.938250381,301.1635812241475,12.7
279500,559.0000000006052,-2741601.066024717,-2198600.0357377576,299.5282215320772,12.7
280000,560.0000000005815,-2742374.8412046153,-2200934.1341912104,298.6675217744801,12.7
280500,561.0000000005579,-2741831.8259616774,-2198387.064029048,299.7729911425412,12.7
281000,562.0000000005342,-2740657.3594968896,-2197017.834340985,299.88042571196894,12.7
281500,563.0000000005106,-2742396.341663141,-2197441.815036026,300.605801963604,12.7
282000,564.0000000004869,-2740055.6084872894,-2195169.3297623117,300.5681553080542,12.7
282500,565.0000000004633,-2742014.768146232,-2199141.3080277015,299.45785174723545,12.7
283000,566.0000000004396,-2743802.9979613405,-2200462.6674739933,299.7153850546471,12.7
283500,567.000000000416,-2741704.3824611083,-2197626.020023938,300.12249551122875,12.7
284000,568.0000000003923,-2742596.316867577,-2198098.081460485,300.3541042871523,12.7
284500,569.0000000003687,-2739901.029104011,-2197697.8646650547,299.0881057217126,12.7
285000,570.000000000345,-2740282.7180694323,-2195768.2154830187,300.3630775284903,12.7
285500,571.0000000003214,-2738146.098752195,-2195184.157129329,299.5066595876517,12.7
286000,572.0000000002977,-2741779.8307090923,-2198261.74790315,299.81343613170276,12.7
286500,573.0000000002741,-2740616.821306402,-2196694.2662605564,300.03654961385087,12.7
287000,574.0000000002505,-2741918.4558260664,-2198740.2281657197,299.62596649230824,12.7
287500,575.0000000002268,-2741793.7543799225,-2197027.6046297443,300.50189020694177,12.7
288000,576.0000000002032,-2740760.432828514,-2196585.9406579784,300.1755222394764,12.7
288500,577.0000000001795,-2741537.3461043015,-2198546.733230031,299.5224751173898,12.7
289000,578.0000000001559,-2738746.095180044,-2192775.188877294,301.1664535639951,12.7
289500,579.0000000001322,-2741190.8768540975,-2196971.0462746234,300.2005316450557,12.7
290000,580.0000000001086,-2743068.4228481688,-2198686.940400805,300.2897014509967,12.7
290500,581.0000000000849,-2738057.9819013253,-2194952.2805792624,299.5859597816232,12.7
291000,582.0000000000613,-2740389.499832414,-2196976.8415104225,299.7552822674881,12.7
291500,583.0000000000376,-2740244.8898974434,-2195171.2813015208,300.6714895191409,12.7
292000,584.000000000014,-2737860.121240506,-2194072.9984415197,299.96184297836174,12.7
292500,584.9999999999903,-2742687.1248516627,-2198165.733698076,300.36687737445584,12.7
293000,585.9999999999667,-2738047.0483567696,-2194919.6366808047,299.59793556680665,12.7
293500,586.999999999943,-2741510.2876652684,-2197970.920246553,299.8251770711381,12.7
294000,587.9999999999194,-2741075.563647585,-2199567.4422978596,298.70470862153496,12.7
294500,588.9999999998957,-2740434.2562688272,-2197026.560473103,299.7525448570889,12.7
295000,589.9999999998721,-2743077.616329724,-2198414.0587284463,300.4452987049199,12.7
295500,590.9999999998485,-2742533.4676674567,-2196258.4191106698,301.3342233901339,12.7
296000,591.9999999998248,-2739923.437402252,-2197970.565895808,298.9500400592998,12.7
296500,592.9999999998012,-2741139.661752673,-2197839.78054062,299.6930725748995,12.7
297000,593.9999999997775,-2741965.18344531,-2198011.6757542044,300.05362359763626,12.7
297500,594.9999999997539,-2743013.6530477386,-2199059.8862811276,300.0537665079089,12.7
298000,595.9999999997302,-2742160.343611436,-2197580.756309357,300.398979318809,12.7
298500,596.9999999997066,-2739368.3387375623,-2195622.106626318,299.93928700831117,12.7
299000,597.9999999996829,-2742708.8148640413,-2199570.4685616978,299.603967284998,12.7
299500,598.9999999996593,-2742296.359659355,-2198094.0927307317,300.19084324888416,12.7
300000,599.9999999996356,-2741789.8486417495,-2195757.988584571,301.2000766487431,12.7
300500,600.999999999612,-2740819.7036611866,-2196508.7959882934,300.2507712547296,12.7
301000,601.9999999995883,-2742418.0865180343,-2196481.654405688,301.1474370384924,12.7
301500,602.9999999995647,-2740957.5161686223,-2197952.0695915413,299.5306576297126,12.7
302000,603.999999999541,-2741074.9547994584,-2197516.4795603086,299.83571725642855,12.7
302500,604.9999999995174,-2743076.106641967,-2201660.8395963404,298.6534886734738,12.7
303000,605.9999999994938,-2745216.2215135116,-2200497.9908491503,300.4754572579202,12.7
303500,606.9999999994701,-2742061.2648297306,-2196663.457548914,300.8503227995455,12.7
304000,607.9999999994465,-2740692.5211712997,-2195888.1779802446,300.5229583316448,12.7
304500,608.9999999994228,-2738826.005636284,-2196822.67468228,298.9778743132775,12.7
305000,609.9999999993992,-2741624.1387160663,-2196838.023443302,300.512903514723,12.7
305500,610.9999999993755,-2740378.846557377,-2195643.7599506574,300.4847552705487,12.7
306000,611.9999999993519,-2741044.5609579273,-2196719.873356685,300.25837248787843,12.7
306500,612.9999999993282,-2743882.014505038,-2200941.1210236643,299.4950490896306,12.7
307000,613.9999999993046,-2741311.3777185827,-2196865.5987662226,300.3251684514591,12.7
307500,614.9999999992809,-2739721.237644125,-2195276.402350398,300.32464791397115,12.7
308000,615.9999999992573,-2742041.776330417,-2199587.3588125566,299.2267010165298,12.7
308500,616.9999999992336,-2739651.696348246,-2196007.2158083078,299.88315918259553,12.7
309000,617.99999999921,-2739500.138926182,-2196216.255375295,299.6842480041706,12.7
309500,618.9999999991863,-2739849.9965443574,-2196122.018739403,299.92921763533894,12.7
310000,619.9999999991627,-2742703.2896907683,-2198286.6125707175,300.3091154062736,12.7
310500,620.999999999139,-2743386.5933108833,-2200894.367491087,299.2475566923136,12.7
311000,621.9999999991154,-2742932.5069548097,-2201353.8328202544,298.7436266879576,12.7
311500,622.9999999990918,-2739644.7594806813,-2195390.512813015,300.2195161204313,12.7
312000,623.9999999990681,-2743666.8151404485,-2200037.211187035,299.8749530149169,12.7
312500,624.9999999990445,-2741227.0353603065,-2196765.2794891996,300.3339815803312,12.7
313000,625.9999999990208,-2739264.1013966184,-2195703.099833913,299.8371108176915,12.7
313500,626.9999999989972,-2742240.2426278163,-2197353.987843376,300.5681421020634,12.7
314000,627.9999999989735,-2739569.6952050384,-2193919.446818361,300.98957342940173,12.7
314500,628.9999999989499,-2741652.190816153,-2197896.6460251324,299.94442403431196,12.7
315000,629.9999999989262,-2744253.60037823,-2198997.7266656575,300.77202992918166,12.7
315500,630.9999999989026,-2743730.7062156014,-2200034.73165464,299.91156412416353,12.7
316000,631.9999999988789,-2742775.7802541535,-2198940.022438891,299.98867084629717,12.7
316500,632.9999999988553,-2746449.1625006497,-2201565.3338749497,300.5668037933455,12.7
317000,633.9999999988316,-2743081.9091168195,-2197537.6984345135,300.9310813028052,12.7
317500,634.999999998808,-2741402.6057275087,-2197512.6853844617,300.01854777970277,12.7
318000,635.9999999987843,-2740805.551203141,-2195574.3463780675,300.7584221686293,12.7
318500,636.9999999987607,-2742768.9984467626,-2199608.900558438,299.61596581446827,12.7
319000,637.999999998737,-2743064.867483951,-2199751.282745769,299.7006316633384,12.7
319500,638.9999999987134,-2744030.143059125,-2200022.624679245,300.0834167741681,12.7
320000,639.9999999986898,-2740749.910085518,-2197043.22722058,299.9174709992279,12.7
320500,640.9999999986661,-2740679.820564976,-2195492.8263996127,300.7340348479113,12.7
321000,641.9999999986425,-2741514.1347771212,-2199173.615727464,299.1638727644393,12.7
321500,642.9999999986188,-2742687.609082626,-2197172.5680398876,300.91499085403046,12.7
322000,643.9999999985952,-2741705.2436384037,-2195044.3425886594,301.54706591628553,12.7
322500,644.9999999985715,-2742186.8402381986,-2198136.140775085,300.10723616371484,12.7
323000,645.9999999985479,-2744455.1586108077,-2200865.917466989,299.8526882310592,12.7
323500,646.9999999985242,-2743227.0461334474,-2198911.765783499,300.2531832946864,12.7
324000,647.9999999985006,-2741427.6530281883,-2196394.184256932,300.649347737405,12.7
324500,648.9999999984769,-2740116.2618161645,-2195737.5803355454,300.28815639207244,12.7
325000,649.9999999984533,-2742899.592473572,-2199280.8439674983,299.8689649731743,12.7
325500,650.9999999984296,-2740817.726439316,-2198625.3901742296,299.08213272446045,12.7
326000,651.999999998406,-2742302.3033767883,-2199399.041148463,299.4742910768995,12.7
326500,652.9999999983823,-2740899.377049718,-2197486.5871961536,299.7553548224484,12.7
327000,653.9999999983587,-2742237.768345095,-2196730.1561997365,300.91089295311315,12.7
327500,654.999999998335,-2742172.7058069166,-2200094.795860141,299.01901330164475,12.7
328000,655.9999999983114,-2744866.0463898946,-2201245.9661313538,299.86969958954825,12.7
328500,656.9999999982878,-2741810.5312419273,-2197535.545886336,300.2309559188193,12.7
329000,657.9999999982641,-2742906.67337282,-2197497.483658789,300.85660153528863,12.7
329500,658.9999999982405,-2742467.8945438564,-2199780.285450755,299.3553332914467,12.7
330000,659.9999999982168,-2741717.369551778,-2197293.6763585694,300.3129855866191,12.7
330500,660.9999999981932,-2743610.134778153,-2198948.4497038145,300.44426578853023,12.7
331000,661.9999999981695,-2742830.3685799297,-2197835.37106478,300.62812636529173,12.7
331500,662.9999999981459,-2744581.40653125,-2200013.984517531,300.3922687474037,12.7
332000,663.9999999981222,-2742405.289571902,-2199238.7724808855,299.6195067513335,12.7
332500,664.9999999980986,-2741310.6365025565,-2199735.204052596,298.7418385218818,12.7
333000,665.9999999980749,-2740445.785469845,-2197329.8747067386,299.59159147576014,12.7
333500,666.9999999980513,-2741361.6843815763,-2197530.9275526516,299.98591222069615,12.7
334000,667.9999999980276,-2740688.720830461,-2197760.4462574823,299.4880882940178,12.7
334500,668.999999998004,-2742311.2361363918,-2197717.332665977,300.40687635067746,12.7
335000,669.9999999979804,-2740877.9415500164,-2195308.0930721555,300.9452235288382,12.7
335500,670.9999999979567,-2741123.136374561,-2196020.188204855,300.6876737063996,12.7
336000,671.9999999979331,-2746087.47299291,-2201597.1711262586,300.349728016895,12.7
336500,672.9999999979094,-2743261.0675054733,-2200546.7679146803,299.3700562051422,12.7
337000,673.9999999978858,-2743727.0125142857,-2201661.8872399777,299.01196106786733,12.7
337500,674.9999999978621,-2737999.962482171,-2193457.585361616,300.3784535759961,12.7
338000,675.9999999978385,-2738466.7564170994,-2195204.9530781554,299.67206819926133,12.7
338500,676.9999999978148,-2742359.3773446456,-2195936.0414872244,301.4160210828773,12.7
339000,677.9999999977912,-2741283.3715676945,-2197723.60498975,299.83642957996204,12.7
339500,678.9999999977675,-2742662.5147279818,-2196976.96660384,301.0090453401233,12.7
340000,679.9999999977439,-2743531.184601851,-2198561.958487549,300.61391044040056,12.7
340500,680.9999999977202,-2742767.543030247,-2200628.2126107216,299.05289383582846,12.7
341000,681.9999999976966,-2739979.258207094,-2195516.2700396297,300.33466133509376,12.7
341500,682.999999997673,-2740548.959220715,-2195646.189385063,300.5772520735772,12.7
342000,683.9999999976493,-2741276.8283259775,-2196367.329037956,300.5809641492232,12.7
342500,684.9999999976257,-2740184.8619981892,-2195151.944458058,300.649043669329,12.7
343000,685.999999997602,-2743895.582614785,-2200585.921596842,299.698467275281,12.7
343500,686.9999999975784,-2737273.4341392107,-2192921.871633444,300.27319712338925,12.7
344000,687.9999999975547,-2741421.408187704,-2200467.020053915,298.39926035141843,12.7
344500,688.9999999975311,-2745078.3931338657,-2199369.698771976,301.02181318224694,12.7
345000,689.9999999975074,-2744988.169134818,-2201393.3242028486,299.85577937196854,12.7
345500,690.9999999974838,-2742445.9351315144,-2199029.083180969,299.75759554137244,12.7
346000,691.9999999974601,-2743960.0574366245,-2200663.2161171697,299.6913957205792,12.7
346500,692.9999999974365,-2741139.5105123837,-2196556.392962162,300.4009266612426,12.7
347000,693.9999999974128,-2742936.5153699126,-2198977.745813003,300.0565261286045,12.7
347500,694.9999999973892,-2741398.0649439916,-2197608.841767649,299.96300158075655,12.7
348000,695.9999999973655,-2741967.002846284,-2198134.4015592355,299.9869296538697,12.7
348500,696.9999999973419,-2742365.067386348,-2196172.8833909137,301.2885139470468,12.7
349000,697.9999999973182,-2742809.715902934,-2199266.801248987,299.82713378392674,12.7
349500,698.9999999972946,-2743868.718906693,-2199832.431809435,300.0992860677261,12.7
350000,699.999999997271,-2742713.976889413,-2200069.692064429,299.33143491878343,12.7
350500,700.9999999972473,-2742782.22480065,-2199142.3057753686,299.8806429767389,12.7
351000,701.9999999972237,-2742590.1729936153,-2198486.575483146,300.13641558909933,12.7
351500,702.9999999972,-2743669.7427955307,-2201248.3010024405,299.2085110691018,12.7
352000,703.9999999971764,-2739311.5679600555,-2195422.8519830685,300.017883431748,12.7
352500,704.9999999971527,-2741234.498070352,-2197059.911644997,300.1755742319715,12.7
353000,705.9999999971291,-2740897.4932141844,-2196765.29272681,300.15219345751024,12.7
353500,706.9999999971054,-2743185.8054662514,-2199163.7668207306,300.0914263894376,12.7
354000,707.9999999970818,-2741612.273553921,-2197903.6975580403,299.9185152811219,12.7
354500,708.9999999970581,-2743833.15966266,-2198083.3093465627,301.04451547760493,12.7
355000,709.9999999970345,-2743246.2068803012,-2199722.794970302,299.81637575238767,12.7
355500,710.9999999970108,-2744224.749497544,-2198445.7719014375,301.0605825601565,12.7
356000,711.9999999969872,-2743084.255286619,-2200240.2862468613,299.4415839873545,12.7
356500,712.9999999969635,-2741994.063179387,-2199313.50038708,299.35144643704376,12.7
357000,713.9999999969399,-2741356.490945585,-2199027.5752233816,299.1574721798325,12.7
357500,714.9999999969162,-2739491.4464164693,-2195568.4807748226,300.0367761051892,12.7
358000,715.9999999968926,-2742657.1657047383,-2198442.3065059497,300.19778935041495,12.7
358500,716.999999996869,-2740069.1849585995,-2196096.2785844775,300.064324227469,12.7
359000,717.9999999968453,-2741227.8205569703,-2196230.661365247,300.62931878133423,12.7
359500,718.9999999968217,-2742520.234276749,-2198434.4981370796,300.12656296575,12.7
360000,719.999999996798,-2743466.2404613104,-2199640.611579624,299.983083561392,12.7
360500,720.9999999967744,-2745766.1943567973,-2201675.0622997917,300.1295394417288,12.7
361000,721.9999999967507,-2739113.264206011,-2195404.696239241,299.91851085213347,12.7
361500,722.9999999967271,-2745861.029446304,-2201392.9215846136,300.3374854419016,12.7
362000,723.9999999967034,-2741399.15369289,-2198075.096803511,299.7064082726789,12.7
362500,724.9999999966798,-2742789.3544152062,-2200712.240596907,299.0185741441968,12.7
363000,725.9999999966561,-2743618.5213909373,-2200147.018905292,299.7877416675697,12.7
363500,726.9999999966325,-2740725.11688702,-2198384.346893967,299.16401118890803,12.7
364000,727.9999999966088,-2740830.0677609257,-2198155.432955038,299.34817646308386,12.7
364500,728.9999999965852,-2742952.755118603,-2198101.8157154573,300.5486615619505,12.7
365000,729.9999999965615,-2739570.5289120097,-2195633.7374378494,300.04440265982356,12.7
365500,730.9999999965379,-2740614.4092760496,-2196247.0867021964,300.281890633902,12.7
366000,731.9999999965142,-2741593.9823795557,-2197674.4922572887,300.0348589520337,12.7
366500,732.9999999964906,-2741640.650220014,-2198711.0708821993,299.4888080235748,12.7
367000,733.999999996467,-2741550.202627616,-2196820.625919697,300.48171592053546,12.7
367500,734.9999999964433,-2741956.2821663674,-2198027.0314003993,300.0402430822391,12.7
368000,735.9999999964197,-2737949.930730246,-2193654.466074292,300.24225263479906,12.7
368500,736.999999996396,-2744709.2699080463,-2201325.0181450127,299.7396127464194,12.7
369000,737.9999999963724,-2744878.2698116526,-2199989.1491541686,300.56972296436027,12.7
369500,738.9999999963487,-2740791.826836413,-2197111.46466089,299.9029520778072,12.7
370000,739.9999999963251,-2743362.86439953,-2200529.9359880877,299.4354937967665,12.7
370500,740.9999999963014,-2741548.7776769064,-2198457.531783633,299.577985931418,12.7
371000,741.9999999962778,-2742446.984756274,-2198179.6886002375,300.2267144309785,12.7
371500,742.9999999962541,-2740988.7353297547,-2196052.2531010737,300.59584837922756,12.7
372000,743.9999999962305,-2741491.754619129,-2198215.7942979154,299.67987742150035,12.7
372500,744.9999999962068,-2739000.74881031,-2195056.85371615,300.0483211324348,12.7
373000,745.9999999961832,-2741895.586161988,-2196286.310401473,300.9669722607825,12.7
373500,746.9999999961595,-2743844.1315361597,-2198843.9770242986,300.6309710487585,12.7
374000,747.9999999961359,-2746133.3010575157,-2202027.8442541487,300.1374412053761,12.7
374500,748.9999999961123,-2746617.2742379364,-2204257.1053808248,299.17471191860665,12.7
375000,749.9999999960886,-2738359.1835464705,-2194263.4899707055,300.1320556498487,12.7
375500,750.999999996065,-2741795.807247363,-2197272.4964255737,300.36793629473533,12.7
376000,751.9999999960413,-2740402.5118224025,-2195594.768055438,300.52483414476023,12.7
376500,752.9999999960177,-2743469.696764022,-2199880.7255363935,299.8525393408877,12.7
377000,753.999999995994,-2741791.096367823,-2196840.455973082,300.6036582544643,12.7
377500,754.9999999959704,-2741217.468657052,-2197097.7201206284,300.14532475834636,12.7
378000,755.9999999959467,-2741374.5174118914,-2199303.557165345,299.01517973368874,12.7
378500,756.9999999959231,-2740768.9929565396,-2199118.607179534,298.78318399913775,12.7
379000,757.9999999958994,-2743014.450634783,-2199841.182636046,299.623230662101,12.7
379500,758.9999999958758,-2744092.2007040754,-2198561.59678107,300.92357559252696,12.7
380000,759.9999999958521,-2745681.044337157,-2201219.568451841,300.3338271356042,12.7
380500,760.9999999958285,-2743112.151868541,-2198918.4815232754,300.18610123334327,12.7
381000,761.9999999958048,-2742074.767773697,-2195484.8151381304,301.50792961426436,12.7
381500,762.9999999957812,-2740903.670010958,-2196141.442793848,300.4997264737473,12.7
382000,763.9999999957575,-2738360.532073291,-2194790.79154147,299.84193137553814,12.7
382500,764.9999999957339,-2739982.7682045996,-2193714.8031430063,301.330316018694,12.7
383000,765.9999999957103,-2737984.7716811523,-2195208.341477306,299.4043284642954,12.7
383500,766.9999999956866,-2741983.212284928,-2200083.167585071,298.92089993148466,12.7
384000,767.999999995663,-2739462.932209708,-2195302.669202038,300.16767320124376,12.7
384500,768.9999999956393,-2740711.970797209,-2197575.4006982013,299.6029875022783,12.7
385000,769.9999999956157,-2740262.8576350994,-2196679.005361891,299.84971564216886,12.7
385500,770.999999995592,-2741591.6796917226,-2196028.235656478,300.94169073387144,12.7
386000,771.9999999955684,-2739747.8883647453,-2196442.9935913156,299.6958381370974,12.7
386500,772.9999999955447,-2741338.717374716,-2197486.9170840755,299.9975201372764,12.7
387000,773.9999999955211,-2740846.643929407,-2197691.1662729178,299.61341721925874,12.7
387500,774.9999999954974,-2741130.5303301737,-2197658.4524077075,299.78805908790224,12.7
388000,775.9999999954738,-2741272.9228425175,-2197611.7393123284,299.8923728243477,12.7
388500,776.9999999954501,-2745466.5002432317,-2201915.2815276585,299.83171443971145,12.7
389000,777.9999999954265,-2744246.413997704,-2201338.5258917343,299.4768427864296,12.7
389500,778.9999999954028,-2741942.71261853,-2199485.3379850853,299.2283322096994,12.7
390000,779.9999999953792,-2739644.0628937576,-2196635.273060792,299.5325018241676,12.7
390500,780.9999999953556,-2742044.021336386,-2198602.5959425233,299.771150653358,12.7
391000,781.9999999953319,-2739034.6394752655,-2196299.938896456,299.3813097227549,12.7
391500,782.9999999953083,-2740259.5804389026,-2196952.073094138,299.69727927404176,12.7
392000,783.9999999952846,-2741104.743954079,-2198209.0905775405,299.4700939101975,12.7
392500,784.999999995261,-2740270.152199164,-2200116.777091084,297.9574085065188,12.7
393000,785.9999999952373,-2741969.6426616255,-2197475.5455470784,300.35182153751293,12.7
393500,786.9999999952137,-2739656.457252754,-2194753.849217122,300.5771628220483,12.7
394000,787.99999999519,-2740802.117541503,-2196143.973405377,300.44231254927973,12.7
394500,788.9999999951664,-2740407.330754865,-2195459.7437670827,300.6019739454025,12.7
395000,789.9999999951427,-2741840.3000226617,-2200322.804057886,298.7098798120428,12.7
395500,790.9999999951191,-2741695.3061243016,-2197098.3704561037,300.4085489604123,12.7
396000,791.9999999950954,-2742382.892020235,-2199196.870602185,299.63026565612876,12.7
396500,792.9999999950718,-2741801.085680958,-2197608.293844871,300.1856166333566,12.7
397000,793.9999999950481,-2741777.288282346,-2198065.422720376,299.92032985941074,12.7
397500,794.9999999950245,-2741169.864830591,-2198263.6088797916,299.4759424630265,12.7
398000,795.9999999950008,-2742054.0037217345,-2199077.8051794637,299.514523936844,12.7
398500,796.9999999949772,-2740283.9775468204,-2197218.088884527,299.56399846937876,12.7
399000,797.9999999949536,-2741588.345459277,-2197426.7211910137,300.16842409478136,12.7
399500,798.9999999949299,-2741965.0764030274,-2198616.0007314496,299.72020904085235,12.7
400000,799.9999999949063,-2742552.926308062,-2198657.104613913,300.0218030611875,12.7
400500,800.9999999948826,-2741782.119150756,-2197673.573247742,300.139145203107,12.7
401000,801.999999994859,-2738293.249442626,-2195197.9724884713,299.58020953032343,12.7
401500,802.9999999948353,-2741243.1196341813,-2195705.8425422497,300.9272566213076,12.7
402000,803.9999999948117,-2741943.2404632755,-2196934.693004162,300.63560073530385,12.7
402500,804.999999994788,-2738677.5222440436,-2194101.0425720247,300.3972650994002,12.7
403000,805.9999999947644,-2741998.8810776416,-2200030.6278598905,298.95852486204404,12.7
403500,806.9999999947407,-2743483.243211802,-2199957.010144377,299.81793194882056,12.7
404000,807.9999999947171,-2742050.3287236895,-2198975.109437449,299.5691453936767,12.7
404500,808.9999999946934,-2742948.8070083167,-2200612.8442968545,299.16135941400336,12.7
405000,809.9999999946698,-2738697.4277660213,-2196251.7513299286,299.22187929330994,12.7
405500,810.9999999946461,-2740599.070891116,-2195707.0653275396,300.57131432559703,12.7
406000,811.9999999946225,-2741079.512454292,-2198386.694529521,299.35820656792185,12.7
406500,812.9999999945989,-2739484.924051689,-2194533.57104996,300.60405134009767,12.7
407000,813.9999999945752,-2743013.606693806,-2200165.7290036953,299.4437400626169,12.7
407500,814.9999999945516,-2742803.701418655,-2197362.1332927523,300.874461995183,12.7
408000,815.9999999945279,-2744386.9770572353,-2201345.0403555036,299.5507861774142,12.7
408500,816.9999999945043,-2740549.0126776714,-2196355.4690369535,300.1860313410489,12.7
409000,817.9999999944806,-2741262.7823280413,-2197942.5511736213,299.70429793489984,12.7
409500,818.999999994457,-2741684.026020147,-2197387.260617413,300.2429701479306,12.7
410000,819.9999999944333,-2740927.1770066265,-2196058.1942689437,300.5586145594643,12.7
410500,820.9999999944097,-2740336.0090542696,-2195259.8792059175,300.67288028308815,12.7
411000,821.999999994386,-2742402.95694519,-2199140.120244759,299.67263821830585,12.7
411500,822.9999999943624,-2743189.3369966205,-2200792.3953171903,299.1949964069511,12.7
412000,823.9999999943387,-2741164.670547204,-2197490.7312113866,299.8994091347061,12.7
412500,824.9999999943151,-2742581.119698338,-2198581.198015008,300.0792263124925,12.7
413000,825.9999999942914,-2741886.5086905155,-2197470.966300412,300.3084894707338,12.7
413500,826.9999999942678,-2741803.7407870255,-2198321.6138790287,299.7936022721621,12.7
414000,827.9999999942441,-2741042.9977441095,-2196903.5305311624,300.15620190181477,12.7
414500,828.9999999942205,-2741994.6349926293,-2196296.8813754097,301.01577808910616,12.7
415000,829.9999999941969,-2744289.5161339343,-2200779.481882562,299.8089964177765,12.7
415500,830.9999999941732,-2742314.813652741,-2198940.5043874974,299.73412830253324,12.7
416000,831.9999999941496,-2741390.85237791,-2197209.6175252623,300.17924161286396,12.7
416500,832.9999999941259,-2740884.4575829394,-2195775.0291655404,300.6912483166827,12.7
417000,833.9999999941023,-2740630.0654339064,-2196589.1678411793,300.10182929219764,12.7
417500,834.9999999940786,-2743281.879037481,-2201075.5159504227,299.0898701481571,12.7
418000,835.999999994055,-2742969.270236738,-2200250.308297383,299.3726280326251,12.7
418500,836.9999999940313,-2742329.6781484466,-2199986.251186852,299.1654768160755,12.7
419000,837.9999999940077,-2741181.734705353,-2197838.5278021568,299.71697173252744,12.7
419500,838.999999993984,-2739105.293200614,-2197260.0221612696,298.89068588730237,12.7
420000,839.9999999939604,-2737027.87698487,-2194584.861634407,299.2204113950894,12.7
420500,840.9999999939367,-2741935.8190694842,-2199260.1523430096,299.34874568730424,12.7
421000,841.9999999939131,-2745107.2048417106,-2201278.9136483995,299.98455213589125,12.7
421500,842.9999999938894,-2744193.746600844,-2200061.3790992172,300.15228558529515,12.7
422000,843.9999999938658,-2742047.549364891,-2195057.5406449838,301.7286070730018,12.7
422500,844.9999999938422,-2744445.816201547,-2199698.510182267,300.4914956977452,12.7
423000,845.9999999938185,-2744182.405047752,-2199942.324615854,300.2117017938116,12.7
423500,846.9999999937949,-2741821.6079613212,-2196959.5538386926,300.5547926224344,12.7
424000,847.9999999937712,-2740141.5297116432,-2195808.961567081,300.26271952406,12.7
424500,848.9999999937476,-2741409.226769967,-2199882.0476838853,298.7152211796311,12.7
425000,849.9999999937239,-2742396.017472049,-2199809.9128144085,299.29934178989265,12.7
425500,850.9999999937003,-2740836.716214435,-2196670.9960035845,300.17068348349403,12.7
426000,851.9999999936766,-2741577.654469082,-2197654.5954654864,300.0368276051625,12.7
426500,852.999999993653,-2740701.5319420137,-2195315.12441043,300.84403451200427,12.7
427000,853.9999999936293,-2740626.5571535192,-2195803.434853995,300.53331719405577,12.7
427500,854.9999999936057,-2741125.3286668546,-2197474.8548835297,299.88646515336296,12.7
428000,855.999999993582,-2739461.66830289,-2195039.3122149576,300.31224801754826,12.7
428500,856.9999999935584,-2742001.852279462,-2196896.7379309614,300.68886860594057,12.7
429000,857.9999999935347,-2743582.4194921777,-2199030.3250457617,300.3838138113748,12.7
429500,858.9999999935111,-2743184.7681891527,-2199136.3231195076,300.1059926035214,12.7
430000,859.9999999934874,-2741802.3612878677,-2198432.8014065293,299.73150846493616,12.7
430500,860.9999999934638,-2742060.2552829925,-2198005.875422907,300.1092663306906,12.7
431000,861.9999999934402,-2741009.4844488576,-2195951.546996132,300.66284506104716,12.7
431500,862.9999999934165,-2741892.8268091436,-2197335.720326243,300.3865785324173,12.7
432000,863.9999999933929,-2741158.8353107106,-2196442.324162407,300.47450874482735,12.7
432500,864.9999999933692,-2742458.3063199613,-2199596.982060031,299.4511574097655,12.7
433000,865.9999999933456,-2744060.996593781,-2199123.9256563424,300.59617312057657,12.7
433500,866.9999999933219,-2740637.0661933385,-2197762.6684952066,299.45836893143013,12.7
434000,867.9999999932983,-2739755.0649664756,-2194576.3592823064,300.7294627865472,12.7
434500,868.9999999932746,-2739866.195183493,-2194946.7159219263,300.58646926534675,12.7
435000,869.999999993251,-2740465.2358635496,-2196642.3187359655,299.9815877136161,12.7
435500,870.9999999932273,-2738047.764448708,-2195092.4119580174,299.50302491491306,12.7
436000,871.9999999932037,-2744421.9473286867,-2198878.7258061175,300.93053566616686,12.7
436500,872.99999999318,-2740621.5351687036,-2197052.6335658403,299.84146860864706,12.7
437000,873.9999999931564,-2742892.7950113434,-2199247.1686408017,299.88379124143825,12.7
437500,874.9999999931327,-2742239.715503741,-2199400.3627752387,299.4390375548006,12.7
438000,875.9999999931091,-2741453.4328073673,-2197573.549236006,300.0130113327987,12.7
438500,876.9999999930855,-2741808.1910526734,-2197362.9602201954,300.3248660995953,12.7
439000,877.9999999930618,-2741055.6832407266,-2197561.221790949,299.8004062065139,12.7
439500,878.9999999930382,-2746961.735848436,-2205733.3059032653,298.5504262826234,12.7
440000,879.9999999930145,-2744469.777913971,-2201332.8911992316,299.60316215267795,12.7
440500,880.9999999929909,-2741467.8610409126,-2197524.03838869,300.04828117228107,12.7
441000,881.9999999929672,-2743318.805641163,-2199326.217377013,300.07518107890684,12.7
441500,882.9999999929436,-2742359.452448018,-2197424.8153858352,300.5948305553031,12.7
442000,883.9999999929199,-2738208.0699680373,-2194182.8970274734,300.09315531768567,12.7
442500,884.9999999928963,-2738815.4868042804,-2194760.962053883,300.10934625454917,12.7
443000,885.9999999928726,-2740743.075484466,-2196942.5076746927,299.9692594655226,12.7
443500,886.999999992849,-2743521.232146589,-2199662.2691201055,300.0014712191504,12.7
444000,887.9999999928253,-2742518.4813194983,-2198574.868089344,300.04816565165356,12.7
444500,888.9999999928017,-2743669.5988012366,-2201584.4419619394,299.02301080571476,12.7
445000,889.999999992778,-2745753.047581341,-2200818.1386132166,300.59498054305385,12.7
445500,890.9999999927544,-2744718.623532869,-2199396.8722516512,300.8083690701307,12.7
446000,891.9999999927307,-2741908.1901276205,-2198074.011681184,299.98779964070246,12.7
446500,892.9999999927071,-2743827.510909073,-2198538.4473868334,300.7903379693289,12.7
447000,893.9999999926835,-2743124.5938815903,-2198397.857956472,300.4801488984259,12.7
447500,894.9999999926598,-2743313.8494777493,-2199296.5805716505,300.0887953234052,12.7
448000,895.9999999926362,-2746132.956234034,-2202055.0983626703,300.12221718450314,12.7
448500,896.9999999926125,-2742333.52921018,-2197473.0249585677,300.5539376883125,12.7
449000,897.9999999925889,-2745234.535402283,-2200613.589126476,300.4217936030446,12.7
449500,898.9999999925652,-2745236.091374336,-2201539.915983908,299.91167490497145,12.7
450000,899.9999999925416,-2744702.33127933,-2201576.33263659,299.59715611464117,12.7
450500,900.9999999925179,-2743874.532648312,-2199956.1263267817,300.03426110987675,12.7
451000,901.9999999924943,-2740584.259191053,-2195413.6523931585,300.7249953088318,12.7
451500,902.9999999924706,-2743911.001800107,-2199977.5377611946,300.0425671922896,12.7
452000,903.999999992447,-2743060.2628074884,-2198152.1291700113,300.5802108341169,12.7
452500,904.9999999924233,-2743805.662967665,-2199935.521769381,300.00763728096746,12.7
453000,905.9999999923997,-2743531.94645896,-2199976.8140772274,299.83387328177434,12.7
453500,906.999999992376,-2742911.0921888687,-2198602.9921829053,300.2492224998742,12.7
454000,907.9999999923524,-2741207.229253255,-2195839.098030964,300.8339530018167,12.7
454500,908.9999999923288,-2740791.4850113913,-2196934.95447604,300.0001294173822,12.7
455000,909.9999999923051,-2744228.168741798,-2201339.965974206,299.4659840328258,12.7
455500,910.9999999922815,-2744450.0631504524,-2201374.073515024,299.5695703308488,12.7
456000,911.9999999922578,-2742773.3279368095,-2197565.911510328,300.7453001001139,12.7
456500,912.9999999922342,-2742125.8858610317,-2199173.650318593,299.50130555543797,12.7
457000,913.9999999922105,-2743232.146790039,-2198495.9648237843,300.4853594887269,12.7
457500,914.9999999921869,-2741251.8115767203,-2199428.2936288286,298.8786865273893,12.7
458000,915.9999999921632,-2741580.4125677925,-2198688.066400922,299.4682695994228,12.7
458500,916.9999999921396,-2741814.824373858,-2197707.4643003456,300.1384910802197,12.7
459000,917.9999999921159,-2743703.365656374,-2198555.4004951483,300.7125058128904,12.7
459500,918.9999999920923,-2743539.1464501247,-2197651.9071408147,301.1203014862859,12.7
460000,919.9999999920686,-2743530.0607979298,-2200429.4990575314,299.58312470458003,12.7
460500,920.999999992045,-2742670.415126756,-2198598.0219768723,300.1192027550366,12.7
461000,921.9999999920213,-2739843.3169998415,-2196726.766465963,299.5919443837489,12.7
461500,922.9999999919977,-2742876.794787878,-2198923.2972141574,300.05361801672166,12.7
462000,923.999999991974,-2741692.8409556337,-2197936.317021221,299.94496414577156,12.7
462500,924.9999999919504,-2742327.065344369,-2199470.724916779,299.448408246589,12.7
463000,925.9999999919268,-2744095.364092568,-2200984.0089593744,299.5890785160239,12.7
463500,926.9999999919031,-2743745.13688023,-2201506.3227858758,299.107770652871,12.7
464000,927.9999999918795,-2741908.8454079553,-2196998.214137131,300.5815885693933,12.7
464500,928.9999999918558,-2742319.886692792,-2198864.1284626853,299.7790568795163,12.7
465000,929.9999999918322,-2745129.603951983,-2201744.5454776436,299.7400577415284,12.7
465500,930.9999999918085,-2743973.0805926733,-2199845.110675881,300.1498598058009,12.7
466000,931.9999999917849,-2741335.7992422227,-2197855.693308221,299.7924874699558,12.7
466500,932.9999999917612,-2743503.627752915,-2198748.0877894443,300.49603767560933,12.7
467000,933.9999999917376,-2743783.4219769463,-2200163.4083698723,299.8696628235126,12.7
467500,934.9999999917139,-2742871.837874567,-2195790.018182562,301.77925150212025,12.7
468000,935.9999999916903,-2742036.6593204085,-2199269.5285520894,299.3991987440385,12.7
468500,936.9999999916666,-2742342.737066027,-2200160.8400476063,299.0763742657956,12.7
469000,937.999999991643,-2740389.9931774344,-2195117.71879575,300.7810768056643,12.7
469500,938.9999999916193,-2741521.5351629816,-2197109.6585913626,300.3064673454892,12.7
470000,939.9999999915957,-2742064.4704264402,-2198435.690448552,299.87449849658293,12.7
470500,940.999999991572,-2740441.689627068,-2197985.680754329,299.2275788338265,12.7
471000,941.9999999915484,-2740270.83251773,-2197438.3479571985,299.4352489613677,12.7
471500,942.9999999915248,-2741122.647752708,-2195616.292715602,300.9101995117046,12.7
472000,943.9999999915011,-2742183.346120199,-2196830.2665736396,300.8256502520771,12.7
472500,944.9999999914775,-2742633.064270586,-2198298.9600162255,300.2635668672699,12.7
473000,945.9999999914538,-2742695.9669432268,-2200182.281653277,299.2593940859308,12.7
473500,946.9999999914302,-2741280.302272154,-2197663.970139638,299.8676320621226,12.7
474000,947.9999999914065,-2742082.8694177642,-2200265.471811022,298.8753104474235,12.7
474500,948.9999999913829,-2741766.379007779,-2197848.3043299583,300.0340781697994,12.7
475000,949.9999999913592,-2743126.698574571,-2200586.0318964026,299.2742774595835,12.7
475500,950.9999999913356,-2743847.8056534603,-2199131.967521557,300.4741374980079,12.7
476000,951.9999999913119,-2741283.9471033327,-2198565.179829092,299.372520652174,12.7
476500,952.9999999912883,-2740108.2925405633,-2196023.855501554,300.125846360645,12.7
477000,953.9999999912646,-2741613.0443681963,-2197887.5542692193,299.9278453761617,12.7
477500,954.999999991241,-2742347.0833742637,-2199591.502468161,299.39282765172817,12.7
478000,955.9999999912174,-2741930.479832124,-2196462.127466698,300.88923661840084,12.7
478500,956.9999999911937,-2739396.2357293777,-2196063.981956633,299.7109298071878,12.7
479000,957.9999999911701,-2744944.9673643876,-2202018.2714198153,299.4872174968506,12.7
479500,958.9999999911464,-2740423.039840935,-2195984.234485971,300.321321701436,12.7
480000,959.9999999911228,-2743658.3969216403,-2199578.7233693525,300.1232187437041,12.7
480500,960.9999999910991,-2743467.9189787507,-2198998.857720495,300.33801135099156,12.7
481000,961.9999999910755,-2742437.146269547,-2197161.5861551478,300.78288926940104,12.7
481500,962.9999999910518,-2742101.764359394,-2199104.471339249,299.5261599947691,12.7
482000,963.9999999910282,-2739188.7171699256,-2195479.185839,299.9190422595087,12.7
482500,964.9999999910045,-2741183.798138736,-2198001.7983064475,299.62804728385373,12.7
483000,965.9999999909809,-2745833.0134468917,-2202979.822704627,299.44667082881006,12.7
483500,966.9999999909572,-2742763.1638218686,-2198683.3174640564,300.12331406604903,12.7
484000,967.9999999909336,-2742134.9602439124,-2198100.352160227,300.0983598964643,12.7
484500,968.9999999909099,-2740870.461447919,-2198194.049709542,299.3491566480162,12.7
485000,969.9999999908863,-2741339.806980716,-2196701.4884897405,300.43137640017255,12.7
485500,970.9999999908626,-2743906.0631219856,-2200105.856688216,299.9690601246273,12.7
486000,971.999999990839,-2741919.7630081754,-2198390.0606981125,299.81984563962317,12.7
486500,972.9999999908154,-2740838.4572591465,-2196209.4307213416,300.42625080730494,12.7
487000,973.9999999907917,-2737660.1702276096,-2194304.206730958,299.7240084774638,12.7
487500,974.9999999907681,-2743337.584825497,-2199950.485535174,299.74118348889897,12.7
488000,975.9999999907444,-2744721.0851684175,-2198642.3700642195,301.2259226566158,12.7
488500,976.9999999907208,-2742683.0115926713,-2198221.65147375,300.33376327697346,12.7
489000,977.9999999906971,-2743901.6218458842,-2203149.278465105,298.28780917146935,12.7
489500,978.9999999906735,-2741670.9559419863,-2197390.464492716,300.23399316986536,12.7
490000,979.9999999906498,-2742252.1530597154,-2195665.7512759166,301.5059709065352,12.7
490500,980.9999999906262,-2742734.2887479346,-2199383.4087364096,299.72120434418565,12.7
491000,981.9999999906025,-2740546.2330432255,-2194427.6900440156,301.24789237286825,12.7
491500,982.9999999905789,-2740821.0320837647,-2197361.596873415,299.7810851617686,12.7
492000,983.9999999905552,-2744657.9687170107,-2201747.6022555786,299.4782098877105,12.7
492500,984.9999999905316,-2743411.8856185954,-2198987.4311027885,300.3134055445772,12.7
493000,985.999999990508,-2740620.1053418647,-2194940.6602552766,301.00567880510306,12.7
493500,986.9999999904843,-2737099.8430993855,-2193112.3709621723,300.072358939874,12.7
494000,987.9999999904607,-2740697.360306224,-2198405.9170325445,299.13680176626605,12.7
494500,988.999999990437,-2740945.021855166,-2198437.0651542447,299.2562341028225,12.7
495000,989.9999999904134,-2744072.6416234467,-2199776.804409397,300.24245814391907,12.7
495500,990.9999999903897,-2742264.8361348007,-2197767.494846401,300.35361107670366,12.7
496000,991.9999999903661,-2739617.257765319,-2196398.109969206,299.6485387063693,12.7
496500,992.9999999903424,-2744116.6403222736,-2201744.657814,299.18122852120035,12.7
497000,993.9999999903188,-2741665.9742287155,-2199991.6223598765,298.7964040861424,12.7
497500,994.9999999902951,-2741303.152404314,-2198302.6494459147,299.5279306490457,12.7
498000,995.9999999902715,-2741832.5478620343,-2197308.8804826727,300.3681329777055,12.7
498500,996.9999999902478,-2741862.0152594466,-2197707.6246997532,300.164433863194,12.7
499000,997.9999999902242,-2743382.9840873946,-2199532.273585776,299.99691899188366,12.7
499500,998.9999999902005,-2741453.082006339,-2198753.899526134,299.3617173604685,12.7
500000,999.9999999901769,-2744853.011255631,-2202466.122380276,299.1894511163197,12.7
